10 0.5900297625 0.4527897 0.5914991833333333 0.4538626609375 0.66276610625 0.4222103 0.6649702375000001 0.4179184546875 0.6524801583333333 0.4002145921875 0.6480718958333332 0.384656653125 0.6443983416666667 0.3771459234375 0.6275 0.35944205937499996 0.6120710791666667 0.336909871875 0.6094995916666667 0.34120171718750003 0.5907644729166667 0.44366952812499993 0.5900297625 0.4527897
8 0.7104575895833333 0.299892703125 0.7048214291666667 0.306866953125 0.7021912208333333 0.324034334375 0.7018154770833333 0.339592275 0.7048214291666667 0.35944205937499996 0.7115848208333334 0.36963519375 0.7190997020833334 0.3707081546875 0.723984375 0.36856223125 0.739765625 0.3556866953125 0.7435230645833334 0.33798283281249997 0.7438988104166667 0.324034334375 0.74089285625 0.3138412015625 0.7345052083333333 0.30579399218750003 0.7202269354166667 0.29881974218749996 0.7104575895833333 0.299892703125
4 0.5720873750000001 0.3170600859375 0.5735416666666667 0.3079399140625 0.5724509479166666 0.2982832625 0.5411836791666667 0.26824034375 0.5240957520833333 0.24248927031249998 0.49937279375 0.175965665625 0.49682778333333333 0.160407725 0.4913741916666667 0.1507510734375 0.48337558750000004 0.1502145921875 0.4790127125 0.1555793984375 0.46337907916666665 0.207618025 0.45647119375 0.2247854078125 0.4557440479166667 0.2312231765625 0.45974335 0.24087982812500003 0.47319554583333334 0.25 0.4870113166666667 0.2639484984375 0.5008270874999999 0.2864806859375 0.5102799833333334 0.3138412015625 0.5139157104166666 0.3347639484375 0.5190057312499999 0.3433476390625 0.5262771895833334 0.342811159375 0.5491822833333334 0.3288626609375 0.5684516458333333 0.32135193125 0.5720873750000001 0.3170600859375
4 0.39958152916666667 0.396459228125 0.40139881041666664 0.3910944203125 0.4010353541666667 0.3825107296875 0.3952200583333333 0.37339055781249997 0.37632034583333335 0.371781115625 0.34797077916666663 0.3648068671875 0.3214384916666667 0.3492489265625 0.2949062041666667 0.325107296875 0.29018127708333336 0.324570815625 0.28581980625000003 0.32725321875 0.28182178958333337 0.3353004296875 0.2814583333333333 0.3433476390625 0.2847294375 0.36319742499999996 0.28327561458333333 0.40557939843749996 0.2847294375 0.40987124531249997 0.2898178208333333 0.41523605156250004 0.3272537875 0.42650214531249997 0.3483342354166667 0.43776824062499997 0.3592379145833334 0.44581545 0.37014159375 0.449034334375 0.3774107145833333 0.4383047203125 0.38867785 0.41148068593750003 0.39958152916666667 0.396459228125
4 0.35869173125000003 0.5633047203125 0.3397939979166667 0.5761802578124999 0.31290106874999996 0.586909871875 0.28564472291666665 0.58905579375 0.2569347041666667 0.5842274671875 0.2500297625 0.58905579375 0.25039317916666665 0.5981759656250001 0.26638356875 0.61856223125 0.2743787645833333 0.63626609375 0.2809202875 0.6416309015625 0.28564472291666665 0.6416309015625 0.31617183125000003 0.6325107296875 0.3608722395833333 0.6266094421874999 0.36450641874999995 0.6217811156249999 0.36523325416666663 0.5954935625 0.3706845229166667 0.5740343343750001 0.3674137625 0.565987125 0.35869173125000003 0.5633047203125
0 0.2485135375 0.539163090625 0.245170825 0.532725321875 0.24145670416666667 0.5311158796875 0.23811399375 0.5343347640625 0.22734303749999998 0.53594420625 0.21657207916666668 0.5268240343749999 0.21211513541666666 0.5257510734374999 0.21137230833333334 0.5348712453125 0.20431547708333334 0.5466738203125 0.2046868875 0.549892703125 0.21694349375 0.5493562234375 0.2243717375 0.55364806875 0.22882868541666665 0.5600858375 0.23105716041666666 0.5718884125 0.24814212291666668 0.5670600859375 0.25557036666666666 0.562768240625 0.25557036666666666 0.5547210296875 0.25854166666666667 0.5461373390625 0.2485135375 0.539163090625
11 0.10530440625 0.473712446875 0.07359701458333333 0.4833690984375 0.021115810416666665 0.50536480625 0.020386904166666667 0.5166309015625 0.029498225 0.5997854078125 0.03168494166666667 0.61266094375 0.035329470833333335 0.61373390625 0.06120561666666667 0.5901287546875 0.0783349 0.57725321875 0.11696689791666667 0.48819742499999996 0.12425595208333333 0.46995708125 0.12425595208333333 0.466738196875 0.11988251874999999 0.46620171718750003 0.10858448333333334 0.46995708125 0.10530440625 0.473712446875
8 0.5058321270833334 0.41523605156250004 0.49729408124999996 0.41845493593749994 0.48875603125 0.4281115875 0.48467261875 0.43937768281249995 0.4854150583333333 0.46405579374999995 0.48912725208333335 0.47693133125 0.4976652979166667 0.4919527890625 0.50805944375 0.49785407656249997 0.5154838333333334 0.49785407656249997 0.5277340729166666 0.48444205937499996 0.5351584625 0.472639484375 0.5396130958333334 0.454935621875 0.5381282166666667 0.43508583749999996 0.5314462666666667 0.42650214531249997 0.5132565145833333 0.41577253281250004 0.5058321270833334 0.41523605156250004
8 0.4654154770833333 0.5600858375 0.45233214374999997 0.5633047203125 0.44485595208333334 0.5686695281249999 0.44111785625 0.5777897000000001 0.44074404791666666 0.591738196875 0.4422392854166667 0.5971030046875 0.45233214374999997 0.6089055796875 0.46691071458333333 0.609978540625 0.470275 0.613197425 0.47775118958333335 0.6121244640625 0.48634881041666667 0.6013948499999999 0.4874702375 0.5874463515625 0.4856011895833333 0.575107296875 0.48298452291666666 0.5686695281249999 0.4766297625 0.562231759375 0.4654154770833333 0.5600858375
8 0.48911077291666666 0.6013948499999999 0.4864922083333333 0.616416309375 0.48574404791666664 0.6271459234375001 0.4898589333333333 0.6378755359375 0.5119296854166666 0.6384120171875 0.5231521 0.6319742484375 0.5306337104166666 0.6207081546875 0.5317559520833333 0.6051502140625 0.5295114708333333 0.598712446875 0.52277801875 0.591738196875 0.5096852000000001 0.5879828328125 0.5014554291666667 0.5885193140625 0.4921034166666667 0.59495708125 0.48911077291666666 0.6013948499999999
7 0.7648785395833334 0.36319742499999996 0.7575579166666666 0.4211373390625 0.75717261875 0.43508583749999996 0.7583285083333333 0.43884120156249995 0.7614108749999999 0.44259656718749996 0.7683462041666667 0.4415236046875 0.7764374208333333 0.4297210296875 0.78375804375 0.40933476406249997 0.7856845229166667 0.39484978593750003 0.7841433395833334 0.3787553640625 0.7799050833333333 0.3701716734375 0.7691167958333334 0.359978540625 0.7660344270833334 0.360515021875 0.7648785395833334 0.36319742499999996
7 0.8357440479166667 0.4211373390625 0.8365205229166667 0.5128755359375 0.8372969958333333 0.515021459375 0.8400146583333333 0.515021459375 0.8497205916666667 0.50643776875 0.8578735770833333 0.49087982812500003 0.8613677166666667 0.48015021406249997 0.8617559520833333 0.4683476390625 0.8590382895833333 0.449570815625 0.8528264916666667 0.43562231718750005 0.8419558458333333 0.41952789687500003 0.8372969958333333 0.41845493593749994 0.8357440479166667 0.4211373390625
7 0.86532738125 0.6233905578125001 0.8622251395833334 0.5600858375 0.8560206583333334 0.5219957078124999 0.85214285625 0.509120171875 0.847877275 0.509120171875 0.8432239145833333 0.515021459375 0.8432239145833333 0.5284334765625001 0.8408972333333333 0.5461373390625 0.8428361354166667 0.5663449578125 0.842060575 0.5944206015625 0.8389583333333334 0.615343346875 0.83973389375 0.6298283265625 0.8412850125 0.6330472109375 0.8389583333333334 0.693133046875 0.8408972333333333 0.704935621875 0.8486528354166667 0.7092274671875 0.8525306374999999 0.7043991421875 0.8610618 0.674892703125 0.8645518208333333 0.6475321890625 0.86532738125 0.6233905578125001
7 0.9064552812500001 0.6169527890625 0.9037683145833333 0.6437768234375 0.8911011895833333 0.7913090125 0.8926366 0.799892703125 0.896858975 0.799892703125 0.9014652020833334 0.7929184546875 0.9114453604166666 0.7677038625 0.9187385541666667 0.734442059375 0.9210416666666668 0.7060085843749999 0.9202739624999999 0.663626609375 0.9156677354166667 0.6325107296875 0.9122130645833334 0.6207081546875 0.9079906916666667 0.6142703859374999 0.9064552812500001 0.6169527890625
7 0.8893154770833333 0.8669527890625 0.8932954 0.866416309375 0.9040412 0.8524678109374999 0.9076231333333333 0.841738196875 0.9096130958333333 0.8277897 0.9032452166666667 0.8052575109375001 0.9008572583333333 0.8020386265624999 0.8968773333333334 0.8020386265624999 0.8956833562500001 0.8041845500000001 0.8944893791666666 0.8347639484375 0.8893154770833333 0.8669527890625
3 0.7723511895833333 0.533261803125 0.7759481291666667 0.5305793984375 0.7827423479166666 0.52306866875 0.7835416666666667 0.5048283265625 0.7723511895833333 0.49946351875 0.7707525520833334 0.515021459375 0.76435799375 0.5219957078124999 0.7639583333333333 0.5278969953125 0.7659566333333333 0.532725321875 0.7723511895833333 0.533261803125
3 0.7271119270833334 0.4742489265625 0.7338778020833333 0.46942060156250004 0.7390517041666667 0.4624463515625 0.7410416666666666 0.45600858437499997 0.72432598125 0.4511802578125 0.7223360166666667 0.4527897 0.7207440479166666 0.46030042968749996 0.7211420395833333 0.4710300421875 0.7231320020833334 0.4742489265625 0.7271119270833334 0.4742489265625
3 0.7874702374999999 0.5611587984375 0.78348214375 0.54774678125 0.7759047625 0.5396995703125 0.7711190479166666 0.5396995703125 0.7675297625 0.5520386265624999 0.7679285708333333 0.562768240625 0.7759047625 0.5686695281249999 0.7830833333333334 0.5665236046875 0.7874702374999999 0.5611587984375
3 0.8306845229166666 0.615879828125 0.8286507937500001 0.6056866953125 0.8213293645833333 0.598712446875 0.8160416666666667 0.5992489265625001 0.8136011895833334 0.609978540625 0.8140079375 0.6233905578125001 0.8168551583333333 0.6282188843750001 0.8213293645833333 0.6271459234375001 0.8306845229166666 0.615879828125
3 0.8138921958333333 0.6947424890625 0.8247850520833333 0.6824034328125 0.8263988104166666 0.6759656656249999 0.8259953708333333 0.66684549375 0.8211541 0.6652360515625 0.814699075 0.6732832625 0.8094543666666667 0.6765021453125 0.8082440479166666 0.6781115875 0.8094543666666667 0.6920600859375 0.8138921958333333 0.6947424890625
3 0.8208679729166667 0.7687768234375 0.8294764833333333 0.7548283265625 0.8310416666666666 0.7478540765624999 0.8263461166666667 0.738197425 0.8196940854166667 0.7360515015625 0.8122594666666667 0.740343346875 0.8075639145833333 0.7510729609375 0.80717261875 0.76716738125 0.8099116895833334 0.776287553125 0.8208679729166667 0.7687768234375
3 0.8214903854166666 0.79774678125 0.82343635625 0.800429184375 0.8281066854166668 0.8015021453125 0.831998625 0.799892703125 0.84250686875 0.7896995703125 0.8456204208333333 0.7843347640625 0.8463988104166666 0.7789699578125 0.84406364375 0.7757510734374999 0.8273282979166667 0.76716738125 0.8238255479166666 0.7725321890625 0.8211011895833333 0.78594420625 0.8214903854166666 0.79774678125
3 0.7745344791666666 0.7542918453125 0.77532738125 0.7457081546875 0.7717593229166667 0.738197425 0.7586764375 0.7306866953125 0.7543154770833334 0.734442059375 0.7543154770833334 0.752682403125 0.7574870833333333 0.7607296140625001 0.7622444958333333 0.76126609375 0.7745344791666666 0.7542918453125
2 0.7686607145833333 0.8304721031250001 0.7734464291666666 0.8315450640625001 0.77982738125 0.8283261796874999 0.7834166666666668 0.8240343343750001 0.7846130958333333 0.8143776828125 0.7810238104166667 0.8063304718750001 0.7754404770833333 0.8063304718750001 0.7694583333333332 0.8106223171875 0.76467261875 0.8192060078125 0.7658690479166667 0.8272532187499999 0.7686607145833333 0.8304721031250001
8 0.7515187187500001 0.918991415625 0.7507440479166667 0.9265021453125 0.7530680625 0.940987125 0.7542300729166667 0.9452789703125 0.7569414250000001 0.9468884125000001 0.7735968791666666 0.9361587984374999 0.7774702375 0.925429184375 0.77630823125 0.9098712453125 0.77243486875 0.9034334765625 0.7681741729166667 0.9002145921875 0.7650754833333333 0.9002145921875 0.7577160979166667 0.9061158796875001 0.7515187187500001 0.918991415625
7 0.8598130041666666 0.741416309375 0.8613988104166667 0.734442059375 0.8606059062500001 0.72693133125 0.8522804354166666 0.7103004296875 0.8483159270833334 0.711373390625 0.8463336708333333 0.714592275 0.8403869041666667 0.734442059375 0.8403869041666667 0.7510729609375 0.8443514145833333 0.75643776875 0.8598130041666666 0.741416309375
3 0.16458333333333333 0.6453125 0.17291666666666666 0.6515625 0.18541666666666667 0.6484375 0.18958333333333333 0.65 0.18958333333333333 0.6625 0.17083333333333334 0.665625 0.1625 0.6625 0.1625 0.659375 0.15833333333333333 0.6578125 0.15833333333333333 0.65 0.16458333333333333 0.646875
3 0.2770622833333333 0.657725321875 0.2640556041666667 0.6555793984375 0.24645833333333333 0.6561158796875 0.24798852916666667 0.6620171671875 0.25563951875 0.6684549359374999 0.26711599999999996 0.6684549359374999 0.27782738125 0.66094420625 0.2770622833333333 0.657725321875
11 0.47453813958333335 0.6534334765625001 0.47088955208333333 0.64914163125 0.4420656958333333 0.66094420625 0.40412037083333335 0.67918455 0.3997420625 0.6829399140625 0.39645833333333336 0.699570815625 0.4037555104166667 0.705472103125 0.48511904791666666 0.7516094421874999 0.4894973541666667 0.7516094421874999 0.49314594166666664 0.7478540765624999 0.49241622500000004 0.74356223125 0.4942405208333333 0.740879828125 0.49497023749999997 0.7339055796875 0.49351080208333337 0.7306866953125 0.49278108541666665 0.7188841203125 0.47709215208333333 0.6614806859375 0.47453813958333335 0.6534334765625001
4 0.7075906395833333 0.70225321875 0.70348845625 0.7011802578124999 0.68596095 0.705472103125 0.6706709958333333 0.70225321875 0.6673146645833333 0.7043991421875 0.6639583333333333 0.7103004296875 0.6647041854166668 0.7242489265625001 0.6702980708333333 0.7457081546875 0.6751461041666666 0.7532188843750001 0.6881985020833333 0.7628755359375 0.6952840916666666 0.7628755359375 0.7008779770833333 0.759120171875 0.7075906395833333 0.7505364812499999 0.7113198958333334 0.741416309375 0.7128115979166666 0.7339055796875 0.7131845229166667 0.7135193140625 0.7113198958333334 0.7065450640625001 0.7075906395833333 0.70225321875
8 0.53531129375 0.7478540765624999 0.53954955 0.7516094421874999 0.5541907979166666 0.7542918453125 0.5584290541666667 0.7478540765624999 0.5599702375 0.740879828125 0.55573198125 0.7360515015625 0.53762306875 0.7263948499999999 0.5329995166666667 0.7263948499999999 0.5314583333333334 0.728540771875 0.53184363125 0.7392703859374999 0.53531129375 0.7478540765624999
7 0.7091908479166666 0.9313304718750001 0.7017224708333334 0.9007510734374999 0.69649460625 0.8948497859375 0.683051525 0.8969957078125 0.66736793125 0.8959227468750001 0.6655008375 0.9002145921875 0.6684881895833333 0.9098712453125 0.6684881895833333 0.9179184546875 0.6722223791666667 0.934012875 0.6725957958333333 0.943133046875 0.6703552833333333 0.9656652359375 0.6628869041666667 0.9839055796875 0.663260325 0.99463519375 0.66662109375 0.9994635187500001 0.7065769166666667 0.9994635187500001 0.7099376854166667 0.97585836875 0.7106845229166667 0.9490343343750001 0.7091908479166666 0.9313304718750001
11 0.3686978791666667 0.7548283265625 0.35582774375 0.7365879828125 0.34222217083333334 0.7124463515625 0.3385449916666667 0.714592275 0.30324404791666665 0.7687768234375 0.30324404791666665 0.7789699578125 0.30471492083333335 0.782188840625 0.3271457270833333 0.8186695281249999 0.3337646541666667 0.824570815625 0.33560324583333334 0.8315450640625001 0.33744183541666667 0.83315450625 0.34075129791666664 0.8320815453125 0.35141512708333333 0.8208154499999999 0.37053646875 0.788090128125 0.3756845229166667 0.7757510734374999 0.3756845229166667 0.770922746875 0.3686978791666667 0.7548283265625
11 0.22906655833333334 0.9034334765625 0.23175595208333333 0.8851931328125 0.23137175416666667 0.8712446359375001 0.20716720833333332 0.86963519375 0.2048620125 0.8723175968750001 0.20217261875 0.9007510734374999 0.20294101666666667 0.9050429187500001 0.22407197083333333 0.908261803125 0.22906655833333334 0.9034334765625
11 0.0510698625 0.342274678125 0.0524702375 0.3283261796875 0.045001566666666666 0.32725321875 0.044534775 0.330472103125 0.04360118958333334 0.34120171718750003 0.0510698625 0.342274678125
11 0.23339952083333332 0.9211373390625001 0.24854077708333333 0.9238197421875001 0.25552905 0.9222103 0.2574702375 0.89806866875 0.2574702375 0.8868025749999999 0.2563055270833333 0.8851931328125 0.23534070833333331 0.8851931328125 0.23262304583333335 0.889484978125 0.23184657083333335 0.9002145921875 0.23145833333333332 0.9179184546875 0.23339952083333332 0.9211373390625001
3 0.2642559520833333 0.7789699578125 0.26386160833333333 0.7752145921875 0.25912946458333336 0.7725321890625 0.245721725 0.771459228125 0.24256696458333332 0.77414163125 0.24217261875 0.78004291875 0.24690476249999999 0.79184549375 0.2555803583333333 0.7896995703125 0.2642559520833333 0.7789699578125
10 0.27895926249999997 0.7698497859375 0.2937676708333333 0.7677038625 0.2984440104166667 0.7559012875 0.29961309583333334 0.7478540765624999 0.29571614583333333 0.7392703859374999 0.2918191958333333 0.7339055796875 0.28948102708333334 0.7333690984375 0.28558407708333333 0.7365879828125 0.2758417041666667 0.752682403125 0.27467261875000004 0.7607296140625001 0.27895926249999997 0.7698497859375
7 0.16395833333333334 0.7580472109375 0.16682291666666668 0.765557940625 0.17173363125 0.7725321890625 0.17582589375 0.77414163125 0.18032738125 0.761802575 0.18032738125 0.7532188843750001 0.17582589375 0.7355150218750001 0.17173363125 0.7306866953125 0.16805059583333334 0.7317596562500001 0.16764136875 0.74463519375 0.16436756041666667 0.7542918453125 0.16395833333333334 0.7580472109375
11 0.4108498666666666 0.9302575109375001 0.42891865208333335 0.9281115874999999 0.4364473104166667 0.9109442062499999 0.44247023750000003 0.8830472109375 0.4300479479166667 0.86856223125 0.4262836208333333 0.8674892703125 0.41009700208333333 0.884120171875 0.40181547708333337 0.8969957078125 0.4070855395833333 0.9275751078125 0.4108498666666666 0.9302575109375001
3 0.9007440479166667 0.43133047187500007 0.9007440479166667 0.43884120156249995 0.9072637895833334 0.46512875468750003 0.9137835291666666 0.4833690984375 0.9183856979166667 0.48444205937499996 0.9222208416666666 0.48015021406249997 0.9283570666666667 0.467274678125 0.9310416666666667 0.43615879843750005 0.9298911229166666 0.4211373390625 0.9260559833333333 0.41577253281250004 0.9180021854166667 0.41523605156250004 0.9072637895833334 0.4222103 0.9007440479166667 0.43133047187500007
11 0.20139881041666668 0.8492489265625001 0.17787222916666667 0.8471030046875001 0.17401541041666665 0.8728540765625 0.17324404791666667 0.884120171875 0.17440109374999999 0.8851931328125 0.19677062916666666 0.8868025749999999 0.20024176458333331 0.8771459234375 0.20139881041666668 0.8492489265625001
8 0.7132974666666667 0.7875536484375 0.7125297625000001 0.7972102999999999 0.7140651708333333 0.8063304718750001 0.72020680625 0.8149141625 0.7321062270833333 0.8143776828125 0.73709630625 0.8111587984374999 0.7413186833333333 0.8036480687499999 0.7424702375 0.7848712453125 0.7386317166666667 0.7778969953125 0.7313385229166667 0.770386265625 0.7271161458333334 0.7698497859375 0.7213583645833332 0.77306866875 0.7132974666666667 0.7875536484375
8 0.6853869041666666 0.8353004296875 0.6915641520833333 0.8481759656250001 0.7031464958333333 0.8524678109374999 0.7085515875 0.85085836875 0.7108680562499999 0.8449570812499999 0.7131845229166667 0.8272532187499999 0.707007275 0.8149141625 0.70160218125 0.8116952796874999 0.6954249333333333 0.8116952796874999 0.691178075 0.8138412015625001 0.6865451395833334 0.8240343343750001 0.6853869041666666 0.8353004296875
8 0.77434704375 0.8969957078125 0.7817325020833333 0.9050429187500001 0.7860082979166666 0.9045064375 0.7980582604166667 0.8937768234375 0.7996130958333333 0.88036480625 0.7988356791666666 0.86963519375 0.7937824666666666 0.8631974250000001 0.789506675 0.8621244640624999 0.7863970041666666 0.86373390625 0.7770680020833333 0.8744635187500001 0.7739583333333333 0.883583690625 0.77434704375 0.8969957078125
2 0.6228869041666666 0.9259656656249999 0.6260085979166666 0.934012875 0.6369345249999999 0.94045064375 0.6459093916666667 0.9388412015625001 0.6474702375 0.9324034328125 0.6466898145833333 0.9216738203125001 0.6404464291666667 0.907725321875 0.63342261875 0.901287553125 0.6291302895833333 0.9007510734374999 0.6263988083333333 0.9028969953124999 0.6228869041666666 0.9114806859375 0.6228869041666666 0.9259656656249999
9 0.7066873020833333 0.361399678125 0.7035636895833334 0.3685944203125 0.7095417979166666 0.37528272500000004 0.7121177375 0.36839914218750003 0.7066873020833333 0.361399678125
9 0.759084425 0.43701877656250004 0.7584333333333333 0.44541309062499995 0.7648159520833333 0.4472033265625 0.7648159520833333 0.4411818671875 0.759084425 0.43701877656250004
9 0.72401278125 0.4776389484375 0.7275505958333334 0.47341362656249997 0.7237828583333333 0.4678943140625 0.7229582520833334 0.45970922812500004 0.7190504770833334 0.4645010734375 0.72401278125 0.4776389484375