10 0.6639285708333333 0.4179184546875 0.6517857145833333 0.4002145921875 0.6475000000000001 0.384656653125 0.6439285708333333 0.3771459234375 0.6275 0.35944205937499996 0.6125 0.336909871875 0.61 0.34120171718750003 0.5917857145833333 0.44366952812499993 0.5910714291666667 0.4527897 0.5924999999999999 0.4538626609375 0.6617857145833334 0.4222103 0.6639285708333333 0.4179184546875
8 0.7192857145833333 0.3707081546875 0.7239285708333333 0.36856223125 0.7389285708333334 0.3556866953125 0.7424999999999999 0.33798283281249997 0.74285714375 0.324034334375 0.74 0.3138412015625 0.7339285708333333 0.30579399218750003 0.72035714375 0.29881974218749996 0.7110714291666667 0.299892703125 0.7057142854166667 0.306866953125 0.7032142854166668 0.324034334375 0.70285714375 0.339592275 0.7057142854166667 0.35944205937499996 0.7121428562500001 0.36963519375 0.7192857145833333 0.3707081546875
4 0.4875 0.2639484984375 0.5010714291666667 0.2864806859375 0.51035714375 0.3138412015625 0.5139285708333333 0.3347639484375 0.5189285708333333 0.3433476390625 0.5260714291666667 0.342811159375 0.5485714291666667 0.3288626609375 0.5675 0.32135193125 0.5710714291666666 0.3170600859375 0.5725 0.3079399140625 0.5714285708333333 0.2982832625 0.5407142854166668 0.26824034375 0.5239285708333333 0.24248927031249998 0.49964285625000004 0.175965665625 0.49714285625 0.160407725 0.4917857145833333 0.1507510734375 0.48392857083333335 0.1502145921875 0.47964285624999997 0.1555793984375 0.46428571458333334 0.207618025 0.45749999999999996 0.2247854078125 0.45678571458333334 0.2312231765625 0.46071428541666665 0.24087982812500003 0.47392857083333334 0.25 0.4875 0.2639484984375
4 0.28571428541666666 0.40987124531249997 0.29071428541666666 0.41523605156250004 0.32749999999999996 0.42650214531249997 0.34821428541666666 0.43776824062499997 0.35892857083333335 0.44581545 0.36964285625 0.449034334375 0.3767857145833334 0.4383047203125 0.38785714374999997 0.41148068593750003 0.3985714291666667 0.396459228125 0.40035714375 0.3910944203125 0.4 0.3825107296875 0.39428571458333334 0.37339055781249997 0.3757142854166667 0.371781115625 0.34785714375 0.3648068671875 0.3217857145833333 0.3492489265625 0.29571428541666667 0.325107296875 0.2910714291666666 0.324570815625 0.2867857145833333 0.32725321875 0.28285714375000004 0.3353004296875 0.2825 0.3433476390625 0.28571428541666666 0.36319742499999996 0.28428571458333335 0.40557939843749996 0.28571428541666666 0.40987124531249997
4 0.28142857083333334 0.6416309015625 0.28607142916666667 0.6416309015625 0.31607142916666664 0.6325107296875 0.36000000000000004 0.6266094421874999 0.3635714291666667 0.6217811156249999 0.36428571458333336 0.5954935625 0.36964285625 0.5740343343750001 0.36642857083333336 0.565987125 0.35785714375000005 0.5633047203125 0.33928571458333334 0.5761802578124999 0.31285714374999996 0.586909871875 0.28607142916666667 0.58905579375 0.25785714375 0.5842274671875 0.25107142916666664 0.58905579375 0.25142857083333336 0.5981759656250001 0.26714285624999995 0.61856223125 0.275 0.63626609375 0.28142857083333334 0.6416309015625
0 0.2175 0.5493562234375 0.22464285625 0.55364806875 0.22892857083333332 0.5600858375 0.23107142916666668 0.5718884125 0.2475 0.5670600859375 0.25464285625 0.562768240625 0.25464285625 0.5547210296875 0.2575 0.5461373390625 0.24785714375 0.539163090625 0.24464285625 0.532725321875 0.24107142916666666 0.5311158796875 0.23785714375 0.5343347640625 0.2275 0.53594420625 0.21714285625000002 0.5268240343749999 0.21285714375 0.5257510734374999 0.21214285624999998 0.5348712453125 0.20535714375 0.5466738203125 0.20571428541666667 0.549892703125 0.2175 0.5493562234375
11 0.03607142916666666 0.61373390625 0.061428570833333335 0.5901287546875 0.07821428541666667 0.57725321875 0.11607142916666667 0.48819742499999996 0.12321428541666667 0.46995708125 0.12321428541666667 0.466738196875 0.11892857083333334 0.46620171718750003 0.10785714375 0.46995708125 0.10464285625 0.473712446875 0.07357142916666667 0.4833690984375 0.022142856250000002 0.50536480625 0.021428570833333334 0.5166309015625 0.03035714375 0.5997854078125 0.0325 0.61266094375 0.03607142916666666 0.61373390625
8 0.5082142854166667 0.49785407656249997 0.51535714375 0.49785407656249997 0.52714285625 0.48444205937499996 0.5342857145833333 0.472639484375 0.5385714291666667 0.454935621875 0.53714285625 0.43508583749999996 0.5307142854166667 0.42650214531249997 0.5132142854166667 0.41577253281250004 0.5060714291666667 0.41523605156250004 0.49785714375 0.41845493593749994 0.48964285625 0.4281115875 0.48571428541666667 0.43937768281249995 0.48642857083333335 0.46405579374999995 0.49 0.47693133125 0.4982142854166666 0.4919527890625 0.5082142854166667 0.49785407656249997
8 0.46678571458333334 0.609978540625 0.47 0.613197425 0.47714285625 0.6121244640625 0.48535714375 0.6013948499999999 0.48642857083333335 0.5874463515625 0.48464285625 0.575107296875 0.48214285625000003 0.5686695281249999 0.47607142916666667 0.562231759375 0.46535714375000004 0.5600858375 0.45285714375 0.5633047203125 0.4457142854166667 0.5686695281249999 0.44214285625 0.5777897000000001 0.4417857145833333 0.591738196875 0.44321428541666663 0.5971030046875 0.45285714375 0.6089055796875 0.46678571458333334 0.609978540625
8 0.5225000000000001 0.6319742484375 0.52964285625 0.6207081546875 0.5307142854166667 0.6051502140625 0.5285714291666667 0.598712446875 0.52214285625 0.591738196875 0.5096428562499999 0.5879828328125 0.5017857145833333 0.5885193140625 0.49285714375 0.59495708125 0.49 0.6013948499999999 0.4875 0.616416309375 0.4867857145833333 0.6271459234375001 0.4907142854166667 0.6378755359375 0.5117857145833333 0.6384120171875 0.5225000000000001 0.6319742484375
7 0.7685714291666667 0.4415236046875 0.7760714291666667 0.4297210296875 0.78285714375 0.40933476406249997 0.7846428562500001 0.39484978593750003 0.7832142854166667 0.3787553640625 0.7792857145833333 0.3701716734375 0.7692857145833333 0.359978540625 0.7664285708333334 0.360515021875 0.76535714375 0.36319742499999996 0.7585714291666666 0.4211373390625 0.7582142854166667 0.43508583749999996 0.7592857145833333 0.43884120156249995 0.76214285625 0.44259656718749996 0.7685714291666667 0.4415236046875
7 0.84964285625 0.50643776875 0.85714285625 0.49087982812500003 0.86035714375 0.48015021406249997 0.8607142854166666 0.4683476390625 0.8582142854166667 0.449570815625 0.8524999999999999 0.43562231718750005 0.8424999999999999 0.41952789687500003 0.8382142854166666 0.41845493593749994 0.8367857145833334 0.4211373390625 0.8375 0.5128755359375 0.8382142854166666 0.515021459375 0.8407142854166667 0.515021459375 0.84964285625 0.50643776875
7 0.8407142854166667 0.6298283265625 0.84214285625 0.6330472109375 0.84 0.693133046875 0.8417857145833333 0.704935621875 0.8489285708333333 0.7092274671875 0.8524999999999999 0.7043991421875 0.86035714375 0.674892703125 0.8635714291666667 0.6475321890625 0.8642857145833334 0.6233905578125001 0.8614285708333332 0.5600858375 0.8557142854166667 0.5219957078124999 0.85214285625 0.509120171875 0.8482142854166667 0.509120171875 0.8439285708333333 0.515021459375 0.8439285708333333 0.5284334765625001 0.8417857145833333 0.5461373390625 0.8435714291666667 0.5663449578125 0.8428571437500001 0.5944206015625 0.84 0.615343346875 0.8407142854166667 0.6298283265625
7 0.9017857145833333 0.7929184546875 0.9110714291666666 0.7677038625 0.91785714375 0.734442059375 0.92 0.7060085843749999 0.9192857145833333 0.663626609375 0.9149999999999999 0.6325107296875 0.9117857145833334 0.6207081546875 0.90785714375 0.6142703859374999 0.9064285708333333 0.6169527890625 0.9039285708333333 0.6437768234375 0.89214285625 0.7913090125 0.8935714291666667 0.799892703125 0.8975000000000001 0.799892703125 0.9017857145833333 0.7929184546875
7 0.9035714291666667 0.8524678109374999 0.9067857145833333 0.841738196875 0.9085714291666667 0.8277897 0.9028571437499999 0.8052575109375001 0.9007142854166666 0.8020386265624999 0.89714285625 0.8020386265624999 0.8960714291666666 0.8041845500000001 0.895 0.8347639484375 0.89035714375 0.8669527890625 0.8939285708333333 0.866416309375 0.9035714291666667 0.8524678109374999
3 0.7757142854166666 0.5305793984375 0.7817857145833333 0.52306866875 0.7825000000000001 0.5048283265625 0.7725000000000001 0.49946351875 0.7710714291666666 0.515021459375 0.76535714375 0.5219957078124999 0.765 0.5278969953125 0.7667857145833333 0.532725321875 0.7725000000000001 0.533261803125 0.7757142854166666 0.5305793984375
3 0.7335714291666666 0.46942060156250004 0.7382142854166667 0.4624463515625 0.74 0.45600858437499997 0.725 0.4511802578125 0.7232142854166667 0.4527897 0.7217857145833333 0.46030042968749996 0.7221428562500001 0.4710300421875 0.7239285708333333 0.4742489265625 0.7274999999999999 0.4742489265625 0.7335714291666666 0.46942060156250004
3 0.7864285708333333 0.5611587984375 0.78285714375 0.54774678125 0.7760714291666667 0.5396995703125 0.7717857145833332 0.5396995703125 0.7685714291666667 0.5520386265624999 0.7689285708333333 0.562768240625 0.7760714291666667 0.5686695281249999 0.7825000000000001 0.5665236046875 0.7864285708333333 0.5611587984375
3 0.82964285625 0.615879828125 0.82785714375 0.6056866953125 0.8214285708333333 0.598712446875 0.8167857145833334 0.5992489265625001 0.81464285625 0.609978540625 0.815 0.6233905578125001 0.8175 0.6282188843750001 0.8214285708333333 0.6271459234375001 0.82964285625 0.615879828125
3 0.8239285708333333 0.6824034328125 0.82535714375 0.6759656656249999 0.825 0.66684549375 0.8207142854166667 0.6652360515625 0.815 0.6732832625 0.81035714375 0.6765021453125 0.8092857145833333 0.6781115875 0.81035714375 0.6920600859375 0.8142857145833333 0.6947424890625 0.8239285708333333 0.6824034328125
3 0.8285714291666667 0.7548283265625 0.83 0.7478540765624999 0.8257142854166666 0.738197425 0.81964285625 0.7360515015625 0.81285714375 0.740343346875 0.8085714291666667 0.7510729609375 0.8082142854166666 0.76716738125 0.8107142854166667 0.776287553125 0.8207142854166667 0.7687768234375 0.8285714291666667 0.7548283265625
3 0.83214285625 0.799892703125 0.8417857145833333 0.7896995703125 0.8446428562499999 0.7843347640625 0.84535714375 0.7789699578125 0.8432142854166667 0.7757510734374999 0.82785714375 0.76716738125 0.82464285625 0.7725321890625 0.82214285625 0.78594420625 0.8225 0.79774678125 0.8242857145833333 0.800429184375 0.8285714291666667 0.8015021453125 0.83214285625 0.799892703125
3 0.7735714291666667 0.7542918453125 0.7742857145833334 0.7457081546875 0.7710714291666666 0.738197425 0.7592857145833333 0.7306866953125 0.7553571437500001 0.734442059375 0.7553571437500001 0.752682403125 0.7582142854166667 0.7607296140625001 0.7625 0.76126609375 0.7735714291666667 0.7542918453125
2 0.7792857145833333 0.8283261796874999 0.7825000000000001 0.8240343343750001 0.7835714291666667 0.8143776828125 0.7803571437500001 0.8063304718750001 0.77535714375 0.8063304718750001 0.77 0.8106223171875 0.7657142854166668 0.8192060078125 0.7667857145833333 0.8272532187499999 0.7692857145833333 0.8304721031250001 0.7735714291666667 0.8315450640625001 0.7792857145833333 0.8283261796874999
8 0.7575000000000001 0.9468884125000001 0.77285714375 0.9361587984374999 0.7764285708333334 0.925429184375 0.77535714375 0.9098712453125 0.7717857145833332 0.9034334765625 0.76785714375 0.9002145921875 0.765 0.9002145921875 0.7582142854166667 0.9061158796875001 0.7525 0.918991415625 0.7517857145833333 0.9265021453125 0.7539285708333333 0.940987125 0.755 0.9452789703125 0.7575000000000001 0.9468884125000001
7 0.86035714375 0.734442059375 0.85964285625 0.72693133125 0.85214285625 0.7103004296875 0.8485714291666666 0.711373390625 0.8467857145833333 0.714592275 0.8414285708333333 0.734442059375 0.8414285708333333 0.7510729609375 0.8450000000000001 0.75643776875 0.8589285708333333 0.741416309375 0.86035714375 0.734442059375
3 0.175 0.65546875 0.03125 0.02109375
3 0.27678571458333334 0.66094420625 0.27607142916666666 0.657725321875 0.2639285708333333 0.6555793984375 0.2475 0.6561158796875 0.24892857083333333 0.6620171671875 0.2560714291666667 0.6684549359374999 0.26678571458333333 0.6684549359374999 0.27678571458333334 0.66094420625
11 0.4885714291666667 0.7516094421874999 0.49214285625 0.7478540765624999 0.49142857083333336 0.74356223125 0.4932142854166666 0.740879828125 0.4939285708333333 0.7339055796875 0.4925 0.7306866953125 0.4917857145833333 0.7188841203125 0.4764285708333333 0.6614806859375 0.47392857083333334 0.6534334765625001 0.47035714375000004 0.64914163125 0.44214285625 0.66094420625 0.405 0.67918455 0.4007142854166667 0.6829399140625 0.3975 0.699570815625 0.40464285624999996 0.705472103125 0.48428571458333336 0.7516094421874999 0.4885714291666667 0.7516094421874999
4 0.6882142854166666 0.7628755359375 0.6950000000000001 0.7628755359375 0.70035714375 0.759120171875 0.7067857145833333 0.7505364812499999 0.71035714375 0.741416309375 0.7117857145833334 0.7339055796875 0.7121428562500001 0.7135193140625 0.71035714375 0.7065450640625001 0.7067857145833333 0.70225321875 0.70285714375 0.7011802578124999 0.6860714291666666 0.705472103125 0.6714285708333333 0.70225321875 0.6682142854166667 0.7043991421875 0.6649999999999999 0.7103004296875 0.6657142854166668 0.7242489265625001 0.6710714291666666 0.7457081546875 0.6757142854166667 0.7532188843750001 0.6882142854166666 0.7628755359375
8 0.5535714291666667 0.7542918453125 0.5575 0.7478540765624999 0.5589285708333332 0.740879828125 0.5549999999999999 0.7360515015625 0.5382142854166666 0.7263948499999999 0.5339285708333333 0.7263948499999999 0.5325 0.728540771875 0.53285714375 0.7392703859374999 0.5360714291666666 0.7478540765624999 0.5399999999999999 0.7516094421874999 0.5535714291666667 0.7542918453125
7 0.6732142854166666 0.943133046875 0.6710714291666666 0.9656652359375 0.6639285708333333 0.9839055796875 0.6642857145833333 0.99463519375 0.6675 0.9994635187500001 0.7057142854166667 0.9994635187500001 0.7089285708333333 0.97585836875 0.70964285625 0.9490343343750001 0.7082142854166666 0.9313304718750001 0.7010714291666668 0.9007510734374999 0.6960714291666666 0.8948497859375 0.6832142854166666 0.8969957078125 0.6682142854166667 0.8959227468750001 0.6664285708333334 0.9002145921875 0.6692857145833333 0.9098712453125 0.6692857145833333 0.9179184546875 0.67285714375 0.934012875 0.6732142854166666 0.943133046875
11 0.3339285708333334 0.824570815625 0.33571428541666665 0.8315450640625001 0.3375 0.83315450625 0.34071428541666665 0.8320815453125 0.35107142916666667 0.8208154499999999 0.36964285625 0.788090128125 0.37464285625000004 0.7757510734374999 0.37464285625000004 0.770922746875 0.36785714375 0.7548283265625 0.35535714375 0.7365879828125 0.34214285624999996 0.7124463515625 0.33857142916666666 0.714592275 0.3042857145833333 0.7687768234375 0.3042857145833333 0.7789699578125 0.3057142854166666 0.782188840625 0.32749999999999996 0.8186695281249999 0.3339285708333334 0.824570815625
11 0.22821428541666666 0.9034334765625 0.23071428541666666 0.8851931328125 0.23035714375 0.8712446359375001 0.20785714375 0.86963519375 0.20571428541666667 0.8723175968750001 0.20321428541666667 0.9007510734374999 0.20392857083333332 0.9050429187500001 0.22357142916666667 0.908261803125 0.22821428541666666 0.9034334765625
11 0.04571428541666667 0.32725321875 0.04535714375 0.330472103125 0.04464285625 0.34120171718750003 0.05035714375 0.342274678125 0.05142857083333333 0.3283261796875 0.04571428541666667 0.32725321875
11 0.25464285625 0.9222103 0.2564285708333333 0.89806866875 0.2564285708333333 0.8868025749999999 0.25535714375 0.8851931328125 0.23607142916666665 0.8851931328125 0.23357142916666668 0.889484978125 0.23285714375 0.9002145921875 0.23249999999999998 0.9179184546875 0.23428571458333333 0.9211373390625001 0.24821428541666668 0.9238197421875001 0.25464285625 0.9222103
3 0.26321428541666664 0.7789699578125 0.26285714375 0.7752145921875 0.2585714291666667 0.7725321890625 0.24642857083333333 0.771459228125 0.2435714291666667 0.77414163125 0.24321428541666668 0.78004291875 0.2475 0.79184549375 0.25535714375 0.7896995703125 0.26321428541666664 0.7789699578125
10 0.29750000000000004 0.7559012875 0.2985714291666667 0.7478540765624999 0.295 0.7392703859374999 0.29142857083333334 0.7339055796875 0.28928571458333335 0.7333690984375 0.28571428541666666 0.7365879828125 0.27678571458333334 0.752682403125 0.2757142854166667 0.7607296140625001 0.27964285624999996 0.7698497859375 0.29321428541666666 0.7677038625 0.29750000000000004 0.7559012875
7 0.17535714375 0.77414163125 0.17928571458333334 0.761802575 0.17928571458333334 0.7532188843750001 0.17535714375 0.7355150218750001 0.17178571458333333 0.7306866953125 0.16857142916666668 0.7317596562500001 0.16821428541666666 0.74463519375 0.16535714375000002 0.7542918453125 0.165 0.7580472109375 0.1675 0.765557940625 0.17178571458333333 0.7725321890625 0.17535714375 0.77414163125
11 0.42857142916666663 0.9281115874999999 0.4357142854166666 0.9109442062499999 0.44142857083333337 0.8830472109375 0.42964285625 0.86856223125 0.4260714291666667 0.8674892703125 0.41071428541666666 0.884120171875 0.40285714375000004 0.8969957078125 0.40785714375000004 0.9275751078125 0.41142857083333334 0.9302575109375001 0.42857142916666663 0.9281115874999999
3 0.9182142854166667 0.48444205937499996 0.9217857145833332 0.48015021406249997 0.9275 0.467274678125 0.9299999999999999 0.43615879843750005 0.9289285708333334 0.4211373390625 0.92535714375 0.41577253281250004 0.91785714375 0.41523605156250004 0.90785714375 0.4222103 0.9017857145833333 0.43133047187500007 0.9017857145833333 0.43884120156249995 0.90785714375 0.46512875468750003 0.9139285708333333 0.4833690984375 0.9182142854166667 0.48444205937499996
11 0.19928571458333336 0.8771459234375 0.20035714375 0.8492489265625001 0.17857142916666666 0.8471030046875001 0.175 0.8728540765625 0.17428571458333333 0.884120171875 0.17535714375 0.8851931328125 0.19607142916666667 0.8868025749999999 0.19928571458333336 0.8771459234375
8 0.7317857145833333 0.8143776828125 0.7364285708333332 0.8111587984374999 0.74035714375 0.8036480687499999 0.7414285708333334 0.7848712453125 0.73785714375 0.7778969953125 0.7310714291666667 0.770386265625 0.72714285625 0.7698497859375 0.7217857145833333 0.77306866875 0.7142857145833333 0.7875536484375 0.7135714291666667 0.7972102999999999 0.715 0.8063304718750001 0.7207142854166667 0.8149141625 0.7317857145833333 0.8143776828125
8 0.70785714375 0.85085836875 0.7100000000000001 0.8449570812499999 0.7121428562500001 0.8272532187499999 0.7064285708333333 0.8149141625 0.7014285708333333 0.8116952796874999 0.6957142854166667 0.8116952796874999 0.6917857145833334 0.8138412015625001 0.6875 0.8240343343750001 0.6864285708333333 0.8353004296875 0.6921428562499999 0.8481759656250001 0.70285714375 0.8524678109374999 0.70785714375 0.85085836875
8 0.79714285625 0.8937768234375 0.7985714291666667 0.88036480625 0.79785714375 0.86963519375 0.7932142854166667 0.8631974250000001 0.7892857145833333 0.8621244640624999 0.7864285708333333 0.86373390625 0.7778571437499999 0.8744635187500001 0.775 0.883583690625 0.77535714375 0.8969957078125 0.7821428562499999 0.9050429187500001 0.7860714291666666 0.9045064375 0.79714285625 0.8937768234375
2 0.645 0.9388412015625001 0.6464285708333333 0.9324034328125 0.6457142854166666 0.9216738203125001 0.64 0.907725321875 0.6335714291666666 0.901287553125 0.6296428562499999 0.9007510734374999 0.62714285625 0.9028969953124999 0.6239285708333333 0.9114806859375 0.6239285708333333 0.9259656656249999 0.6267857145833333 0.934012875 0.6367857145833333 0.94045064375 0.645 0.9388412015625001
9 0.7069682145833334 0.361399678125 0.70460535625 0.3685944203125 0.7091274999999999 0.37528272500000004 0.7110760708333334 0.36839914218750003 0.7069682145833334 0.361399678125
9 0.7599135708333333 0.43701877656250004 0.759475 0.44541309062499995 0.7637742854166666 0.4472033265625 0.7637742854166666 0.4411818671875 0.7599135708333333 0.43701877656250004
9 0.7236646437500001 0.4678943140625 0.72304214375 0.45970922812500004 0.72009214375 0.4645010734375 0.7238382145833333 0.4776389484375 0.7265089291666667 0.47341362656249997 0.7236646437500001 0.4678943140625