11 0.5665362770833333 0.282725321875 0.5632587541666666 0.2864806859375 0.5694496291666666 0.2929184546875 0.5869297562500001 0.30257510781249997 0.5982190041666667 0.31223175937500003 0.6255316979166667 0.329935621875 0.6342717625 0.33798283281249997 0.6415551479166666 0.33905579375 0.643011825 0.3374463515625 0.6561219166666666 0.283261803125 0.66012778125 0.25536480625 0.6666828270833334 0.23015021406249997 0.6787004145833334 0.1652360515625 0.6874404770833333 0.113197425 0.6852554604166666 0.1056866953125 0.6492027020833333 0.10193133125 0.5035349916666667 0.09924892656249999 0.49224574374999996 0.10085836875000001 0.48823988125 0.10461373437499999 0.48714737291666665 0.116416309375 0.48459818958333334 0.1190987125 0.4824131729166667 0.133583690625 0.47767897291666667 0.1716738203125 0.47731480416666666 0.18454935625 0.47148809583333334 0.21190987187500002 0.47185226458333335 0.22049356250000002 0.47330894166666665 0.22371244687499997 0.48933238958333336 0.23444205937499998 0.5017141458333333 0.2457081546875 0.5181017625000001 0.2542918453125 0.5279343333333333 0.2628755359375 0.5497844895833333 0.276824034375 0.56143790625 0.271459228125 0.5665362770833333 0.282725321875
4 0.38351190416666664 0.1528969953125 0.38240486458333334 0.1416309015625 0.37391754791666665 0.1260729609375 0.36727530208333337 0.12124463593749998 0.34292039583333334 0.11373390624999999 0.3355401229166667 0.109442059375 0.3137683145833333 0.0906652359375 0.289782425 0.06330472031249999 0.27723595833333337 0.05954935625 0.26395146458333335 0.0638412015625 0.2587852729166667 0.0718884125 0.25435710833333336 0.0938841203125 0.2539880958333333 0.113197425 0.2587852729166667 0.13894849843749998 0.27317680625 0.170064378125 0.28867538333333337 0.1824034328125 0.3038049458333333 0.1883047203125 0.324838725 0.20332617968750002 0.34070631458333334 0.2103004296875 0.3547288375 0.20708154531249998 0.36764431666666664 0.1968884125 0.3753936041666667 0.18508583750000002 0.38203585 0.16738197500000002 0.38351190416666664 0.1528969953125
4 0.22211656666666665 0.2398068671875 0.20761378958333332 0.222639484375 0.2009202 0.22371244687499997 0.1942266125 0.2392703859375 0.12505952291666667 0.339592275 0.12654698958333335 0.34871244687499997 0.13881856875 0.360515021875 0.1525776125 0.36856223125 0.17898010208333334 0.3787553640625 0.19087981666666665 0.3787553640625 0.21133245 0.3707081546875 0.21505111041666666 0.3621244640625 0.22620709166666667 0.2902360515625 0.2295538875 0.27628755312500003 0.23029761875 0.264484978125 0.22806642291666668 0.25053648125 0.22211656666666665 0.2398068671875
3 0.4168367354166667 0.0906652359375 0.4132397958333333 0.0933476390625 0.40964285624999996 0.09924892656249999 0.4068452375 0.1089055796875 0.4072448979166667 0.1266094421875 0.40964285624999996 0.134656653125 0.4132397958333333 0.140021459375 0.42522959375 0.1443133046875 0.43442176875 0.1437768234375 0.44081632708333335 0.1416309015625 0.44481292708333336 0.13680257499999998 0.44601190416666664 0.1298283265625 0.4444132645833333 0.1239270390625 0.42602891249999997 0.0997854078125 0.42123299375 0.0906652359375 0.4168367354166667 0.0906652359375
3 0.22129800416666667 0.1410944203125 0.21543682708333334 0.14324034375 0.20176075208333336 0.1620171671875 0.1873031875 0.17435622343749999 0.18613095208333333 0.17972102968749998 0.18652169791666667 0.193669528125 0.19121063749999997 0.2038626609375 0.20215149791666667 0.21190987187500002 0.2127016125 0.20976394843750001 0.22090725833333333 0.21566523593750003 0.22559619791666666 0.21351931406250002 0.23380184375 0.19152360468750002 0.2345833333333333 0.18454935625 0.23262960833333332 0.1716738203125 0.22794066666666665 0.158261803125 0.22676843333333335 0.1475321890625 0.22129800416666667 0.1410944203125
8 0.4510482875 0.046673820312499996 0.44419847083333336 0.05418455 0.44016916666666667 0.0638412015625 0.44016916666666667 0.07671673749999999 0.44339261041666667 0.0847639484375 0.45266001041666665 0.0944206015625 0.4607186166666667 0.09495708124999999 0.46756843541666665 0.092274678125 0.47280652916666666 0.086373390625 0.47602997291666665 0.07778969999999999 0.47683583333333335 0.0675965671875 0.47482118125 0.05954935625 0.46918015625000004 0.049892703125 0.4623303375 0.0456008578125 0.4510482875 0.046673820312499996
9 0.22898809583333335 0.24356223125 0.23386160625 0.25912017187499997 0.24068452291666667 0.258583690625 0.24458333333333335 0.2559012875 0.23776041666666667 0.24087982812500003 0.23288690416666666 0.24034334687499997 0.22898809583333335 0.24356223125
0 0.2548461083333333 0.21888412031249999 0.24709494791666667 0.21888412031249999 0.24260743333333332 0.222639484375 0.238527875 0.23015021406249997 0.23648809583333333 0.238197425 0.23689605 0.24463519374999998 0.23934378750000002 0.252682403125 0.24627903541666668 0.2607296140625 0.25199041666666666 0.2639484984375 0.2585177125 0.2639484984375 0.2674927395833333 0.2559012875 0.2699404770833333 0.2483905578125 0.2699404770833333 0.241416309375 0.26708478541666664 0.2333690984375 0.25892566666666667 0.2215665234375 0.2548461083333333 0.21888412031249999
0 0.3771807145833333 0.24248927031249998 0.3855140458333333 0.253218884375 0.3946807145833333 0.2542918453125 0.4034307145833333 0.2478540765625 0.4055140479166666 0.24087982812500003 0.4055140479166666 0.23175965625 0.4021807145833333 0.223175965625 0.39884738125 0.2210300421875 0.3821807145833333 0.2215665234375 0.3784307145833333 0.223175965625 0.37634738124999995 0.22800429218749999 0.3771807145833333 0.24248927031249998
0 0.24726106666666667 0.33422746718749996 0.2468452375 0.3401287546875 0.24975603541666666 0.3497854078125 0.25724094583333335 0.3572961375 0.26431002708333334 0.3583690984375 0.2697157958333333 0.35675965625 0.2755373916666667 0.348175965625 0.27636904791666667 0.34066523593750003 0.2747057354166667 0.3336909875 0.26638916875 0.3256437765625 0.25433014791666664 0.3234978546875 0.24975603541666666 0.32725321875 0.24726106666666667 0.33422746718749996
3 0.4478751791666667 0.238197425 0.4550198416666667 0.24463519374999998 0.46300505 0.2478540765625 0.4676280666666666 0.24624463593749998 0.4735119041666667 0.23444205937499998 0.47183080833333335 0.2274678109375 0.4680483416666667 0.223175965625 0.4508170979166667 0.2247854078125 0.4466143583333333 0.2274678109375 0.4457738104166667 0.23390557968749998 0.4478751791666667 0.238197425
3 0.4711796541666667 0.33905579375 0.4720833333333333 0.330472103125 0.46937229583333334 0.32618025781250004 0.45807629791666665 0.3256437765625 0.45220238125 0.329935621875 0.45220238125 0.34066523593750003 0.4589799770833333 0.3471030046875 0.465757575 0.3465665234375 0.4711796541666667 0.33905579375
0 0.52616363125 0.1266094421875 0.5349404770833334 0.115879828125 0.5345016333333333 0.11266094374999999 0.5314297375 0.10997854062500001 0.5226528958333333 0.10675965624999999 0.5178256291666666 0.10783261875000001 0.5125595229166666 0.11266094374999999 0.5143148937500001 0.121781115625 0.5217752083333334 0.1266094421875 0.52616363125 0.1266094421875
0 0.5388812229166666 0.21834763906250002 0.5526339291666668 0.2210300421875 0.5570833333333333 0.21727467812499998 0.5550608770833333 0.211373390625 0.5384767312500001 0.20493562187499997 0.5243195354166666 0.19635193125 0.5222970791666667 0.1968884125 0.5214880958333333 0.20225321875 0.5263419916666667 0.20976394843750001 0.5388812229166666 0.21834763906250002
9 0.18101190416666665 0.3819742484375 0.17870535625 0.377682403125 0.1685565479166667 0.3739270390625 0.16394345208333333 0.37446351875 0.16255952291666667 0.37660944218750003 0.16302083333333334 0.38680257500000004 0.17547618958333333 0.39216738125 0.17962797708333333 0.390021459375 0.18101190416666665 0.3819742484375
3 0.14386904791666666 0.30418455 0.14344359791666667 0.2993562234375 0.134083725 0.285407725 0.1234475 0.285407725 0.11791666666666667 0.2896995703125 0.11834211666666666 0.299892703125 0.12174570625 0.306866953125 0.13876366041666666 0.3111587984375 0.14386904791666666 0.30418455
3 0.14135416666666664 0.17221029999999998 0.13848958333333333 0.1802575109375 0.13398809583333332 0.18508583750000002 0.13726190416666664 0.19527897031250002 0.14544642916666667 0.2065450640625 0.15117559583333331 0.207618025 0.15895089375000002 0.2124463515625 0.16263392916666666 0.210836909375 0.16631696458333334 0.2011802578125 0.16672618958333332 0.1888412015625 0.15035714375 0.1711373390625 0.14380952291666665 0.169527896875 0.14135416666666664 0.17221029999999998
3 0.08600427291666667 0.10783261875000001 0.091341575 0.11212446406250001 0.10735348125000001 0.11105150156250002 0.11310134375 0.10193133125 0.11351190416666666 0.09495708124999999 0.10899572708333333 0.086909871875 0.09093101458333333 0.075107296875 0.08559371041666666 0.07939914218750001 0.08148809583333333 0.08905579375 0.08230921875000001 0.10085836875000001 0.08600427291666667 0.10783261875000001
0 0.189172425 0.0343347640625 0.18193740416666668 0.038626609374999996 0.175104325 0.056330471874999996 0.17470238124999998 0.061158798437499995 0.17912378333333334 0.0734978546875 0.18314324166666665 0.0783261796875 0.1919860458333333 0.08315450625000001 0.20243663541666665 0.080472103125 0.20886776666666668 0.0734978546875 0.2116813875 0.0675965671875 0.21208333333333332 0.05364806875 0.20886776666666668 0.043991415625 0.20484831041666668 0.039163090625 0.19680939583333332 0.0348712453125 0.189172425 0.0343347640625
8 0.29055465416666665 0.01824034375 0.28691423125 0.0225321890625 0.28327381041666666 0.033261803125 0.28327381041666666 0.043991415625 0.28691423125 0.0574034328125 0.2958130395833333 0.06491416250000001 0.30673430833333337 0.06545064375000001 0.31320616875 0.060085837499999996 0.3168465916666667 0.0525751078125 0.31886904791666665 0.0396995703125 0.31765557291666663 0.0316523609375 0.31361065833333335 0.0225321890625 0.3075432895833333 0.0166309015625 0.29904897291666666 0.014484978125 0.29055465416666665 0.01824034375
0 0.36241071458333335 0.0665236046875 0.3898412708333333 0.0788626609375 0.40198908749999995 0.07939914218750001 0.40708333333333335 0.07135193125 0.40708333333333335 0.0675965671875 0.4039484125 0.06491416250000001 0.38317956249999996 0.062768240625 0.36476190416666665 0.056330471874999996 0.3600595229166667 0.0574034328125 0.3600595229166667 0.0638412015625 0.36241071458333335 0.0665236046875
3 0.32555431458333334 0.0820815453125 0.33315476250000003 0.074570815625 0.33188802083333335 0.0718884125 0.32513206875 0.0697424890625 0.3133091520833334 0.0606223171875 0.3078199395833333 0.06330472031249999 0.30613095208333335 0.0670600859375 0.30739769375 0.07671673749999999 0.3133091520833334 0.0853004296875 0.32555431458333334 0.0820815453125
9 0.26943532708333334 0.158261803125 0.26426801875 0.15665236093749998 0.2591007083333333 0.160407725 0.25863095208333337 0.16684549375 0.264737775 0.1765021453125 0.27554215 0.1711373390625 0.27601190416666666 0.1679184546875 0.26943532708333334 0.158261803125
9 0.23972985208333333 0.17972102968749998 0.2324862625 0.17972102968749998 0.2309340666666667 0.181866953125 0.23041666666666666 0.1925965671875 0.24231685 0.19527897031250002 0.24386904791666666 0.193133046875 0.24386904791666666 0.181866953125 0.23972985208333333 0.17972102968749998
9 0.14623016041666667 0.2103004296875 0.14672618958333333 0.2043991421875 0.14126984166666665 0.1968884125 0.13630952291666668 0.1968884125 0.13382936666666667 0.199570815625 0.1318452375 0.2065450640625 0.13680555625000002 0.21190987187500002 0.14176587499999999 0.21405579375 0.14623016041666667 0.2103004296875
9 0.8668452375 0.15987124531250002 0.8679563479166668 0.174892703125 0.8746230145833334 0.174892703125 0.8768452395833334 0.17221029999999998 0.8785119041666667 0.157725321875 0.8718452375 0.157188840625 0.8668452375 0.15987124531250002
9 0.8450595229166667 0.1051502140625 0.8403452375 0.104077253125 0.8377261895833333 0.1072961375 0.83720238125 0.11266094374999999 0.8408690479166666 0.1190987125 0.8466309520833334 0.11856223125000001 0.85029761875 0.115879828125 0.8450595229166667 0.1051502140625
9 0.7767124541666667 0.02306866875 0.7715384625 0.0198497859375 0.7684340666666666 0.0246781109375 0.7679166666666667 0.0295064375 0.7751602562500001 0.0370171671875 0.77826465 0.0370171671875 0.7813690479166666 0.032725321875000005 0.7767124541666667 0.02306866875
7 0.9097156083333334 0.0874463515625 0.9023434729166666 0.08369098750000001 0.8899272479166667 0.08315450625000001 0.8810030854166667 0.089592275 0.8767350104166667 0.115879828125 0.8747949729166666 0.1475321890625 0.8736309520833333 0.1770386265625 0.8747949729166666 0.18508583750000002 0.8782870375 0.18991416249999998 0.8895392416666666 0.1925965671875 0.90893959375 0.1925965671875 0.9170877416666666 0.18991416249999998 0.9221318354166667 0.18454935625 0.9260119041666666 0.1716738203125 0.92407186875 0.1351931328125 0.9198037916666667 0.11427038593750001 0.9132076708333333 0.092811159375 0.9097156083333334 0.0874463515625
4 0.92477040625 0 0.89894274375 0.049892703125 0.8954733562499999 0.06169527968750001 0.8947023812499999 0.07081545 0.8977862791666666 0.0761802578125 0.90896541875 0.0853004296875 0.91667516875 0.086373390625 0.92130101875 0.0842274671875 0.9448157583333334 0.061158798437499995 0.9498270979166666 0.05364806875 0.9513690479166667 0.046673820312499996 0.9486706354166666 0 0.92477040625 0
10 0.9604166666666667 0.3610515015625 0.9628502208333334 0.36856223125 0.96771733125 0.3701716734375 0.9811018833333333 0.3690987125 0.9884025458333333 0.36266094375 0.9944864333333334 0.3454935625 0.99529761875 0.3347639484375 0.9916472875 0.32778969999999996 0.9819130666666667 0.32618025781250004 0.9632558145833333 0.34120171718750003 0.9612278520833333 0.348175965625 0.9604166666666667 0.3610515015625
0 0.84810574375 0.36856223125 0.8452626062499999 0.36587982812500003 0.8407948166666667 0.36963519375 0.83551470625 0.3830472109375 0.8347023812500001 0.3943133046875 0.84323179375 0.402360515625 0.8521673666666667 0.4206008578125 0.8562289916666667 0.420064378125 0.8611029416666667 0.41469957031250004 0.8680077041666666 0.39806866875 0.8692261895833333 0.3916309015625 0.8680077041666666 0.38733905625 0.8594782916666667 0.3878755359375 0.8566351541666666 0.3857296140625 0.85013655625 0.37553648125 0.84810574375 0.36856223125
0 0.8115227687500001 0.1174892703125 0.8087395979166666 0.1089055796875 0.8055588291666667 0.1062231765625 0.8023780645833334 0.10783261875000001 0.7980045062500001 0.115879828125 0.7936309520833333 0.13090128750000002 0.79442614375 0.146459228125 0.7984021041666666 0.157725321875 0.8023780645833334 0.16309012812499998 0.8107275770833334 0.1652360515625 0.8178843041666667 0.1620171671875 0.82623381875 0.1534334765625 0.8321977583333333 0.140557940625 0.8345833333333333 0.12875536406250002 0.8333905458333334 0.1260729609375 0.8210650729166667 0.1271459234375 0.8170891124999999 0.12553648125 0.8115227687500001 0.1174892703125
0 0.7117261895833333 0.062768240625 0.70226190625 0.0718884125 0.6868824395833334 0.08154506406249999 0.6864880958333334 0.0906652359375 0.69792410625 0.0997854078125 0.7133035729166667 0.1051502140625 0.7215848229166667 0.10246781093749999 0.72592261875 0.0965665234375 0.7290773791666666 0.0853004296875 0.7306547625 0.0525751078125 0.7286830354166667 0.0429184546875 0.7255282729166667 0.0396995703125 0.7215848229166667 0.0413090125 0.71566964375 0.056866953124999994 0.7117261895833333 0.062768240625
2 0.6918452375 0.5316523609375 0.69279761875 0.5257510734374999 0.6899404770833333 0.5219957078124999 0.6804166666666667 0.5219957078124999 0.6761309520833334 0.5246781109375 0.6761309520833334 0.5295064375 0.6808928583333334 0.5348712453125 0.6866071437500001 0.53594420625 0.6918452375 0.5316523609375
2 0.5970833333333334 0.5777897000000001 0.5970833333333334 0.57081545 0.5926971729166667 0.5665236046875 0.5873363104166667 0.565987125 0.5819754458333333 0.57081545 0.5814880958333333 0.5777897000000001 0.5844122020833333 0.5810085843749999 0.593671875 0.5815450640625001 0.5970833333333334 0.5777897000000001
2 0.5345833333333334 0.575107296875 0.5345833333333334 0.57135193125 0.5307160875 0.5670600859375 0.524915225 0.565987125 0.5191143583333333 0.5692060078125001 0.5186309520833333 0.5761802578124999 0.5239484125 0.5810085843749999 0.5302326854166667 0.5810085843749999 0.5345833333333334 0.575107296875
2 0.32898809375 0.4538626609375 0.34023809583333336 0.4538626609375 0.3477380958333333 0.4452789703125 0.3481547625 0.4307939921875 0.3452380958333333 0.424892703125 0.32273809583333335 0.425429184375 0.3194047604166667 0.4297210296875 0.3189880958333333 0.4366952796875 0.32148809375000004 0.44581545 0.32898809375 0.4538626609375
9 0.4163690479166667 0.140021459375 0.41289682499999997 0.140021459375 0.41041666666666665 0.14324034375 0.41041666666666665 0.14806866875 0.418353175 0.1555793984375 0.42529761875 0.151287553125 0.42529761875 0.14324034375 0.4163690479166667 0.140021459375
8 0.6411079104166666 0.45654506406250006 0.6303552208333334 0.46888412031250004 0.6261309520833334 0.48658798281250004 0.6265149770833334 0.49463519375000004 0.6318913208333333 0.5048283265625 0.6503245 0.5160944203125 0.6606931645833334 0.5160944203125 0.6702937791666667 0.51233905625 0.6806624416666666 0.5016094421874999 0.6856547625 0.49087982812500003 0.6841186625 0.47693133125 0.6706778020833333 0.449570815625 0.6656854833333333 0.4447424890625 0.6564688937500001 0.44581545 0.6411079104166666 0.45654506406250006
4 0.7687698416666666 0 0.7661309520833334 0.0059012875 0.7668849208333334 0.01233905625 0.7710317479166666 0.0187768234375 0.8136309520833334 0.0670600859375 0.8189087291666667 0.075107296875 0.8336111104166667 0.089592275 0.8400198416666667 0.0906652359375 0.8422817479166667 0.0879828328125 0.8449206354166667 0.08154506406249999 0.84529761875 0.075107296875 0.8449206354166667 0.060085837499999996 0.8430357145833334 0.050429184375000005 0.8287103166666667 0.032725321875000005 0.81061508125 0 0.7687698416666666 0
0 0.8386309520833334 0.09495708124999999 0.8403996583333334 0.10193133125 0.8457057812500001 0.1089055796875 0.8470323125 0.11373390624999999 0.8514540833333334 0.11695278906249999 0.8572023812499999 0.115343346875 0.86029761875 0.1051502140625 0.8536649666666667 0.091738196875 0.8452636062500001 0.08315450625000001 0.84261054375 0.08369098750000001 0.83951530625 0.08851931406249999 0.8386309520833334 0.09495708124999999
4 0.70227946875 0.21351931406250002 0.6917144812499999 0.20869098749999998 0.6878015208333333 0.2103004296875 0.6834972687499999 0.217811159375 0.6772365333333333 0.25053648125 0.6768452375 0.2580472109375 0.6803669 0.2687768234375 0.6878015208333333 0.2795064375 0.6913231833333333 0.282725321875 0.69641003125 0.28379828281249997 0.7026707645833333 0.28004291875 0.7194964875000001 0.258583690625 0.7234094458333333 0.2510729609375 0.7245833333333334 0.24034334687499997 0.7198877833333334 0.23068669531250002 0.7101053875000001 0.223175965625 0.70227946875 0.21351931406250002
11 0.012885783333333335 0 0 0.088206809375 0 0.11251541875 0.0022806291666666667 0.115879828125 0.010281222916666666 0.1174892703125 0.024100435416666666 0.1148068671875 0.03573766666666667 0.116416309375 0.08992352291666666 0.11373390624999999 0.10410639791666668 0.11105150156250002 0.11756194583333333 0.113197425 0.1997498875 0.10675965624999999 0.20411385 0.10193133125 0.20956880208333334 0.0847639484375 0.21102345625 0.07081545 0.21720573541666666 0.0579399140625 0.21902405 0.0434549359375 0.23029761875 0 0.012885783333333335 0
3 0.03574404791666667 0.0906652359375 0.02333508541666667 0.0933476390625 0.022559522916666668 0.10032188906249999 0.023722864583333333 0.10675965624999999 0.031090685416666666 0.113197425 0.06599089583333334 0.11105150156250002 0.07258315833333334 0.10675965624999999 0.07529761875 0.09924892656249999 0.07413427708333334 0.0933476390625 0.06599089583333334 0.081008584375 0.054745272916666664 0.0692060078125 0.04815301041666666 0.0702789703125 0.04427520833333333 0.0788626609375 0.03574404791666667 0.0906652359375
3 0.08912080625 0.40182403437499997 0.09422618958333334 0.3889484984375 0.09380074166666666 0.3851931328125 0.09209894791666667 0.38412017187499997 0.06827381041666666 0.3830472109375 0.06827381041666666 0.3910944203125 0.07252829791666666 0.4007510734375 0.0763573375 0.4034334765625 0.08912080625 0.40182403437499997
3 0.28905064583333334 0.395386265625 0.29675040416666665 0.402360515625 0.30445016041666667 0.4007510734375 0.3095833333333333 0.38733905625 0.30915556875 0.3809012875 0.29931698958333336 0.3787553640625 0.2860562958333333 0.38036480625 0.2843452375 0.3825107296875 0.2843452375 0.38680257500000004 0.28905064583333334 0.395386265625
2 0.3692261895833333 0.2896995703125 0.3679189145833333 0.282725321875 0.3596394875 0.27628755312500003 0.35048854583333333 0.2778969953125 0.34613095208333333 0.282725321875 0.34613095208333333 0.2896995703125 0.3548461375 0.300429184375 0.36399708125 0.2993562234375 0.3692261895833333 0.2896995703125
2 0.223015875 0.5316523609375 0.22351190416666666 0.5257510734374999 0.22103174583333332 0.5219957078124999 0.212103175 0.520386265625 0.2091269854166667 0.5225321890625 0.20863095208333335 0.5278969953125 0.212103175 0.5337982828125 0.21805555625 0.5343347640625 0.223015875 0.5316523609375
2 0.18875 0.48927038593749994 0.18922618958333332 0.4839055796875 0.1844642875 0.47639485 0.17684523958333334 0.4753218890625 0.17303571458333333 0.479077253125 0.17255952291666665 0.48605150156250004 0.17541666666666667 0.491416309375 0.18255952291666666 0.49356223125 0.18875 0.48927038593749994
2 0.13601190416666667 0.532725321875 0.13601190416666667 0.5268240343749999 0.13117785208333335 0.520922746875 0.12537698541666667 0.5198497859375 0.12054292916666666 0.5236051500000001 0.12005952291666667 0.53004291875 0.124410175 0.535407725 0.13117785208333335 0.5364806859375 0.13601190416666667 0.532725321875
7 0.8535611666666667 0.074570815625 0.8604248770833334 0.0734978546875 0.8672885874999999 0.0643776828125 0.8762972083333334 0.0257510734375 0.8767261895833334 0.011802575 0.8728653520833334 0.0069742484374999995 0.866430625 0.0059012875 0.8625697875 0.01233905625 0.8531321833333333 0.0606223171875 0.8518452375 0.0718884125 0.8535611666666667 0.074570815625
2 0.2773388520833333 0.431866953125 0.27412746875 0.42918455 0.2594468625 0.42864806875 0.2589880958333333 0.43615879843750005 0.26495208958333333 0.4447424890625 0.2713748541666667 0.44366952812499993 0.27779761875000003 0.43562231718750005 0.2773388520833333 0.431866953125