11 0.5667857145833334 0.282725321875 0.5635714291666667 0.2864806859375 0.56964285625 0.2929184546875 0.5867857145833334 0.30257510781249997 0.59785714375 0.31223175937500003 0.62464285625 0.329935621875 0.6332142854166667 0.33798283281249997 0.64035714375 0.33905579375 0.6417857145833333 0.3374463515625 0.65464285625 0.283261803125 0.6585714291666667 0.25536480625 0.6649999999999999 0.23015021406249997 0.6767857145833334 0.1652360515625 0.68535714375 0.113197425 0.6832142854166666 0.1056866953125 0.64785714375 0.10193133125 0.505 0.09924892656249999 0.4939285708333333 0.10085836875000001 0.49 0.10461373437499999 0.4889285708333333 0.116416309375 0.48642857083333335 0.1190987125 0.48428571458333336 0.133583690625 0.47964285624999997 0.1716738203125 0.4792857145833333 0.18454935625 0.47357142916666667 0.21190987187500002 0.47392857083333334 0.22049356250000002 0.47535714375 0.22371244687499997 0.49107142916666663 0.23444205937499998 0.5032142854166667 0.2457081546875 0.5192857145833334 0.2542918453125 0.5289285708333333 0.2628755359375 0.55035714375 0.276824034375 0.5617857145833334 0.271459228125 0.5667857145833334 0.282725321875
4 0.3814285708333333 0.1528969953125 0.38035714375 0.1416309015625 0.37214285625 0.1260729609375 0.3657142854166667 0.12124463593749998 0.34214285624999996 0.11373390624999999 0.335 0.109442059375 0.3139285708333333 0.0906652359375 0.29071428541666666 0.06330472031249999 0.27857142916666666 0.05954935625 0.26571428541666664 0.0638412015625 0.2607142854166667 0.0718884125 0.2564285708333333 0.0938841203125 0.2560714291666667 0.113197425 0.2607142854166667 0.13894849843749998 0.27464285625 0.170064378125 0.28964285625 0.1824034328125 0.3042857145833333 0.1883047203125 0.32464285625 0.20332617968750002 0.33999999999999997 0.2103004296875 0.3535714291666666 0.20708154531249998 0.36607142916666663 0.1968884125 0.3735714291666667 0.18508583750000002 0.38 0.16738197500000002 0.3814285708333333 0.1528969953125
4 0.22035714374999998 0.2398068671875 0.20642857083333332 0.222639484375 0.2 0.22371244687499997 0.19357142916666667 0.2392703859375 0.12714285625 0.339592275 0.12857142916666667 0.34871244687499997 0.14035714375000002 0.360515021875 0.15357142916666666 0.36856223125 0.17892857083333333 0.3787553640625 0.19035714375 0.3787553640625 0.21 0.3707081546875 0.21357142916666666 0.3621244640625 0.22428571458333335 0.2902360515625 0.2275 0.27628755312500003 0.22821428541666666 0.264484978125 0.22607142916666667 0.25053648125 0.22035714374999998 0.2398068671875
3 0.41785714375 0.0906652359375 0.41464285625 0.0933476390625 0.41142857083333334 0.09924892656249999 0.40892857083333334 0.1089055796875 0.40928571458333335 0.1266094421875 0.41142857083333334 0.134656653125 0.41464285625 0.140021459375 0.42535714375 0.1443133046875 0.43357142916666663 0.1437768234375 0.4392857145833334 0.1416309015625 0.44285714375 0.13680257499999998 0.4439285708333333 0.1298283265625 0.4425 0.1239270390625 0.4260714291666667 0.0997854078125 0.42178571458333336 0.0906652359375 0.41785714375 0.0906652359375
3 0.22035714374999998 0.1410944203125 0.215 0.14324034375 0.2025 0.1620171671875 0.18928571458333332 0.17435622343749999 0.18821428541666665 0.17972102968749998 0.18857142916666667 0.193669528125 0.19285714375 0.2038626609375 0.20285714375000002 0.21190987187500002 0.2125 0.20976394843750001 0.22 0.21566523593750003 0.22428571458333335 0.21351931406250002 0.23178571458333333 0.19152360468750002 0.23249999999999998 0.18454935625 0.23071428541666666 0.1716738203125 0.22642857083333334 0.158261803125 0.22535714375000002 0.1475321890625 0.22035714374999998 0.1410944203125
8 0.45189535625 0.046673820312499996 0.4458239291666667 0.05418455 0.44225250000000005 0.0638412015625 0.44225250000000005 0.07671673749999999 0.44510964375 0.0847639484375 0.45332392916666664 0.0944206015625 0.4604667854166667 0.09495708124999999 0.46653821458333333 0.092274678125 0.4711810708333333 0.086373390625 0.47403821458333334 0.07778969999999999 0.4747525 0.0675965671875 0.47296678541666665 0.05954935625 0.46796678541666664 0.049892703125 0.46189535625 0.0456008578125 0.45189535625 0.046673820312499996
9 0.23107142916666668 0.24356223125 0.23464285624999998 0.25912017187499997 0.23964285625 0.258583690625 0.24250000000000002 0.2559012875 0.2375 0.24087982812500003 0.23392857083333332 0.24034334687499997 0.23107142916666668 0.24356223125
0 0.25464285625 0.21888412031249999 0.24785714375 0.21888412031249999 0.24392857083333333 0.222639484375 0.24035714375 0.23015021406249997 0.23857142916666665 0.238197425 0.23892857083333335 0.24463519374999998 0.24107142916666666 0.252682403125 0.24714285625 0.2607296140625 0.25214285625 0.2639484984375 0.25785714375 0.2639484984375 0.26571428541666664 0.2559012875 0.26785714374999997 0.2483905578125 0.26785714374999997 0.241416309375 0.26535714375 0.2333690984375 0.2582142854166667 0.2215665234375 0.25464285625 0.21888412031249999
0 0.379145 0.24248927031249998 0.38628785625 0.253218884375 0.394145 0.2542918453125 0.40164500000000003 0.2478540765625 0.4034307145833333 0.24087982812500003 0.4034307145833333 0.23175965625 0.40057357083333334 0.223175965625 0.39771642916666666 0.2210300421875 0.38343071458333333 0.2215665234375 0.38021642916666665 0.223175965625 0.3784307145833333 0.22800429218749999 0.379145 0.24248927031249998
0 0.24928571458333335 0.33422746718749996 0.24892857083333333 0.3401287546875 0.25142857083333336 0.3497854078125 0.25785714375 0.3572961375 0.2639285708333333 0.3583690984375 0.26857142916666665 0.35675965625 0.2735714291666667 0.348175965625 0.27428571458333334 0.34066523593750003 0.27285714375 0.3336909875 0.26571428541666664 0.3256437765625 0.25535714375 0.3234978546875 0.25142857083333336 0.32725321875 0.24928571458333335 0.33422746718749996
3 0.44964285625 0.238197425 0.45571428541666664 0.24463519374999998 0.4625 0.2478540765625 0.46642857083333333 0.24624463593749998 0.47142857083333334 0.23444205937499998 0.47 0.2274678109375 0.46678571458333334 0.223175965625 0.45214285625 0.2247854078125 0.4485714291666667 0.2274678109375 0.44785714375 0.23390557968749998 0.44964285625 0.238197425
3 0.46928571458333335 0.33905579375 0.47 0.330472103125 0.46785714375 0.32618025781250004 0.4589285708333334 0.3256437765625 0.45428571458333333 0.329935621875 0.45428571458333333 0.34066523593750003 0.45964285625 0.3471030046875 0.46499999999999997 0.3465665234375 0.46928571458333335 0.33905579375
0 0.5257142854166666 0.1266094421875 0.53285714375 0.115879828125 0.5325 0.11266094374999999 0.53 0.10997854062500001 0.52285714375 0.10675965624999999 0.5189285708333333 0.10783261875000001 0.51464285625 0.11266094374999999 0.5160714291666666 0.121781115625 0.52214285625 0.1266094421875 0.5257142854166666 0.1266094421875
0 0.5389285708333333 0.21834763906250002 0.5510714291666667 0.2210300421875 0.5549999999999999 0.21727467812499998 0.5532142854166667 0.211373390625 0.5385714291666667 0.20493562187499997 0.5260714291666667 0.19635193125 0.5242857145833333 0.1968884125 0.5235714291666667 0.20225321875 0.52785714375 0.20976394843750001 0.5389285708333333 0.21834763906250002
9 0.17892857083333333 0.3819742484375 0.17714285625 0.377682403125 0.16928571458333333 0.3739270390625 0.16571428541666666 0.37446351875 0.16464285625 0.37660944218750003 0.165 0.38680257500000004 0.17464285625 0.39216738125 0.17785714375 0.390021459375 0.17892857083333333 0.3819742484375
3 0.14178571458333333 0.30418455 0.14142857083333332 0.2993562234375 0.13357142916666667 0.285407725 0.12464285624999999 0.285407725 0.12000000000000001 0.2896995703125 0.12035714374999999 0.299892703125 0.12321428541666667 0.306866953125 0.1375 0.3111587984375 0.14178571458333333 0.30418455
3 0.14250000000000002 0.17221029999999998 0.14 0.1802575109375 0.13607142916666665 0.18508583750000002 0.13892857083333335 0.19527897031250002 0.14607142916666668 0.2065450640625 0.15107142916666666 0.207618025 0.15785714374999998 0.2124463515625 0.16107142916666667 0.210836909375 0.16428571458333333 0.2011802578125 0.16464285625 0.1888412015625 0.15035714375 0.1711373390625 0.14464285625 0.169527896875 0.14250000000000002 0.17221029999999998
3 0.0875 0.10783261875000001 0.09214285625 0.11212446406250001 0.10607142916666666 0.11105150156250002 0.11107142916666667 0.10193133125 0.11142857083333334 0.09495708124999999 0.1075 0.086909871875 0.09178571458333334 0.075107296875 0.08714285625 0.07939914218750001 0.08357142916666667 0.08905579375 0.08428571458333334 0.10085836875000001 0.0875 0.10783261875000001
0 0.18964285625 0.0343347640625 0.18321428541666668 0.038626609374999996 0.17714285625 0.056330471874999996 0.1767857145833333 0.061158798437499995 0.18071428541666668 0.0734978546875 0.18428571458333334 0.0783261796875 0.19214285625 0.08315450625000001 0.20142857083333335 0.080472103125 0.20714285625 0.0734978546875 0.20964285624999998 0.0675965671875 0.21 0.05364806875 0.20714285625 0.043991415625 0.20357142916666668 0.039163090625 0.19642857083333334 0.0348712453125 0.18964285625 0.0343347640625
8 0.2917857145833333 0.01824034375 0.28857142916666667 0.0225321890625 0.28535714375 0.033261803125 0.28535714375 0.043991415625 0.28857142916666667 0.0574034328125 0.29642857083333335 0.06491416250000001 0.3060714291666667 0.06545064375000001 0.3117857145833333 0.060085837499999996 0.315 0.0525751078125 0.3167857145833333 0.0396995703125 0.3157142854166667 0.0316523609375 0.31214285625000004 0.0225321890625 0.30678571458333337 0.0166309015625 0.2992857145833333 0.014484978125 0.2917857145833333 0.01824034375
0 0.36428571458333336 0.0665236046875 0.38928571458333333 0.0788626609375 0.40035714375 0.07939914218750001 0.405 0.07135193125 0.405 0.0675965671875 0.40214285625 0.06491416250000001 0.3832142854166667 0.062768240625 0.36642857083333336 0.056330471874999996 0.36214285625000003 0.0574034328125 0.36214285625000003 0.0638412015625 0.36428571458333336 0.0665236046875
3 0.32464285625 0.0820815453125 0.33107142916666665 0.074570815625 0.33 0.0718884125 0.32428571458333333 0.0697424890625 0.3142857145833334 0.0606223171875 0.30964285625 0.06330472031249999 0.3082142854166667 0.0670600859375 0.3092857145833333 0.07671673749999999 0.3142857145833334 0.0853004296875 0.32464285625 0.0820815453125
9 0.2689285708333333 0.158261803125 0.265 0.15665236093749998 0.26107142916666665 0.160407725 0.2607142854166667 0.16684549375 0.26535714375 0.1765021453125 0.2735714291666667 0.1711373390625 0.27392857083333333 0.1679184546875 0.2689285708333333 0.158261803125
9 0.23892857083333335 0.17972102968749998 0.23392857083333332 0.17972102968749998 0.23285714375 0.181866953125 0.23249999999999998 0.1925965671875 0.24071428541666667 0.19527897031250002 0.24178571458333334 0.193133046875 0.24178571458333334 0.181866953125 0.23892857083333335 0.17972102968749998
9 0.14428571458333334 0.2103004296875 0.14464285625 0.2043991421875 0.14071428541666667 0.1968884125 0.13714285625 0.1968884125 0.13535714375 0.199570815625 0.13392857083333334 0.2065450640625 0.1375 0.21190987187500002 0.14107142916666668 0.21405579375 0.14428571458333334 0.2103004296875
9 0.8689285708333333 0.15987124531250002 0.8696428562499999 0.174892703125 0.8739285708333333 0.174892703125 0.87535714375 0.17221029999999998 0.8764285708333334 0.157725321875 0.8721428562500001 0.157188840625 0.8689285708333333 0.15987124531250002
9 0.8446428562499999 0.1051502140625 0.8414285708333333 0.104077253125 0.83964285625 0.1072961375 0.8392857145833333 0.11266094374999999 0.8417857145833333 0.1190987125 0.8457142854166667 0.11856223125000001 0.8482142854166667 0.115879828125 0.8446428562499999 0.1051502140625
9 0.7760714291666667 0.02306866875 0.7725000000000001 0.0198497859375 0.77035714375 0.0246781109375 0.77 0.0295064375 0.775 0.0370171671875 0.77714285625 0.0370171671875 0.7792857145833333 0.032725321875000005 0.7760714291666667 0.02306866875
7 0.9089285708333333 0.0874463515625 0.90214285625 0.08369098750000001 0.8907142854166668 0.08315450625000001 0.8825000000000001 0.089592275 0.8785714291666668 0.115879828125 0.8767857145833333 0.1475321890625 0.8757142854166666 0.1770386265625 0.8767857145833333 0.18508583750000002 0.88 0.18991416249999998 0.89035714375 0.1925965671875 0.9082142854166667 0.1925965671875 0.9157142854166668 0.18991416249999998 0.92035714375 0.18454935625 0.9239285708333332 0.1716738203125 0.92214285625 0.1351931328125 0.9182142854166667 0.11427038593750001 0.91214285625 0.092811159375 0.9089285708333333 0.0874463515625
4 0.92464285625 0 0.9007142854166666 0.049892703125 0.8975000000000001 0.06169527968750001 0.8967857145833332 0.07081545 0.8996428562500001 0.0761802578125 0.91 0.0853004296875 0.91714285625 0.086373390625 0.9214285708333333 0.0842274671875 0.9432142854166667 0.061158798437499995 0.94785714375 0.05364806875 0.9492857145833333 0.046673820312499996 0.9467857145833333 0 0.92464285625 0
10 0.9625 0.3610515015625 0.96464285625 0.36856223125 0.9689285708333333 0.3701716734375 0.9807142854166667 0.3690987125 0.98714285625 0.36266094375 0.9924999999999999 0.3454935625 0.9932142854166667 0.3347639484375 0.99 0.32778969999999996 0.9814285708333333 0.32618025781250004 0.965 0.34120171718750003 0.9632142854166666 0.348175965625 0.9625 0.3610515015625
0 0.8485714291666666 0.36856223125 0.8460714291666667 0.36587982812500003 0.84214285625 0.36963519375 0.8375 0.3830472109375 0.8367857145833334 0.3943133046875 0.8442857145833333 0.402360515625 0.85214285625 0.4206008578125 0.8557142854166667 0.420064378125 0.86 0.41469957031250004 0.8660714291666667 0.39806866875 0.86714285625 0.3916309015625 0.8660714291666667 0.38733905625 0.8585714291666666 0.3878755359375 0.8560714291666667 0.3857296140625 0.8503571437499999 0.37553648125 0.8485714291666666 0.36856223125
0 0.8117857145833334 0.1174892703125 0.8092857145833333 0.1089055796875 0.8064285708333333 0.1062231765625 0.8035714291666667 0.10783261875000001 0.79964285625 0.115879828125 0.7957142854166667 0.13090128750000002 0.7964285708333333 0.146459228125 0.8 0.157725321875 0.8035714291666667 0.16309012812499998 0.8110714291666666 0.1652360515625 0.8175 0.1620171671875 0.825 0.1534334765625 0.83035714375 0.140557940625 0.8325 0.12875536406250002 0.8314285708333333 0.1260729609375 0.82035714375 0.1271459234375 0.8167857145833334 0.12553648125 0.8117857145833334 0.1174892703125
0 0.7114285708333333 0.062768240625 0.70285714375 0.0718884125 0.6889285708333334 0.08154506406249999 0.6885714291666667 0.0906652359375 0.6989285708333333 0.0997854078125 0.71285714375 0.1051502140625 0.72035714375 0.10246781093749999 0.7242857145833334 0.0965665234375 0.72714285625 0.0853004296875 0.7285714291666667 0.0525751078125 0.7267857145833333 0.0429184546875 0.7239285708333333 0.0396995703125 0.72035714375 0.0413090125 0.715 0.056866953124999994 0.7114285708333333 0.062768240625
2 0.69 0.5316523609375 0.6907142854166667 0.5257510734374999 0.6885714291666667 0.5219957078124999 0.6814285708333333 0.5219957078124999 0.6782142854166667 0.5246781109375 0.6782142854166667 0.5295064375 0.6817857145833333 0.5348712453125 0.6860714291666666 0.53594420625 0.69 0.5316523609375
2 0.5950000000000001 0.5777897000000001 0.5950000000000001 0.57081545 0.5917857145833333 0.5665236046875 0.58785714375 0.565987125 0.5839285708333333 0.57081545 0.5835714291666666 0.5777897000000001 0.5857142854166667 0.5810085843749999 0.5924999999999999 0.5815450640625001 0.5950000000000001 0.5777897000000001
2 0.5325 0.575107296875 0.5325 0.57135193125 0.52964285625 0.5670600859375 0.52535714375 0.565987125 0.5210714291666666 0.5692060078125001 0.5207142854166666 0.5761802578124999 0.5246428562500001 0.5810085843749999 0.5292857145833333 0.5810085843749999 0.5325 0.575107296875
2 0.32964285624999995 0.4538626609375 0.33928571458333334 0.4538626609375 0.34571428541666666 0.4452789703125 0.34607142916666667 0.4307939921875 0.34357142916666666 0.424892703125 0.32428571458333333 0.425429184375 0.32142857083333337 0.4297210296875 0.32107142916666664 0.4366952796875 0.32321428541666664 0.44581545 0.32964285624999995 0.4538626609375
9 0.4167857145833333 0.140021459375 0.41428571458333335 0.140021459375 0.4125 0.14324034375 0.4125 0.14806866875 0.41821428541666666 0.1555793984375 0.42321428541666667 0.151287553125 0.42321428541666667 0.14324034375 0.4167857145833333 0.140021459375
8 0.64214285625 0.45654506406250006 0.63214285625 0.46888412031250004 0.6282142854166667 0.48658798281250004 0.6285714291666668 0.49463519375000004 0.6335714291666666 0.5048283265625 0.6507142854166666 0.5160944203125 0.66035714375 0.5160944203125 0.6692857145833333 0.51233905625 0.6789285708333334 0.5016094421874999 0.6835714291666667 0.49087982812500003 0.6821428562499999 0.47693133125 0.66964285625 0.449570815625 0.6649999999999999 0.4447424890625 0.6564285708333333 0.44581545 0.64214285625 0.45654506406250006
4 0.7707142854166666 0 0.7682142854166667 0.0059012875 0.7689285708333333 0.01233905625 0.77285714375 0.0187768234375 0.8132142854166666 0.0670600859375 0.8182142854166667 0.075107296875 0.83214285625 0.089592275 0.8382142854166666 0.0906652359375 0.8403571437499999 0.0879828328125 0.8428571437500001 0.08154506406249999 0.8432142854166667 0.075107296875 0.8428571437500001 0.060085837499999996 0.8410714291666667 0.050429184375000005 0.8275 0.032725321875000005 0.81035714375 0 0.7707142854166666 0
0 0.8407142854166667 0.09495708124999999 0.84214285625 0.10193133125 0.8464285708333333 0.1089055796875 0.8475 0.11373390624999999 0.8510714291666667 0.11695278906249999 0.8557142854166667 0.115343346875 0.8582142854166667 0.1051502140625 0.85285714375 0.091738196875 0.8460714291666667 0.08315450625000001 0.8439285708333333 0.08369098750000001 0.8414285708333333 0.08851931406249999 0.8407142854166667 0.09495708124999999
4 0.70214285625 0.21351931406250002 0.6925 0.20869098749999998 0.6889285708333334 0.2103004296875 0.685 0.217811159375 0.6792857145833333 0.25053648125 0.6789285708333334 0.2580472109375 0.6821428562499999 0.2687768234375 0.6889285708333334 0.2795064375 0.6921428562499999 0.282725321875 0.6967857145833333 0.28379828281249997 0.7025 0.28004291875 0.7178571437500001 0.258583690625 0.7214285708333333 0.2510729609375 0.7225 0.24034334687499997 0.7182142854166667 0.23068669531250002 0.7092857145833332 0.223175965625 0.70214285625 0.21351931406250002
11 0.014700714583333333 0 0 0.10246781093749999 0.0017857145833333333 0.11212446406250001 0.004285714583333333 0.115879828125 0.01214285625 0.1174892703125 0.025714285416666666 0.1148068671875 0.03714285625 0.116416309375 0.09035714375 0.11373390624999999 0.10428571458333334 0.11105150156250002 0.1175 0.113197425 0.1982142854166667 0.10675965624999999 0.2025 0.10193133125 0.20785714375 0.0847639484375 0.20928571458333334 0.07081545 0.21535714375 0.0579399140625 0.21714285625000002 0.0434549359375 0.22821428541666666 0 0.014700714583333333 0
3 0.03678571458333334 0.0906652359375 0.025357143749999998 0.0933476390625 0.02464285625 0.10032188906249999 0.025714285416666666 0.10675965624999999 0.0325 0.113197425 0.06464285625 0.11105150156250002 0.07071428541666666 0.10675965624999999 0.07321428541666666 0.09924892656249999 0.07214285625 0.0933476390625 0.06464285625 0.081008584375 0.05428571458333333 0.0692060078125 0.04821428541666666 0.0702789703125 0.04464285625 0.0788626609375 0.03678571458333334 0.0906652359375
3 0.08785714375 0.40182403437499997 0.09214285625 0.3889484984375 0.09178571458333334 0.3851931328125 0.09035714375 0.38412017187499997 0.07035714374999999 0.3830472109375 0.07035714374999999 0.3910944203125 0.07392857083333333 0.4007510734375 0.07714285625 0.4034334765625 0.08785714375 0.40182403437499997
3 0.29035714375 0.395386265625 0.29678571458333336 0.402360515625 0.3032142854166667 0.4007510734375 0.3075 0.38733905625 0.30714285625 0.3809012875 0.29892857083333335 0.3787553640625 0.28785714375 0.38036480625 0.28642857083333334 0.3825107296875 0.28642857083333334 0.38680257500000004 0.29035714375 0.395386265625
2 0.36714285625 0.2896995703125 0.36607142916666663 0.282725321875 0.35928571458333336 0.27628755312500003 0.35178571458333335 0.2778969953125 0.34821428541666666 0.282725321875 0.34821428541666666 0.2896995703125 0.35535714375 0.300429184375 0.36285714375 0.2993562234375 0.36714285625 0.2896995703125
2 0.2210714291666667 0.5316523609375 0.22142857083333334 0.5257510734374999 0.21964285625000002 0.5219957078124999 0.21321428541666665 0.520386265625 0.21107142916666666 0.5225321890625 0.21071428541666667 0.5278969953125 0.21321428541666665 0.5337982828125 0.2175 0.5343347640625 0.2210714291666667 0.5316523609375
2 0.18678571458333335 0.48927038593749994 0.18714285625 0.4839055796875 0.1835714291666667 0.47639485 0.17785714375 0.4753218890625 0.175 0.479077253125 0.17464285625 0.48605150156250004 0.1767857145833333 0.491416309375 0.18214285625 0.49356223125 0.18678571458333335 0.48927038593749994
2 0.13392857083333334 0.532725321875 0.13392857083333334 0.5268240343749999 0.13035714375000002 0.520922746875 0.12607142916666667 0.5198497859375 0.1225 0.5236051500000001 0.12214285625 0.53004291875 0.12535714375 0.535407725 0.13035714375000002 0.5364806859375 0.13392857083333334 0.532725321875
7 0.85535714375 0.074570815625 0.8610714291666667 0.0734978546875 0.8667857145833333 0.0643776828125 0.8742857145833334 0.0257510734375 0.87464285625 0.011802575 0.8714285708333332 0.0069742484374999995 0.8660714291666667 0.0059012875 0.86285714375 0.01233905625 0.855 0.0606223171875 0.8539285708333334 0.0718884125 0.85535714375 0.074570815625
2 0.27535714375 0.431866953125 0.27285714375 0.42918455 0.2614285708333333 0.42864806875 0.26107142916666665 0.43615879843750005 0.26571428541666664 0.4447424890625 0.2707142854166667 0.44366952812499993 0.2757142854166667 0.43562231718750005 0.27535714375 0.431866953125