11 0.31666678541666665 0.18508583750000002 0.3416667854166667 0.2601931328125 0.37440464375 0.2530402359375 0.40714285625 0.1672033265625 0.31666678541666665 0.18508583750000002
11 0.46821428541666665 0.1770386265625 0.49785714375 0.17221029999999998 0.5017857145833333 0.1684549359375 0.47464285625 0.1056866953125 0.4582142854166667 0.092274678125 0.44785714375 0.0933476390625 0.4392857145833334 0.10193133125 0.41571428541666666 0.1416309015625 0.41035714375 0.1539699578125 0.40678571458333335 0.17381974218750001 0.40714285625 0.1888412015625 0.45035714374999997 0.18293991406250001 0.46821428541666665 0.1770386265625
11 0.295 0.38626609375 0.3092857145833333 0.34871244687499997 0.3314285708333333 0.34495708125 0.34107142916666666 0.348175965625 0.35178571458333335 0.3809012875 0.35464285624999997 0.383583690625 0.41535714375 0.3771459234375 0.41642857083333334 0.3728540765625 0.37607142916666664 0.26233905625 0.3732142854166666 0.2569742484375 0.36785714375 0.25643776875 0.29 0.26984978593750003 0.28428571458333335 0.2725321890625 0.27928571458333334 0.2816523609375 0.2375 0.3916309015625 0.23714285625 0.396459228125 0.2392857145833333 0.3975321890625 0.29 0.3910944203125 0.295 0.38626609375
11 0.4075 0.532725321875 0.41107142916666667 0.5316523609375 0.45214285625 0.48068669531249997 0.46642857083333333 0.4586909875 0.47464285625 0.4506437765625 0.515 0.39324034375 0.51285714375 0.39055794062500004 0.5057142854166666 0.39055794062500004 0.4264285708333333 0.395386265625 0.415 0.408261803125 0.34964285625 0.49785407656249997 0.3492857145833333 0.5010729609375 0.35535714375 0.50643776875 0.4 0.5295064375 0.4075 0.532725321875
11 0.14392857083333332 0.5675965671875 0.145 0.5565987125 0.14785714375 0.5472102999999999 0.15785714374999998 0.5525751078125001 0.16464285625 0.5407725328125 0.19928571458333336 0.45654506406250006 0.19571428541666666 0.4543991421875 0.12428571458333333 0.46888412031250004 0.08499999999999999 0.5847639484375 0.08428571458333334 0.5885193140625 0.08892857083333333 0.58905579375 0.13785714375 0.5718884125 0.14392857083333332 0.5675965671875
11 0.21964285625000002 0.3229613734375 0.22964285625 0.318669528125 0.23178571458333333 0.306330471875 0.23428571458333333 0.211373390625 0.22035714374999998 0.22854077187500002 0.17857142916666666 0.2902360515625 0.17285714375 0.299892703125 0.17357142916666665 0.30364806875 0.21214285624999998 0.32242489218750003 0.21964285625000002 0.3229613734375
11 0.39428571458333334 0.7060085843749999 0.37035714375 0.633583690625 0.3657142854166667 0.6292918453125 0.33999999999999997 0.6287553640625 0.335 0.6325107296875 0.3175 0.66094420625 0.3032142854166667 0.7162017171875 0.30285714375 0.71995708125 0.305 0.7221030046875 0.39964285625 0.72693133125 0.39428571458333334 0.7060085843749999
11 0.22285714375000001 0.741416309375 0.21785714374999998 0.61856223125 0.21678571458333332 0.6174892703125 0.21214285624999998 0.6212446359375 0.17535714375 0.6539699578125 0.17071428541666667 0.6598712453125 0.15964285625 0.684012875 0.16071428541666669 0.6893776828125 0.22035714374999998 0.771459228125 0.2225 0.7687768234375 0.22285714375000001 0.741416309375
11 0.10250000000000001 0.9892703859375 0.14142857083333332 0.9007510734374999 0.15571428541666668 0.8546137343750001 0.15464285625000002 0.8481759656250001 0.10571428541666666 0.738197425 0.09642857083333332 0.7580472109375 0.08964285625 0.785407725 0.06642857083333334 0.8583690984375 0.06749999999999999 0.8739270390625 0.09464285624999999 0.9742489265625001 0.09821428541666667 0.9860515015625 0.10250000000000001 0.9892703859375
11 0.24000000000000002 0.966738196875 0.21571428541666665 0.9216738203125001 0.215 0.910407725 0.23392857083333332 0.9114806859375 0.25714285625 0.9163090125 0.26035714375 0.9152360515625 0.2614285708333333 0.9114806859375 0.24321428541666668 0.8100858375 0.23392857083333332 0.7687768234375 0.23071428541666666 0.7687768234375 0.22464285625 0.7752145921875 0.1925 0.815987125 0.17535714375 0.8556866953125001 0.15285714375 0.918991415625 0.15607142916666666 0.9699570812499999 0.15785714374999998 0.9721030046875001 0.23785714375 0.9688841203124999 0.24000000000000002 0.966738196875
11 0.30214285625 0.8873390562499999 0.31714285625 0.8975321890625001 0.32142857083333337 0.89806866875 0.34571428541666666 0.8787553640624999 0.3535714291666666 0.8830472109375 0.37535714374999996 0.9087982828125 0.40607142916666666 0.8884120171875001 0.4375 0.8626609437500001 0.4375 0.8589055796875 0.43178571458333337 0.85193133125 0.3525 0.7660944203125 0.345 0.7687768234375 0.2689285708333333 0.83315450625 0.26821428541666664 0.8390557937500001 0.27821428541666665 0.8562231765625 0.2935714291666667 0.88036480625 0.30214285625 0.8873390562499999
1 0.22428571458333335 0.3583690984375 0.22428571458333335 0.353540771875 0.21964285625000002 0.3503218890625 0.2125 0.3497854078125 0.21 0.35085836875 0.20857142916666668 0.354613734375 0.20857142916666668 0.36319742499999996 0.21321428541666665 0.37660944218750003 0.2175 0.377682403125 0.22428571458333335 0.3583690984375
1 0.2175 0.4812231765625 0.21714285625000002 0.4774678109375 0.20678571458333334 0.472639484375 0.20107142916666668 0.4753218890625 0.20071428541666667 0.48444205937499996 0.20535714375 0.4983905578125 0.21 0.4989270390625 0.2175 0.4812231765625
1 0.47892857083333334 0.28004291875 0.47714285625 0.2746781109375 0.47 0.271459228125 0.4632142854166667 0.27199570781250004 0.4589285708333334 0.2778969953125 0.4589285708333334 0.28379828281249997 0.46964285625 0.3020386265625 0.47214285624999996 0.299892703125 0.47892857083333334 0.28004291875
1 0.5092857145833334 0.449570815625 0.5085714291666666 0.44635193125 0.49428571458333337 0.44259656718749996 0.4875 0.4468884125 0.4875 0.45654506406250006 0.4967857145833333 0.4742489265625 0.5007142854166667 0.473712446875 0.5092857145833334 0.449570815625
8 0.4425 0.6394849781249999 0.44607142916666664 0.6384120171875 0.45107142916666665 0.634120171875 0.45535714374999997 0.6266094421874999 0.46392857083333333 0.591738196875 0.48142857083333335 0.5724248921874999 0.48821428541666667 0.5606223171875 0.48964285625 0.550429184375 0.4885714291666667 0.5429184546875 0.48142857083333335 0.532188840625 0.46714285624999996 0.5219957078124999 0.45571428541666664 0.5177038625 0.4442857145833334 0.5187768234375 0.4389285708333333 0.52414163125 0.42857142916666663 0.5413090125 0.415 0.5718884125 0.41035714375 0.5879828328125 0.41035714375 0.60193133125 0.41464285625 0.61373390625 0.4282142854166667 0.6298283265625 0.4425 0.6394849781249999
8 0.5135714291666666 0.5579399140625 0.5196428562500001 0.5670600859375 0.525 0.5815450640625001 0.5325 0.589592275 0.5407142854166668 0.589592275 0.54714285625 0.582618025 0.5571428562499999 0.5670600859375 0.5632142854166666 0.5472102999999999 0.56285714375 0.532725321875 0.55464285625 0.508583690625 0.5407142854166668 0.48444205937499996 0.53035714375 0.47585836875 0.52214285625 0.47693133125 0.5117857145833333 0.48658798281250004 0.4985714291666667 0.508583690625 0.49285714375 0.5257510734374999 0.4925 0.5370171671875 0.49428571458333337 0.5461373390625 0.49785714375 0.5515021453125 0.5135714291666666 0.5579399140625
4 0.5642857145833333 0.674892703125 0.5707142854166667 0.674892703125 0.57714285625 0.6716738203125 0.5860714291666667 0.6620171671875 0.61035714375 0.63036480625 0.6207142854166666 0.6121244640625 0.6257142854166666 0.5992489265625001 0.6260714291666667 0.591738196875 0.6232142854166667 0.57725321875 0.6164285708333334 0.5606223171875 0.6107142854166666 0.5525751078125001 0.60464285625 0.550429184375 0.59535714375 0.5557939921874999 0.57714285625 0.586373390625 0.5639285708333334 0.592811159375 0.54285714375 0.592274678125 0.53535714375 0.5976394843749999 0.53 0.609442059375 0.53214285625 0.627682403125 0.5460714291666666 0.657725321875 0.5571428562499999 0.6711373390625 0.5642857145833333 0.674892703125
4 0.6360714291666666 0.41523605156250004 0.6410714291666667 0.41469957031250004 0.6571428562499999 0.4045064375 0.69 0.3771459234375 0.69964285625 0.359978540625 0.7010714291666668 0.348175965625 0.6967857145833333 0.325107296875 0.6892857145833333 0.3031115875 0.6825 0.2961373390625 0.67535714375 0.2966738203125 0.6675 0.30901287499999996 0.6571428562499999 0.33798283281249997 0.6460714291666666 0.3503218890625 0.6225 0.3621244640625 0.6174999999999999 0.3728540765625 0.61785714375 0.38412017187499997 0.62285714375 0.4002145921875 0.6296428562499999 0.41201716718750003 0.6360714291666666 0.41523605156250004
10 0.5907142854166667 0.17435622343749999 0.6264285708333334 0.1614806859375 0.63785714375 0.15504291875 0.645 0.1437768234375 0.64464285625 0.1298283265625 0.6417857145833333 0.121781115625 0.6375 0.115879828125 0.6225 0.1056866953125 0.6039285708333334 0.10032188906249999 0.58535714375 0.10193133125 0.5782142854166668 0.1062231765625 0.5671428562499999 0.11963519375000001 0.5557142854166667 0.1534334765625 0.55285714375 0.1679184546875 0.5539285708333334 0.1883047203125 0.5578571437500001 0.1925965671875 0.5642857145833333 0.1925965671875 0.5907142854166667 0.17435622343749999
2 0.5046428562499999 0.9790772531249999 0.5096428562499999 0.9774678109374999 0.5367857145833334 0.950107296875 0.5435714291666667 0.9399141625 0.545 0.9324034328125 0.5367857145833334 0.9061158796875001 0.52285714375 0.8723175968750001 0.51535714375 0.8615879828124999 0.51035714375 0.8583690984375 0.5057142854166666 0.859442059375 0.50035714375 0.865343346875 0.47535714375 0.9007510734374999 0.46535714375000004 0.9211373390625001 0.46535714375000004 0.9297210296875 0.4675 0.9356223171875 0.49428571458333337 0.9710300421875001 0.5046428562499999 0.9790772531249999
0 0.5185714291666667 0.7194206015625 0.5189285708333333 0.7151287546875 0.5110714291666667 0.707618025 0.50785714375 0.6979613734375001 0.505 0.69581545 0.5039285708333333 0.7006437765625 0.5035714291666666 0.7103004296875 0.5064285708333334 0.71995708125 0.51535714375 0.7226394843749999 0.5185714291666667 0.7194206015625
5 0.6214285708333332 0.61963519375 0.6232142854166667 0.6228540765624999 0.63 0.625 0.6425 0.6228540765624999 0.6442857145833333 0.6174892703125 0.6389285708333333 0.58905579375 0.63714285625 0.5847639484375 0.6332142854166667 0.5842274671875 0.6310714291666667 0.586373390625 0.6314285708333334 0.5992489265625001 0.6275 0.6105150218750001 0.6214285708333332 0.615343346875 0.6214285708333332 0.61963519375
11 0.8214285708333333 0.45547210312499997 0.8175 0.4474248921875 0.7482142854166667 0.354613734375 0.745 0.35515021406249997 0.7442857145833333 0.3572961375 0.7460714291666667 0.5675965671875 0.7482142854166667 0.57135193125 0.8210714291666666 0.46137339062500005 0.8214285708333333 0.45547210312499997
11 0.8760714291666667 0.151287553125 0.8735714291666666 0.133583690625 0.84214285625 0.06545064375000001 0.8385714291666667 0.061158798437499995 0.83464285625 0.0734978546875 0.8214285708333333 0.1325107296875 0.8217857145833333 0.13680257499999998 0.8732142854166667 0.152360515625 0.8760714291666667 0.151287553125
1 0.7657142854166668 0.086373390625 0.7614285708333333 0.079935621875 0.75214285625 0.07939914218750001 0.7432142854166667 0.0847639484375 0.74 0.0912017171875 0.74 0.098175965625 0.755 0.11856223125000001 0.7575000000000001 0.115879828125 0.7657142854166668 0.086373390625
5 0.6507142854166666 0.21995708125000002 0.65035714375 0.2162017171875 0.6439285708333333 0.2129828328125 0.6357142854166666 0.2011802578125 0.6335714291666666 0.2006437765625 0.6296428562499999 0.206008584375 0.63 0.21566523593750003 0.63714285625 0.22585836874999998 0.6439285708333333 0.22585836874999998 0.6507142854166666 0.21995708125000002
5 0.7139285708333334 0.151824034375 0.715 0.1351931328125 0.7139285708333334 0.133583690625 0.71035714375 0.1351931328125 0.69714285625 0.1587982828125 0.6967857145833333 0.16309012812499998 0.6989285708333333 0.16577253281249998 0.7107142854166667 0.1587982828125 0.7139285708333334 0.151824034375
1 0.6846428562500001 0.26716738125 0.6932142854166667 0.23444205937499998 0.69 0.2312231765625 0.68035714375 0.23015021406249997 0.6739285708333332 0.2333690984375 0.66964285625 0.24034334687499997 0.6692857145833333 0.24463519374999998 0.6714285708333333 0.2510729609375 0.6810714291666666 0.2666309015625 0.6846428562500001 0.26716738125
8 0.8482142854166667 0.9876609437500001 0.8560714291666667 0.9924892703125 0.8639285708333334 0.9951716734374999 0.8778571437499999 0.9930257515625 0.8910714291666667 0.9812231765625 0.8975000000000001 0.967811159375 0.89714285625 0.9484978546875 0.8910714291666667 0.9259656656249999 0.8842857145833333 0.914163090625 0.8732142854166667 0.9045064375 0.8660714291666667 0.9039699578124999 0.8524999999999999 0.9098712453125 0.83464285625 0.924892703125 0.82785714375 0.9350858375 0.8242857145833333 0.9458154499999999 0.82464285625 0.9554721031250001 0.82785714375 0.9651287546875 0.8482142854166667 0.9876609437500001
11 0.8935714291666667 0.73873390625 0.8992857145833334 0.729613734375 0.9 0.723712446875 0.8182142854166667 0.609978540625 0.8139285708333334 0.609442059375 0.8171428562499999 0.8315450640625001 0.8214285708333333 0.8347639484375 0.82785714375 0.8283261796874999 0.8935714291666667 0.73873390625
11 0.9589285708333333 0 0.87535714375 0.1266094421875 0.8757142854166666 0.1330472109375 0.91464285625 0.223175965625 0.94964285625 0.2982832625 0.9517857145833334 0.2896995703125 0.9592857145833332 0.1190987125 0.9614285708333333 0.1115879828125 0.9664285708333333 0.10783261875000001 0.99964285625 0.059012875 0.99964285625 0 0.9589285708333333 0
0 0.6739285708333332 0.76233905625 0.67214285625 0.75536480625 0.6664285708333334 0.759120171875 0.66214285625 0.77414163125 0.6567857145833333 0.7816523609375 0.6575000000000001 0.789163090625 0.6628571437499999 0.788626609375 0.6707142854166667 0.782188840625 0.6739285708333332 0.76233905625
11 0.99964285625 0.43133047187500007 0.98785714375 0.4028969953125 0.98285714375 0.40718884062500005 0.9485714291666666 0.511802575 0.9482142854166666 0.515557940625 0.9517857145833334 0.5193133046875 0.99964285625 0.5482832625 0.99964285625 0.43133047187500007
0 0.9185714291666667 0.3347639484375 0.92 0.32778969999999996 0.9142857145833333 0.325107296875 0.8932142854166667 0.3374463515625 0.89 0.341738196875 0.89035714375 0.35193133125 0.8939285708333333 0.354613734375 0.9039285708333333 0.3444206015625 0.9185714291666667 0.3347639484375
0 0.6542857145833333 0.5402360515625 0.6607142854166667 0.54184549375 0.6725 0.5402360515625 0.69 0.5257510734374999 0.69964285625 0.5037553640625 0.70214285625 0.48873390624999996 0.70214285625 0.4704935625 0.7 0.4533261796875 0.6928571437500001 0.43240343281250004 0.68714285625 0.4243562234375 0.6764285708333334 0.41899141562500003 0.6607142854166667 0.42274678125 0.6535714291666667 0.4281115875 0.6417857145833333 0.44581545 0.6364285708333333 0.45976394843749996 0.6314285708333334 0.4833690984375 0.6310714291666667 0.5059012875 0.6332142854166667 0.5160944203125 0.64285714375 0.532725321875 0.6542857145833333 0.5402360515625
0 0.5378571437499999 0.42328326250000003 0.5492857145833334 0.42650214531249997 0.5660714291666668 0.4216738203125 0.575 0.41469957031250004 0.58535714375 0.3937768234375 0.58964285625 0.365343346875 0.5871428562500001 0.341738196875 0.5807142854166667 0.3267167375 0.57214285625 0.31974248906249997 0.5592857145833333 0.31759656718749996 0.55 0.32135193125 0.5425 0.32725321875 0.5289285708333333 0.34495708125 0.5214285708333334 0.36266094375 0.51785714375 0.38143776875 0.5185714291666667 0.3975321890625 0.5225000000000001 0.40718884062500005 0.5314285708333333 0.41899141562500003 0.5378571437499999 0.42328326250000003