11 0.3744046428571428 0.253040236328125 0.40714285714285714 0.167203326171875 0.31666678571428575 0.1850858369140625 0.3416667857142857 0.2601931328125 0.3744046428571428 0.253040236328125
11 0.4392857142857143 0.101931330078125 0.41571428571428576 0.1416309013671875 0.41035714285714286 0.15396995703125 0.4067857142857143 0.1738197421875 0.40714285714285714 0.1888412021484375 0.45035714285714284 0.1829399140625 0.4682142857142857 0.177038626953125 0.49785714285714283 0.17221030078125 0.5017857142857143 0.168454935546875 0.47464285714285714 0.1056866953125 0.45821428571428574 0.092274677734375 0.44785714285714284 0.0933476396484375 0.4392857142857143 0.101931330078125
11 0.4153571428571428 0.3771459228515625 0.4164285714285714 0.3728540771484375 0.37607142857142856 0.2623390556640625 0.3732142857142857 0.2569742490234375 0.3678571428571428 0.2564377685546875 0.29000000000000004 0.26984978515625 0.28428571428571425 0.2725321884765625 0.2792857142857143 0.2816523603515625 0.2375 0.3916309013671875 0.23714285714285713 0.3964592275390625 0.23928571428571427 0.3975321884765625 0.29000000000000004 0.3910944208984375 0.295 0.3862660947265625 0.3092857142857143 0.3487124462890625 0.3314285714285714 0.34495708203125 0.3410714285714285 0.3481759658203125 0.3517857142857143 0.380901287109375 0.35464285714285715 0.38358369140625 0.4153571428571428 0.3771459228515625
11 0.5128571428571428 0.390557939453125 0.5057142857142858 0.390557939453125 0.42642857142857143 0.395386265625 0.41500000000000004 0.408261802734375 0.34964285714285714 0.4978540771484375 0.34928571428571425 0.5010729609375 0.35535714285714287 0.5064377685546875 0.4 0.5295064375 0.40750000000000003 0.532725322265625 0.41107142857142853 0.5316523603515625 0.4521428571428572 0.4806866953125 0.4664285714285714 0.4586909873046875 0.47464285714285714 0.4506437763671875 0.515 0.39324034375 0.5128571428571428 0.390557939453125
11 0.1957142857142857 0.4543991416015625 0.12428571428571428 0.4688841201171875 0.085 0.5847639482421875 0.08428571428571428 0.5885193134765625 0.08892857142857143 0.5890557939453125 0.13785714285714284 0.571888412109375 0.14392857142857143 0.56759656640625 0.14500000000000002 0.556598712890625 0.14785714285714285 0.54721030078125 0.15785714285714286 0.552575107421875 0.16464285714285715 0.5407725322265625 0.1992857142857143 0.456545064453125 0.1957142857142857 0.4543991416015625
11 0.17285714285714288 0.2998927041015625 0.1735714285714286 0.303648068359375 0.21214285714285713 0.322424892578125 0.21964285714285714 0.322961373046875 0.22964285714285712 0.3186695283203125 0.2317857142857143 0.3063304716796875 0.2342857142857143 0.211373390625 0.22035714285714283 0.2285407724609375 0.17857142857142858 0.2902360517578125 0.17285714285714288 0.2998927041015625
11 0.3032142857142857 0.716201716796875 0.3028571428571429 0.71995708203125 0.305 0.72210300390625 0.39964285714285713 0.726931330078125 0.3942857142857143 0.706008583984375 0.3703571428571429 0.63358369140625 0.36571428571428577 0.629291845703125 0.34 0.628755365234375 0.33499999999999996 0.6325107294921875 0.3175 0.6609442060546875 0.3032142857142857 0.716201716796875
11 0.15964285714285714 0.6840128759765625 0.16071428571428573 0.6893776826171875 0.22035714285714283 0.7714592275390625 0.2225 0.76877682421875 0.22285714285714286 0.74141630859375 0.21785714285714286 0.6185622314453125 0.2167857142857143 0.6174892705078125 0.21214285714285713 0.621244634765625 0.17535714285714285 0.65396995703125 0.1707142857142857 0.6598712451171875 0.15964285714285714 0.6840128759765625
11 0.08964285714285715 0.7854077255859375 0.06642857142857142 0.8583690986328125 0.0675 0.8739270390625 0.09464285714285714 0.9742489267578125 0.09821428571428571 0.986051501953125 0.1025 0.98927038671875 0.14142857142857143 0.9007510732421875 0.15571428571428572 0.854613734375 0.15464285714285714 0.8481759658203125 0.1057142857142857 0.7381974248046875 0.09642857142857142 0.7580472099609376 0.08964285714285715 0.7854077255859375
11 0.26142857142857145 0.9114806865234375 0.24321428571428572 0.8100858369140626 0.23392857142857143 0.76877682421875 0.2307142857142857 0.76877682421875 0.22464285714285714 0.775214591796875 0.19249999999999998 0.8159871240234375 0.17535714285714285 0.8556866953125 0.15285714285714286 0.918991416015625 0.15607142857142858 0.96995708203125 0.15785714285714286 0.97210300390625 0.23785714285714285 0.9688841201171875 0.24 0.966738197265625 0.21571428571428572 0.9216738193359375 0.215 0.9104077255859375 0.23392857142857143 0.9114806865234375 0.2571428571428571 0.9163090126953125 0.26035714285714284 0.9152360517578125 0.26142857142857145 0.9114806865234375
11 0.4060714285714286 0.888412017578125 0.4375 0.8626609443359375 0.4375 0.8589055791015625 0.4317857142857143 0.851931330078125 0.35250000000000004 0.7660944208984375 0.34500000000000003 0.76877682421875 0.2689285714285714 0.8331545068359375 0.26821428571428574 0.8390557939453125 0.27821428571428575 0.85622317578125 0.2935714285714286 0.880364806640625 0.30214285714285716 0.8873390556640625 0.3171428571428571 0.8975321884765625 0.32142857142857145 0.898068669921875 0.34571428571428575 0.878755365234375 0.35357142857142854 0.8830472099609376 0.37535714285714283 0.908798283203125 0.4060714285714286 0.888412017578125
1 0.20857142857142857 0.3631974248046875 0.21321428571428572 0.3766094423828125 0.21750000000000003 0.3776824033203125 0.22428571428571428 0.3583690986328125 0.22428571428571428 0.3535407724609375 0.21964285714285714 0.350321888671875 0.2125 0.349785408203125 0.21 0.350858369140625 0.20857142857142857 0.354613734375 0.20857142857142857 0.3631974248046875
1 0.21 0.4989270390625 0.21750000000000003 0.48122317578125 0.21714285714285717 0.4774678115234375 0.2067857142857143 0.4726394853515625 0.20107142857142857 0.475321888671875 0.20071428571428573 0.484442060546875 0.20535714285714285 0.4983905576171875 0.21 0.4989270390625
1 0.46964285714285714 0.302038626953125 0.4721428571428572 0.2998927041015625 0.4789285714285714 0.28004291796875 0.47714285714285715 0.274678111328125 0.47000000000000003 0.2714592275390625 0.46321428571428575 0.2719957080078125 0.45892857142857146 0.27789699609375 0.45892857142857146 0.283798283203125 0.46964285714285714 0.302038626953125
1 0.5007142857142857 0.4737124462890625 0.5092857142857142 0.4495708154296875 0.5085714285714286 0.446351931640625 0.4942857142857143 0.44259656640625 0.4875 0.446888412109375 0.4875 0.456545064453125 0.49678571428571433 0.4742489267578125 0.5007142857142857 0.4737124462890625
8 0.4882142857142857 0.5606223173828125 0.48964285714285716 0.5504291845703125 0.4885714285714286 0.542918455078125 0.48142857142857143 0.5321888408203125 0.46714285714285714 0.5219957080078125 0.4557142857142857 0.5177038623046875 0.4442857142857143 0.51877682421875 0.43892857142857145 0.524141630859375 0.42857142857142855 0.5413090126953125 0.41500000000000004 0.571888412109375 0.41035714285714286 0.5879828330078125 0.41035714285714286 0.601931330078125 0.41464285714285715 0.6137339052734375 0.42821428571428577 0.629828326171875 0.4425 0.639484978515625 0.4460714285714286 0.638412017578125 0.45107142857142857 0.634120171875 0.45535714285714285 0.6266094423828125 0.46392857142857147 0.591738197265625 0.48142857142857143 0.572424892578125 0.4882142857142857 0.5606223173828125
8 0.5571428571428572 0.5670600859375 0.5632142857142857 0.54721030078125 0.5628571428571428 0.532725322265625 0.5546428571428571 0.50858369140625 0.5407142857142857 0.484442060546875 0.5303571428571429 0.475858369140625 0.5221428571428571 0.476931330078125 0.5117857142857143 0.486587982421875 0.49857142857142855 0.50858369140625 0.4928571428571428 0.5257510732421875 0.4925 0.5370171669921875 0.4942857142857143 0.5461373388671875 0.49785714285714283 0.5515021455078125 0.5135714285714286 0.5579399140625 0.5196428571428571 0.5670600859375 0.525 0.581545064453125 0.5325 0.5895922744140625 0.5407142857142857 0.5895922744140625 0.5471428571428572 0.582618025390625 0.5571428571428572 0.5670600859375
4 0.6257142857142857 0.5992489267578125 0.6260714285714285 0.591738197265625 0.6232142857142857 0.57725321875 0.6164285714285714 0.5606223173828125 0.6107142857142858 0.552575107421875 0.6046428571428571 0.5504291845703125 0.5953571428571428 0.5557939912109375 0.5771428571428572 0.586373390625 0.5639285714285714 0.5928111591796875 0.5428571428571429 0.592274677734375 0.5353571428571429 0.5976394853515625 0.53 0.609442060546875 0.5321428571428571 0.6276824033203126 0.5460714285714285 0.657725322265625 0.5571428571428572 0.6711373388671875 0.5642857142857143 0.6748927041015625 0.5707142857142857 0.6748927041015625 0.5771428571428572 0.6716738193359375 0.5860714285714286 0.6620171669921875 0.6103571428571428 0.630364806640625 0.6207142857142857 0.6121244638671876 0.6257142857142857 0.5992489267578125
4 0.6967857142857142 0.3251072958984375 0.6892857142857143 0.303111587890625 0.6825000000000001 0.2961373388671875 0.6753571428571429 0.2966738193359375 0.6675000000000001 0.3090128759765625 0.6571428571428573 0.3379828330078125 0.6460714285714285 0.350321888671875 0.6225 0.3621244638671875 0.6175 0.3728540771484375 0.6178571428571429 0.384120171875 0.6228571428571429 0.400214591796875 0.6296428571428572 0.4120171669921875 0.6360714285714286 0.4152360517578125 0.6410714285714286 0.4146995712890625 0.6571428571428573 0.4045064375 0.6900000000000001 0.3771459228515625 0.6996428571428571 0.359978541015625 0.7010714285714286 0.3481759658203125 0.6967857142857142 0.3251072958984375
10 0.6375000000000001 0.115879828125 0.6225 0.1056866953125 0.6039285714285715 0.100321888671875 0.5853571428571429 0.101931330078125 0.5782142857142857 0.10622317578125 0.5671428571428572 0.119635193359375 0.5557142857142857 0.1534334765625 0.5528571428571428 0.167918455078125 0.5539285714285714 0.188304720703125 0.5578571428571428 0.19259656640625 0.5642857142857143 0.19259656640625 0.5907142857142857 0.1743562236328125 0.6264285714285714 0.1614806865234375 0.6378571428571428 0.15504291796875 0.645 0.14377682421875 0.6446428571428571 0.129828326171875 0.6417857142857143 0.1217811162109375 0.6375000000000001 0.115879828125
2 0.5228571428571429 0.8723175966796874 0.5153571428571428 0.861587982421875 0.5103571428571428 0.8583690986328125 0.5057142857142858 0.859442060546875 0.5003571428571428 0.86534334765625 0.47535714285714287 0.9007510732421875 0.4653571428571428 0.9211373388671875 0.4653571428571428 0.9297210302734376 0.46749999999999997 0.9356223173828125 0.4942857142857143 0.97103004296875 0.5046428571428572 0.9790772529296875 0.5096428571428572 0.9774678115234375 0.5367857142857142 0.9501072958984375 0.5435714285714286 0.9399141630859374 0.5449999999999999 0.93240343359375 0.5367857142857142 0.9061158798828125 0.5228571428571429 0.8723175966796874
0 0.5035714285714286 0.7103004287109375 0.5064285714285715 0.71995708203125 0.5153571428571428 0.7226394853515625 0.5185714285714286 0.7194206005859375 0.5189285714285714 0.7151287548828125 0.5110714285714286 0.707618025390625 0.5078571428571429 0.697961373046875 0.505 0.6958154501953125 0.5039285714285714 0.7006437763671876 0.5035714285714286 0.7103004287109375
5 0.6371428571428571 0.5847639482421875 0.6332142857142857 0.5842274677734375 0.6310714285714285 0.586373390625 0.6314285714285715 0.5992489267578125 0.6275 0.610515021484375 0.6214285714285714 0.61534334765625 0.6214285714285714 0.619635193359375 0.6232142857142857 0.6228540771484375 0.63 0.625 0.6425000000000001 0.6228540771484375 0.6442857142857142 0.6174892705078125 0.6389285714285714 0.5890557939453125 0.6371428571428571 0.5847639482421875
11 0.7482142857142857 0.571351931640625 0.8210714285714286 0.461373390625 0.8214285714285714 0.4554721025390625 0.8174999999999999 0.447424892578125 0.7482142857142857 0.354613734375 0.7450000000000001 0.35515021484375 0.7442857142857142 0.3572961376953125 0.7460714285714285 0.56759656640625 0.7482142857142857 0.571351931640625
11 0.8217857142857142 0.1368025751953125 0.8732142857142857 0.1523605146484375 0.8760714285714286 0.1512875537109375 0.8735714285714286 0.13358369140625 0.8421428571428572 0.0654506435546875 0.8385714285714286 0.0611587978515625 0.8346428571428571 0.0734978544921875 0.8214285714285714 0.1325107294921875 0.8217857142857142 0.1368025751953125
1 0.7549999999999999 0.1185622314453125 0.7575 0.115879828125 0.7657142857142858 0.086373390625 0.7614285714285715 0.0799356220703125 0.7521428571428571 0.0793991416015625 0.7432142857142856 0.0847639482421875 0.74 0.091201716796875 0.74 0.0981759658203125 0.7549999999999999 0.1185622314453125
5 0.63 0.215665236328125 0.6371428571428571 0.225858369140625 0.6439285714285714 0.225858369140625 0.6507142857142858 0.21995708203125 0.6503571428571429 0.216201716796875 0.6439285714285714 0.2129828330078125 0.6357142857142857 0.2011802578125 0.6335714285714286 0.2006437763671875 0.6296428571428572 0.206008583984375 0.63 0.215665236328125
5 0.6989285714285715 0.1657725322265625 0.7107142857142857 0.158798283203125 0.7139285714285715 0.1518240341796875 0.715 0.1351931328125 0.7139285714285715 0.13358369140625 0.7103571428571428 0.1351931328125 0.6971428571428571 0.158798283203125 0.6967857142857142 0.16309012890625 0.6989285714285715 0.1657725322265625
1 0.6692857142857144 0.244635193359375 0.6714285714285714 0.2510729609375 0.6810714285714287 0.2666309013671875 0.6846428571428571 0.2671673818359375 0.6932142857142858 0.234442060546875 0.6900000000000001 0.23122317578125 0.6803571428571429 0.23015021484375 0.6739285714285714 0.2333690986328125 0.6696428571428571 0.24034334765625 0.6692857142857144 0.244635193359375
8 0.8971428571428571 0.9484978544921875 0.8910714285714286 0.9259656650390625 0.8842857142857142 0.91416308984375 0.8732142857142857 0.9045064375 0.8660714285714286 0.90396995703125 0.8525 0.9098712451171875 0.8346428571428571 0.9248927041015625 0.8278571428571428 0.9350858369140626 0.8242857142857143 0.9458154501953125 0.8246428571428571 0.9554721025390625 0.8278571428571428 0.9651287548828125 0.8482142857142857 0.9876609443359375 0.8560714285714285 0.9924892705078125 0.8639285714285715 0.995171673828125 0.8778571428571429 0.9930257509765625 0.8910714285714286 0.98122317578125 0.8975 0.9678111591796875 0.8971428571428571 0.9484978544921875
11 0.8214285714285714 0.8347639482421875 0.8278571428571428 0.8283261806640625 0.8935714285714285 0.7387339052734375 0.8992857142857142 0.729613734375 0.9 0.7237124462890625 0.8182142857142858 0.609978541015625 0.8139285714285714 0.609442060546875 0.8171428571428572 0.831545064453125 0.8214285714285714 0.8347639482421875
11 0.9589285714285714 0 0.8753571428571428 0.1266094423828125 0.8757142857142857 0.1330472099609375 0.9146428571428572 0.2231759658203125 0.9496428571428571 0.29828326171875 0.9517857142857143 0.2896995712890625 0.9592857142857143 0.119098712890625 0.9614285714285714 0.111587982421875 0.9664285714285714 0.1078326181640625 0.9996428571428572 0.0590128759765625 0.9996428571428572 0 0.9589285714285714 0
0 0.6628571428571428 0.788626609375 0.6707142857142857 0.7821888408203125 0.6739285714285714 0.7623390556640625 0.6721428571428572 0.755364806640625 0.6664285714285715 0.759120171875 0.6621428571428571 0.774141630859375 0.6567857142857142 0.7816523603515625 0.6575 0.78916308984375 0.6628571428571428 0.788626609375
11 0.9996428571428572 0.54828326171875 0.9996428571428572 0.4313304716796875 0.9878571428571429 0.40289699609375 0.9828571428571428 0.4071888408203125 0.9485714285714285 0.5118025751953125 0.9482142857142857 0.515557939453125 0.9517857142857143 0.5193133046875 0.9996428571428572 0.54828326171875
0 0.8939285714285715 0.354613734375 0.9039285714285714 0.3444206005859375 0.9185714285714285 0.3347639482421875 0.9199999999999999 0.32778969921875 0.9142857142857143 0.3251072958984375 0.8932142857142856 0.3374463515625 0.89 0.341738197265625 0.8903571428571428 0.351931330078125 0.8939285714285715 0.354613734375
0 0.7021428571428572 0.4704935625 0.7 0.4533261806640625 0.692857142857143 0.43240343359375 0.6871428571428572 0.4243562236328125 0.6764285714285715 0.418991416015625 0.6607142857142857 0.42274678125 0.6535714285714286 0.428111587890625 0.6417857142857143 0.4458154501953125 0.6364285714285715 0.4597639482421875 0.6314285714285715 0.4833690986328125 0.6310714285714285 0.505901287109375 0.6332142857142857 0.5160944208984375 0.6428571428571429 0.532725322265625 0.6542857142857144 0.5402360517578125 0.6607142857142857 0.5418454931640625 0.6725 0.5402360517578125 0.6900000000000001 0.5257510732421875 0.6996428571428571 0.503755365234375 0.7021428571428572 0.4887339052734375 0.7021428571428572 0.4704935625
0 0.5871428571428572 0.341738197265625 0.5807142857142856 0.32671673828125 0.5721428571428572 0.3197424892578125 0.5592857142857143 0.31759656640625 0.5499999999999999 0.321351931640625 0.5425 0.32725321875 0.5289285714285714 0.34495708203125 0.5214285714285715 0.3626609443359375 0.5178571428571429 0.3814377685546875 0.5185714285714286 0.3975321884765625 0.5225 0.4071888408203125 0.5314285714285714 0.418991416015625 0.5378571428571428 0.42328326171875 0.5492857142857143 0.4265021455078125 0.5660714285714286 0.4216738193359375 0.5750000000000001 0.4146995712890625 0.5853571428571429 0.39377682421875 0.5896428571428571 0.36534334765625 0.5871428571428572 0.341738197265625