7 0.4673253854166666 0.2875536484375 0.45329634583333334 0.283261803125 0.44406671458333336 0.283261803125 0.44074404791666666 0.2864806859375 0.44258997499999997 0.341738196875 0.44480508541666663 0.353540771875 0.44849693749999997 0.36319742499999996 0.45846493958333334 0.37660944218750003 0.47323235 0.384656653125 0.48652301875 0.38841201718749996 0.5027671687499999 0.3851931328125 0.5046130958333334 0.37553648125 0.49944450208333335 0.3385193140625 0.48578464791666665 0.3133047203125 0.47433990625 0.2993562234375 0.4673253854166666 0.2875536484375
7 0.5212385520833334 0.4527897 0.5189583333333333 0.46030042968749996 0.5189583333333333 0.48175965625000006 0.5216185895833333 0.48551502187500006 0.533399725 0.47693133125 0.5505013729166667 0.45761802500000004 0.55240155625 0.450107296875 0.5535416666666666 0.4307939921875 0.5531616291666667 0.4039699578125 0.5505013729166667 0.3937768234375 0.54708104375 0.39216738125 0.5421405687499999 0.39699570781250004 0.5303594312500001 0.43723175937500003 0.5212385520833334 0.4527897
11 0.6325573187500001 0.3787553640625 0.630733025 0.3680257515625 0.6252601395833334 0.35515021406249997 0.6208818354166666 0.35193133125 0.6168683854166667 0.353540771875 0.6129764375 0.36462821875 0.5986254416666666 0.3830472109375 0.5829365083333333 0.40933476406249997 0.5778284833333333 0.41416309062499995 0.5479100520833333 0.45976394843749996 0.5468154770833333 0.46298283281249997 0.5515586416666667 0.466738196875 0.5617746916666667 0.4683476390625 0.5712610229166667 0.472639484375 0.5971660041666667 0.47585836875 0.60592261875 0.4742489265625 0.6278141520833334 0.44259656718749996 0.6343816145833333 0.431866953125 0.6365707666666667 0.424892703125 0.64532738125 0.41148068593750003 0.6383950625 0.39055794062500004 0.6325573187500001 0.3787553640625
8 0.8383779770833333 0.32725321875 0.8270418625 0.3229613734375 0.8127803 0.3218884125 0.8021755458333334 0.325107296875 0.7890110250000001 0.3347639484375 0.7806003604166667 0.3444206015625 0.7714583333333334 0.3589055796875 0.7714583333333334 0.36587982812500003 0.7743837833333332 0.3707081546875 0.7886453458333332 0.3830472109375 0.7985187354166666 0.3889484984375 0.8142430229166667 0.3910944203125 0.8255791375 0.38841201718749996 0.8398407 0.38036480625 0.8551993083333334 0.36266094375 0.8570277125000001 0.354613734375 0.8606845229166667 0.34871244687499997 0.8584904375 0.34495708125 0.8383779770833333 0.32725321875
4 0.9024702375 0.4334763953125 0.9010044645833334 0.424892703125 0.8980729166666667 0.4206008578125 0.8922098208333333 0.4179184546875 0.8859802833333333 0.420064378125 0.880850075 0.424892703125 0.8753534229166667 0.431866953125 0.8603292416666667 0.4704935625 0.8511681541666667 0.4871244640625 0.8269828875 0.509656653125 0.8214862354166667 0.5198497859375 0.8203869041666666 0.5246781109375 0.8214862354166667 0.533261803125 0.82625 0.5402360515625 0.8299144333333334 0.542381975 0.841640625 0.5413090125 0.8628943458333332 0.532725321875 0.8782849708333333 0.520386265625 0.8878125 0.5069742484375 0.8973400291666667 0.4822961375 0.9006380208333333 0.46566523593750003 0.9021037958333333 0.44849785468750003 0.9024702375 0.4334763953125
7 0.8256011895833333 0.6083690984375 0.81932738125 0.5912017171875 0.8049345229166666 0.5675965671875 0.7927559541666667 0.55364806875 0.7739345229166666 0.538090128125 0.7683988104166667 0.535407725 0.7636011895833333 0.53594420625 0.7636011895833333 0.562768240625 0.7669226208333334 0.5853004296875 0.7713511895833334 0.6024678109375 0.7772559541666666 0.6142703859374999 0.7894345229166666 0.63143776875 0.7957083333333334 0.63733905625 0.8126845229166667 0.6475321890625 0.8256011895833333 0.6507510734374999 0.8256011895833333 0.6384120171875 0.8281845229166667 0.63036480625 0.8281845229166667 0.6217811156249999 0.8256011895833333 0.6083690984375
4 0.8268154770833333 0.7280042921875001 0.8268154770833333 0.7333690984375 0.8293687 0.734442059375 0.92274374375 0.75643776875 0.9267559520833333 0.75536480625 0.92274374375 0.74356223125 0.9063301604166667 0.716738196875 0.890281325 0.7017167375 0.8797036833333334 0.6974248921874999 0.8658433270833333 0.69635193125 0.85563043125 0.700107296875 0.8406758333333334 0.711373390625 0.8268154770833333 0.7280042921875001
4 0.46814276250000003 0.7795064375 0.45580261250000004 0.7902360515625 0.44832373125 0.8047210296875 0.43897513541666666 0.831008584375 0.43860118958333333 0.8379828328125001 0.44009696666666664 0.842811159375 0.44458429375 0.8481759656250001 0.4509413395833333 0.8465665234375 0.46066388125 0.8353004296875 0.4819786875 0.8025751078125 0.48384840625 0.7972102999999999 0.4849702375 0.7864806859375 0.4819786875 0.7719957078124999 0.47861319166666666 0.7693133046875 0.47449980833333333 0.770922746875 0.46814276250000003 0.7795064375
7 0.3624965666666667 0.60193133125 0.35533024375 0.5981759656250001 0.35155849375 0.598712446875 0.35004979375 0.60193133125 0.34967261875 0.61963519375 0.35269001875 0.65504291875 0.3549530666666667 0.6646995703125 0.3719259395833333 0.6824034328125 0.3817324875 0.687768240625 0.3862585854166667 0.687231759375 0.38889881041666663 0.6802575109375 0.38889881041666663 0.6646995703125 0.38474988541666666 0.646459228125 0.37682921249999995 0.6239270390625 0.36626831458333337 0.6056866953125 0.3624965666666667 0.60193133125
3 0.6027008916666666 0.5187768234375 0.604278275 0.51126609375 0.60782738125 0.508583690625 0.6066443458333333 0.5037553640625 0.5920535708333333 0.48819742499999996 0.5873214291666666 0.49463519375000004 0.5857440479166667 0.502682403125 0.5857440479166667 0.515557940625 0.5908705354166667 0.520922746875 0.6027008916666666 0.5187768234375
3 0.5624702374999999 0.5525751078125001 0.5620386916666666 0.5429184546875 0.5572916666666666 0.538626609375 0.5534077375 0.5396995703125 0.5516815479166667 0.5429184546875 0.5521130958333333 0.5531115875 0.5503869041666667 0.556866953125 0.5572916666666666 0.5606223171875 0.5624702374999999 0.5525751078125001
3 0.5123466125 0.6110515015625 0.5079739 0.609978540625 0.5036011895833333 0.615879828125 0.5036011895833333 0.6266094421874999 0.5084111729166667 0.6287553640625 0.5136584270833333 0.6233905578125001 0.5149702374999999 0.615879828125 0.5123466125 0.6110515015625
3 0.5663988104166666 0.6201716734375 0.5655619729166667 0.615343346875 0.5609593833333334 0.6105150218750001 0.55635679375 0.6110515015625 0.55217261875 0.615879828125 0.5525910374999999 0.622317596875 0.55635679375 0.6260729609375 0.5634698895833333 0.6239270390625 0.5663988104166666 0.6201716734375
3 0.5137797625 0.645922746875 0.5146130958333334 0.63733905625 0.5125297625 0.634120171875 0.5054464270833333 0.6330472109375 0.5008630958333333 0.63733905625 0.5000297625 0.6432403437499999 0.5046130958333334 0.6523605156250001 0.5087797625 0.6523605156250001 0.5137797625 0.645922746875
3 0.5996130958333333 0.6507510734374999 0.5996130958333333 0.6475321890625 0.5835466270833333 0.6443133046875 0.5800198416666666 0.645922746875 0.5784523812500001 0.6507510734374999 0.5761011895833333 0.6652360515625 0.5811954375 0.6689914156250001 0.5913839291666666 0.6625536484375 0.5996130958333333 0.6507510734374999
7 0.6050760583333333 0.63036480625 0.6083035708333333 0.634656653125 0.6159689145833334 0.633583690625 0.6183895520833332 0.6298283265625 0.6228273812499999 0.6003218890625 0.6228273812499999 0.5906652359375 0.6208101854166667 0.5810085843749999 0.6131448416666667 0.5702789703125 0.6083035708333333 0.5702789703125 0.6066898145833334 0.5734978546875 0.60467261875 0.60193133125 0.6050760583333333 0.63036480625
4 0.6325297625 0.625 0.633669125 0.633583690625 0.6325297625 0.6443133046875 0.6348084875000001 0.6502145921875 0.64050530625 0.6566523609375 0.6545574541666667 0.6614806859375 0.6621532083333334 0.6507510734374999 0.6674702375 0.6384120171875 0.6655712979166667 0.6351931328125 0.6534180895833334 0.63626609375 0.647721275 0.634656653125 0.6363276395833334 0.625 0.6325297625 0.625
4 0.6855149729166666 0.5944206015625 0.6913988104166666 0.58315450625 0.6897177125 0.5734978546875 0.6859352458333333 0.5697424890625 0.6787905833333333 0.5777897000000001 0.6775297625000001 0.5810085843749999 0.6783703104166666 0.5879828328125 0.6817325020833334 0.59495708125 0.6855149729166666 0.5944206015625
3 0.6642559520833333 0.6056866953125 0.6638425041666667 0.5954935625 0.6617752583333334 0.5912017171875 0.65681386875 0.591738196875 0.6489583333333333 0.60085836875 0.64978523125 0.60783261875 0.6539197229166667 0.6105150218750001 0.6621887062499999 0.6083690984375 0.6642559520833333 0.6056866953125
3 0.65853980625 0.5515021453125 0.6619177833333333 0.5466738203125 0.6631845229166667 0.5407725328125 0.6610732895833333 0.53594420625 0.6543173354166666 0.53004291875 0.6509393604166667 0.532725321875 0.6496726187499999 0.5396995703125 0.6496726187499999 0.5520386265624999 0.6526283479166667 0.55418455 0.65853980625 0.5515021453125
3 0.7056416104166666 0.454935621875 0.7105087208333334 0.454935621875 0.7141590520833333 0.449034334375 0.7149702375 0.43884120156249995 0.7105087208333334 0.4334763953125 0.7060472041666667 0.4334763953125 0.6979353541666666 0.4420600859375 0.6975297625 0.44581545 0.70118009375 0.45225321875 0.7056416104166666 0.454935621875
3 0.7217063479166667 0.49087982812500003 0.7099107145833333 0.4780042921875 0.7058432541666666 0.4822961375 0.7050297625 0.49302575156249995 0.7082837291666666 0.4983905578125 0.7135714291666667 0.5005364812499999 0.7221130958333333 0.49463519375000004 0.7217063479166667 0.49087982812500003
3 0.7588988104166667 0.3937768234375 0.75565406875 0.38680257500000004 0.75159814375 0.38412017187499997 0.7467310354166667 0.38412017187499997 0.74226951875 0.38680257500000004 0.7414583333333333 0.3916309015625 0.7479478125 0.4028969953125 0.75565406875 0.3996781109375 0.7588988104166667 0.3937768234375
3 0.6974702374999999 0.3524678109375 0.6930434791666666 0.342274678125 0.68901915 0.342274678125 0.6837875270833333 0.3454935625 0.6797631979166667 0.35193133125 0.6789583333333333 0.3556866953125 0.68539725625 0.3610515015625 0.6950556416666667 0.35783261875 0.6974702374999999 0.3524678109375
3 0.7306845229166666 0.331008584375 0.72780075 0.32135193125 0.7253289479166667 0.318669528125 0.722445175 0.318133046875 0.71873746875 0.32135193125 0.7150297625 0.32725321875 0.7158536979166666 0.33261802500000004 0.72656485 0.33422746718749996 0.7306845229166666 0.331008584375
4 0.7284388541666666 0.3642703859375 0.7349702375 0.34871244687499997 0.7284388541666666 0.3465665234375 0.7119182895833334 0.34871244687499997 0.7057711041666667 0.35193133125 0.7053869041666666 0.3556866953125 0.71038149375 0.36587982812500003 0.7188338729166667 0.366416309375 0.7284388541666666 0.3642703859375
4 0.6863988104166666 0.42864806875 0.6827157729166667 0.41469957031250004 0.6790327375 0.41845493593749994 0.6773958333333333 0.4243562234375 0.6700297625 0.431866953125 0.67207589375 0.43562231718750005 0.6782142854166667 0.43937768281249995 0.6863988104166666 0.42864806875
4 0.6003818395833334 0.7006437765625 0.606403875 0.7017167375 0.61202444375 0.6968884125 0.61282738125 0.6925965671875 0.60760828125 0.68454935625 0.6011847770833333 0.681866953125 0.5955642083333333 0.6829399140625 0.5939583333333334 0.6850858375 0.5943598041666667 0.6899141625 0.6003818395833334 0.7006437765625
4 0.7023518291666666 0.5638412015625 0.7114608937500001 0.5675965671875 0.71715405625 0.574570815625 0.7346130958333333 0.5606223171875 0.7300585645833333 0.5557939921874999 0.716015425 0.5482832625 0.7069063624999999 0.5396995703125 0.7019722875000001 0.532188840625 0.6993154770833333 0.533261803125 0.7004541083333333 0.5606223171875 0.7023518291666666 0.5638412015625
1 0.76471264375 0.44849785468750003 0.7729669541666666 0.44635193125 0.7792559520833334 0.43562231718750005 0.7757183916666667 0.4275751078125 0.7690363291666666 0.42328326250000003 0.7611750833333333 0.4243562234375 0.7564583333333333 0.43133047187500007 0.7568513958333334 0.44045064375000004 0.7603889583333333 0.44581545 0.76471264375 0.44849785468750003
11 0.39002865833333333 0.88036480625 0.4088988104166667 0.86963519375 0.40778879999999995 0.865879828125 0.37559854375 0.8342274671875 0.35450837916666667 0.839592275 0.3496983395833333 0.841738196875 0.3489583333333333 0.8438841203124999 0.34932833750000003 0.8910944203125 0.35117835 0.8959227468750001 0.39002865833333333 0.88036480625
9 0.6496726187499999 0.6110515015625 0.6501785729166667 0.616416309375 0.6567559520833334 0.616416309375 0.6567559520833334 0.6115879828125 0.6496726187499999 0.6110515015625
9 0.6858779770833333 0.5954935625 0.6878273812500001 0.592274678125 0.6858779770833333 0.589592275 0.6800297625 0.589592275 0.6810044645833333 0.5960300421875 0.6858779770833333 0.5954935625
0 0.47032738125 0.533261803125 0.46675932291666666 0.5311158796875 0.4493154770833333 0.5434549359374999 0.4505048291666667 0.550429184375 0.45605514374999995 0.5563304718750001 0.4631912625 0.55418455 0.4691380270833333 0.5472102999999999 0.47032738125 0.533261803125
0 0.44574404791666666 0.591738196875 0.44574404791666666 0.5954935625 0.44853571458333336 0.6003218890625 0.45252381041666667 0.603540771875 0.4569107145833333 0.6030042921875001 0.46448809583333334 0.59495708125 0.4656845229166667 0.5810085843749999 0.46408928541666666 0.5788626609375 0.46129761874999997 0.580472103125 0.45730952291666666 0.585836909375 0.44574404791666666 0.591738196875
0 0.43639881041666667 0.383583690625 0.43404043541666665 0.3798283265625 0.42853756041666663 0.3787553640625 0.4179248770833333 0.371781115625 0.4136011895833333 0.372317596875 0.41438731666666667 0.38680257500000004 0.4171387520833333 0.3916309015625 0.42893062499999995 0.395386265625 0.43639881041666667 0.383583690625
0 0.4220416666666667 0.3433476390625 0.42443452291666667 0.34495708125 0.42882142916666666 0.3438841203125 0.43520238125 0.3385193140625 0.43639881041666667 0.324570815625 0.4328095229166667 0.3202789703125 0.42882142916666666 0.3218884125 0.4196488104166667 0.32778969999999996 0.41685714375 0.33261802500000004 0.4164583333333333 0.3347639484375 0.4220416666666667 0.3433476390625
0 0.4260090958333333 0.4222103 0.4331452145833333 0.41523605156250004 0.43354166666666666 0.41094420625000005 0.42918070625000004 0.40557939843749996 0.41887297916666666 0.3996781109375 0.4137191145833333 0.3996781109375 0.4129262125 0.401287553125 0.4125297625 0.41148068593750003 0.42085523333333336 0.41952789687500003 0.4260090958333333 0.4222103
0 0.42736861249999997 0.466738196875 0.42818452291666664 0.46298283281249997 0.42573678958333333 0.45922746718749996 0.41961745 0.45547210312499997 0.41268220208333334 0.454935621875 0.4114583333333333 0.46137339062500005 0.4151299354166667 0.46942060156250004 0.42206518541666666 0.4710300421875 0.42736861249999997 0.466738196875
0 0.5221130958333333 0.41899141562500003 0.5221130958333333 0.41201716718750003 0.5178472229166666 0.4045064375 0.5114484125 0.4034334765625 0.5097420625 0.4066523609375 0.5093154770833334 0.41094420625000005 0.5123015875 0.41952789687500003 0.5199801583333333 0.4211373390625 0.5221130958333333 0.41899141562500003
0 0.41526785625 0.515021459375 0.41782738125 0.5080472109375 0.41697420625 0.49785407656249997 0.41142857083333334 0.49302575156249995 0.4050297625 0.49463519375000004 0.4050297625 0.5010729609375 0.40844246041666665 0.511802575 0.4110019854166667 0.515021459375 0.41526785625 0.515021459375
0 0.40203296875 0.472639484375 0.4024702375 0.46351931406249997 0.3972229854166667 0.45547210312499997 0.3932875458333333 0.454935621875 0.3911011895833333 0.4570815453125 0.39241300416666663 0.4742489265625 0.39372481666666664 0.47693133125 0.39766025625 0.4780042921875 0.40203296875 0.472639484375
0 0.4936011895833333 0.49302575156249995 0.4962440479166667 0.5080472109375 0.5024107145833333 0.51126609375 0.5046130958333334 0.5059012875 0.50417261875 0.496781115625 0.4980059520833333 0.491416309375 0.4936011895833333 0.49302575156249995
0 0.3483812541666667 0.407725321875 0.35309069791666664 0.41148068593750003 0.35819259583333335 0.41201716718750003 0.3644718520833334 0.40557939843749996 0.36604166666666665 0.3910944203125 0.36329449166666666 0.38733905625 0.3566227791666667 0.38733905625 0.3479888020833333 0.39055794062500004 0.3428869041666667 0.395386265625 0.34406426458333333 0.401287553125 0.3483812541666667 0.407725321875
0 0.28170238124999997 0.3138412015625 0.28728571458333335 0.3149141625 0.290875 0.3116952796875 0.2924702375 0.3015021453125 0.2904761895833333 0.289163090625 0.2825 0.288626609375 0.2729285708333334 0.2929184546875 0.2725297625 0.29721030000000004 0.2753214291666667 0.30418455 0.28170238124999997 0.3138412015625
0 0.27668981458333336 0.36587982812500003 0.27876488125 0.3680257515625 0.28374503958333336 0.3680257515625 0.2899702375 0.3583690984375 0.2899702375 0.34871244687499997 0.2870651458333333 0.34495708125 0.28291501458333335 0.3438841203125 0.2771048291666667 0.3454935625 0.27544477500000003 0.3497854078125 0.2750297625 0.35944205937499996 0.27668981458333336 0.36587982812500003
3 0.2660248791666667 0.3562231765625 0.26889881041666663 0.34495708125 0.267667125 0.33798283281249997 0.260687575 0.3374463515625 0.25288690416666665 0.342274678125 0.25288690416666665 0.35139485000000004 0.25699252083333335 0.3583690984375 0.26274038541666667 0.35944205937499996 0.2660248791666667 0.3562231765625
3 0.25837611666666666 0.4163090125 0.2630208333333333 0.41469957031250004 0.2663988104166667 0.40557939843749996 0.2663988104166667 0.3937768234375 0.2613318458333333 0.39055794062500004 0.25795386875 0.39216738125 0.2533091520833333 0.39914163125 0.25288690416666665 0.407725321875 0.25499813958333334 0.41416309062499995 0.25837611666666666 0.4163090125
0 0.28961309583333333 0.6765021453125 0.28764136875 0.6732832625 0.2683184520833333 0.6738197421875001 0.2675297625 0.675429184375 0.27186756041666665 0.6834763953125 0.27936011875 0.687768240625 0.2836979166666667 0.687231759375 0.28961309583333333 0.6765021453125
0 0.28777893125 0.616416309375 0.2833174145833333 0.6142703859374999 0.2707440479166667 0.615343346875 0.2711496395833333 0.61963519375 0.28169504375 0.6298283265625 0.28493978541666665 0.6282188843750001 0.2881845229166667 0.6207081546875 0.28777893125 0.616416309375
2 0.34453296875 0.6217811156249999 0.3449702375 0.6148068671875 0.3423466125 0.609978540625 0.3379739 0.6089055796875 0.33403846249999997 0.6121244640625 0.33360118958333335 0.6180257515625 0.3357875458333333 0.6228540765624999 0.3397229854166667 0.6244635187500001 0.34453296875 0.6217811156249999
2 0.34560439375 0.565987125 0.34604166666666664 0.5611587984375 0.34385531041666667 0.5557939921874999 0.3381707875 0.5525751078125001 0.33467261875 0.55418455 0.33467261875 0.5600858375 0.3381707875 0.565987125 0.3412316854166667 0.5675965671875 0.34560439375 0.565987125
3 0.2142559520833333 0.7231759656250001 0.21628968333333332 0.7263948499999999 0.22483135 0.7231759656250001 0.22889881041666668 0.7151287546875 0.22727182499999998 0.6968884125 0.22442460208333334 0.6925965671875 0.21750992083333334 0.6883047203125 0.21466269999999998 0.6888412015625 0.21222222083333334 0.693133046875 0.21181547708333334 0.7103004296875 0.2142559520833333 0.7231759656250001
8 0.22550324791666665 0.8385193140625 0.23076163333333335 0.841738196875 0.2352110375 0.841738196875 0.23844696875 0.8385193140625 0.23925595208333333 0.8208154499999999 0.23359307291666667 0.8084763953125 0.23076163333333335 0.806866953125 0.22671671875000002 0.809012875 0.22145833333333334 0.8197424890624999 0.22145833333333334 0.831008584375 0.22550324791666665 0.8385193140625
0 0.23788690416666666 0.7639484984375 0.23832738125 0.7757510734374999 0.2405297625 0.7778969953125 0.24889881041666667 0.7784334765625001 0.24801785625 0.7660944203125 0.2409702375 0.76233905625 0.23788690416666666 0.7639484984375
10 0.35032738124999996 0.7043991421875 0.34992857083333334 0.6984978546875 0.34594047708333336 0.6899141625 0.33477381041666665 0.6920600859375 0.33078571458333333 0.6979613734375001 0.33038690416666666 0.7038626609375 0.33397618958333336 0.7097639484375 0.34633928541666664 0.707618025 0.35032738124999996 0.7043991421875
3 0.32464285625 0.6834763953125 0.32876253125 0.6834763953125 0.33164630208333334 0.6807939921874999 0.3324702375 0.6738197421875001 0.32835056458333334 0.6620171671875 0.32093515 0.6625536484375 0.31722744375 0.6652360515625 0.3168154770833333 0.6684549359374999 0.32423088958333335 0.6770386265624999 0.32464285625 0.6834763953125
7 0.30608047708333336 0.524511803125 0.31647333333333333 0.5368508578125 0.3207074604166667 0.5588465671875 0.31993761875 0.56260193125 0.32186222291666666 0.5642113734375 0.33340984166666665 0.5604560078125 0.33494952291666663 0.5588465671875 0.33340984166666665 0.5465075109375 0.32763603333333335 0.533631975 0.31957309791666666 0.5069152359375 0.3144490354166667 0.49434924843749994 0.30608047708333336 0.524511803125
5 0.7962669083333334 0.741416309375 0.8179734854166667 0.758583690625 0.82178165625 0.7580472109375 0.8236857416666666 0.7548283265625 0.8271130958333334 0.7451716734375 0.8259706437500001 0.740879828125 0.8004558979166667 0.7215665234374999 0.7977901791666666 0.7221030046875 0.79588609375 0.72585836875 0.7936011895833333 0.7355150218750001 0.7962669083333334 0.741416309375
5 0.9188988104166668 0.6496781109375 0.9184982645833333 0.636802575 0.9156944437500001 0.634120171875 0.903678075 0.634656653125 0.8996726187499999 0.6384120171875 0.8996726187499999 0.651287553125 0.9032775291666667 0.6545064375 0.9140922625000001 0.6539699578125 0.9188988104166668 0.6496781109375
5 0.8674309291666666 0.615879828125 0.8638628708333334 0.6110515015625 0.8468154770833334 0.61266094375 0.8472119270833333 0.6233905578125001 0.8511764374999999 0.6287553640625 0.8626735166666666 0.6292918453125 0.86782738125 0.6244635187500001 0.8674309291666666 0.615879828125
5 0.8454773812499999 0.6653487124999999 0.8432940479166666 0.6653487124999999 0.8432940479166666 0.6657242484375 0.8454773812499999 0.6657242484375 0.8454773812499999 0.6653487124999999
5 0.8488503604166666 0.674892703125 0.8492559520833333 0.663090128125 0.8472279895833333 0.660407725 0.8342490312499999 0.66094420625 0.8318154770833334 0.6646995703125 0.8318154770833334 0.6732832625 0.8342490312499999 0.6770386265624999 0.8460112145833333 0.6781115875 0.8488503604166666 0.674892703125
5 0.8972874895833333 0.5584763953125 0.8992559520833333 0.549892703125 0.8949253354166667 0.542381975 0.87917763125 0.5284334765625001 0.8768154770833333 0.53594420625 0.8768154770833333 0.5429184546875 0.88350825 0.55364806875 0.8937442562500001 0.5606223171875 0.8972874895833333 0.5584763953125
5 0.8288204875 0.5788626609375 0.8425997270833334 0.5879828328125 0.8465366541666667 0.5879828328125 0.8485051166666667 0.585836909375 0.8488988104166667 0.5815450640625001 0.8469303479166667 0.57725321875 0.8347258770833333 0.5600858375 0.8307889500000001 0.559012875 0.8268520270833334 0.568133046875 0.8264583333333333 0.5734978546875 0.8288204875 0.5788626609375
0 0.8271130958333334 0.5547210296875 0.8250733166666666 0.5493562234375 0.8173221541666666 0.545064378125 0.8132425958333334 0.5439914156250001 0.8107948604166667 0.5466738203125 0.8103869041666666 0.550429184375 0.8173221541666666 0.556866953125 0.8254812708333333 0.5579399140625 0.8271130958333334 0.5547210296875
5 0.7775297625 0.4833690984375 0.7779377166666667 0.49087982812500003 0.7824252333333334 0.4951716734375 0.7942559520833333 0.479613734375 0.79017639375 0.472639484375 0.7856888791666666 0.472639484375 0.7775297625 0.4833690984375
5 0.7553215249999999 0.633583690625 0.76784299375 0.6282188843750001 0.7717559520833334 0.6233905578125001 0.7709733604166666 0.61266094375 0.7697994729166666 0.6105150218750001 0.7662778104166666 0.6121244640625 0.7502346812499999 0.6233905578125001 0.7478869041666666 0.6266094421874999 0.7502346812499999 0.633583690625 0.7553215249999999 0.633583690625
3 0.7630569729166666 0.46459227500000005 0.7694515291666666 0.4710300421875 0.7734481291666667 0.4715665234375 0.7810416666666666 0.466738196875 0.7802423479166667 0.4624463515625 0.7718494895833333 0.45547210312499997 0.7686522104166666 0.449034334375 0.7654549333333333 0.4511802578125 0.7622576520833333 0.4570815453125 0.7614583333333333 0.46030042968749996 0.7630569729166666 0.46459227500000005
0 0.7335708458333333 0.4710300421875 0.739938725 0.4742489265625 0.7443166437500001 0.4742489265625 0.7471025895833333 0.4715665234375 0.7506845229166667 0.46351931406249997 0.7494905479166667 0.45922746718749996 0.7423266791666666 0.45815450625 0.7335708458333333 0.4511802578125 0.7307848979166667 0.4527897 0.7303869041666666 0.46298283281249997 0.7335708458333333 0.4710300421875
8 0.8642830083333333 0.6545064375 0.8731195875 0.66094420625 0.8827245666666667 0.657725321875 0.8892559520833333 0.6475321890625 0.8884875541666666 0.633583690625 0.879266775 0.6255364812499999 0.8731195875 0.6244635187500001 0.8673566020833333 0.6260729609375 0.85967261875 0.634656653125 0.85967261875 0.640021459375 0.8642830083333333 0.6545064375
5 0.8781845229166667 0.3975321890625 0.8700504645833332 0.38680257500000004 0.8638530875 0.38412017187499997 0.8576557104166667 0.3857296140625 0.8530076770833334 0.3927038625 0.8514583333333333 0.39860514999999996 0.8677264499999999 0.4028969953125 0.8746984979166667 0.4028969953125 0.8781845229166667 0.3975321890625
5 0.8738988104166666 0.353540771875 0.8702855875 0.3465665234375 0.8662708979166667 0.3460300421875 0.8586429833333333 0.35085836875 0.8558327 0.3556866953125 0.8550297625 0.36266094375 0.8590444520833334 0.3648068671875 0.87148999375 0.3589055796875 0.8738988104166666 0.353540771875
9 0.8684172625 0.346399678125 0.87080955 0.35104399218750004 0.87767488125 0.347929184375 0.8738783708333333 0.34268079375 0.8684172625 0.346399678125
8 0.9141558916666667 0.7027897000000001 0.9100297625 0.7103004296875 0.9107799666666666 0.723712446875 0.9212828416666666 0.7371244640625 0.9321608166666666 0.73873390625 0.9434138958333332 0.734978540625 0.9509159479166667 0.7263948499999999 0.9535416666666666 0.7188841203125 0.9527914625 0.710836909375 0.9482902291666666 0.70225321875 0.9366620479166666 0.69635193125 0.9284097916666667 0.69581545 0.9194073270833333 0.6990343343750001 0.9141558916666667 0.7027897000000001
2 0.9696130958333333 0.5718884125 0.9696130958333333 0.5633047203125 0.9645920875 0.556866953125 0.9591526604166667 0.5563304718750001 0.9553869041666666 0.5600858375 0.9558053229166668 0.5675965671875 0.96082633125 0.574570815625 0.9658473395833334 0.575107296875 0.9696130958333333 0.5718884125
2 0.5343154770833334 0.6759656656249999 0.5343154770833334 0.6824034328125 0.5365352166666667 0.6856223171875 0.5449702375 0.6856223171875 0.5449702375 0.6802575109375 0.5360912708333333 0.6732832625 0.5343154770833334 0.6759656656249999
2 0.5252797625 0.6561158796875 0.5239583333333333 0.6614806859375 0.5257202375 0.6646995703125 0.5292440479166667 0.66684549375 0.5349702375 0.6652360515625 0.5332083333333333 0.658261803125 0.5252797625 0.6561158796875
3 0.4990823416666667 0.69581545 0.5006845229166667 0.6850858375 0.49748015833333337 0.6759656656249999 0.4834610625 0.675429184375 0.48185887916666664 0.6775751078125001 0.4814583333333333 0.687768240625 0.48386160624999996 0.7017167375 0.49147197291666667 0.70225321875 0.4990823416666667 0.69581545
2 0.45667906875 0.6384120171875 0.45268353333333333 0.636802575 0.44913194375000004 0.6389484984375 0.44824404791666667 0.6432403437499999 0.45090773749999996 0.64806866875 0.45801091041666664 0.6486051500000001 0.4588988104166667 0.6427038625 0.45667906875 0.6384120171875
4 0.7592085895833333 0.3133047203125 0.74478590625 0.3138412015625 0.7383336541666666 0.3234978546875 0.7368154770833333 0.32778969999999996 0.7432677291666666 0.3315450640625 0.7584495 0.330472103125 0.7721130958333333 0.324570815625 0.7592085895833333 0.3133047203125
3 0.6239583333333333 0.354077253125 0.6256320020833334 0.360515021875 0.6319082645833334 0.3621244640625 0.6348371854166667 0.3589055796875 0.6381845229166667 0.3465665234375 0.6335819333333333 0.3444206015625 0.6239583333333333 0.354077253125
3 0.4046130958333333 0.2510729609375 0.40339631875 0.24409871249999998 0.3977180229166667 0.23873390625000002 0.3936620979166667 0.2371244640625 0.3883893958333333 0.2430257515625 0.38717261875000003 0.25 0.3924453229166666 0.2537553640625 0.40096276458333335 0.2537553640625 0.4046130958333333 0.2510729609375
9 0.390054825 0.2580472109375 0.3942559520833333 0.2559012875 0.39285557499999996 0.25160944218750003 0.38538690416666666 0.25053648125 0.3858536979166667 0.2548283265625 0.390054825 0.2580472109375
0 0.32379929375 0.238197425 0.3171744791666667 0.23766094375 0.3132775291666666 0.24034334687499997 0.31093936041666664 0.24409871249999998 0.3089908854166667 0.24946351875 0.3086011895833333 0.259656653125 0.31015997083333335 0.264484978125 0.313667225 0.2693133046875 0.32107142916666664 0.27414163125 0.3253580729166667 0.27360514999999996 0.32847563333333335 0.270386265625 0.32964471666666667 0.2660944203125 0.33315197083333337 0.259656653125 0.3335416666666667 0.2548283265625 0.33237258124999997 0.24731759687500002 0.3300344125 0.2430257515625 0.32379929375 0.238197425
9 0.3189306520833333 0.27356813281250003 0.31890118958333336 0.2783744640625 0.3287263104166666 0.2775042921875 0.328122125 0.27075 0.32593836249999997 0.2733428109375 0.32192981249999997 0.2735659875 0.3189306520833333 0.27356813281250003
3 0.11755240833333333 0.4527897 0.11717261875 0.46405579374999995 0.11869176875 0.4683476390625 0.12173007291666667 0.4704935625 0.1414790375 0.46942060156250004 0.14869500625 0.466738196875 0.15211309583333332 0.46137339062500005 0.15173330625 0.4538626609375 0.14489712708333335 0.43508583749999996 0.1407194625 0.43133047187500007 0.13312370625 0.43454935624999996 0.12210986041666666 0.4447424890625 0.11755240833333333 0.4527897
3 0.0875297625 0.31545064375 0.09023230833333334 0.324570815625 0.10142857083333333 0.335836909375 0.10992228958333333 0.34120171718750003 0.11378306875000001 0.34066523593750003 0.11532738125 0.33798283281249997 0.11378306875000001 0.324570815625 0.10335896041666667 0.29881974218749996 0.09486524583333332 0.28701716718750003 0.09100446458333335 0.28594420625 0.08791583958333334 0.289163090625 0.0875297625 0.31545064375
3 0.11074404791666666 0.24463519374999998 0.11189560625 0.2725321890625 0.11381486458333333 0.28004291875 0.11880494583333333 0.282725321875 0.13108821666666667 0.26824034375 0.13876526250000001 0.25536480625 0.14068452291666667 0.24892703906250002 0.13569444374999998 0.2333690984375 0.12993666041666666 0.22585836874999998 0.12341117291666667 0.222639484375 0.11957265 0.2253218890625 0.11458257083333333 0.23283261875 0.11074404791666666 0.24463519374999998
3 0.04639881041666667 0.27199570781250004 0.05413690416666667 0.27360514999999996 0.06148809583333333 0.26824034375 0.0649702375 0.253218884375 0.06264881041666666 0.24463519374999998 0.05800595208333333 0.2392703859375 0.05142857083333333 0.2360515015625 0.046011904166666666 0.23658798281250001 0.037886904166666666 0.24463519374999998 0.038273810416666665 0.259656653125 0.04639881041666667 0.27199570781250004
11 0 0.73468915 0.0146485 0.7457081546875 0.05405635833333333 0.7038626609375 0.062083887500000004 0.693133046875 0.07449006458333333 0.6824034328125 0.09711309583333333 0.6539699578125 0.09309933125 0.6518240343749999 0.04639371875 0.6528969953125 0.026324902083333334 0.6566523609375 0.015013387500000001 0.6566523609375 0.0033369854166666667 0.66094420625 0 0.662988475 0 0.73468915
3 0.12123825 0.57135193125 0.13008302083333334 0.5777897000000001 0.14354245 0.5767167375 0.14854166666666666 0.5718884125 0.14854166666666666 0.5675965671875 0.1462343375 0.5649141625 0.13123668541666667 0.5547210296875 0.1258529125 0.5547210296875 0.11931547708333333 0.5606223171875 0.11931547708333333 0.5670600859375 0.12123825 0.57135193125
0 0.1793154770833333 0.43937768281249995 0.18162956666666666 0.44581545 0.19975660416666668 0.45654506406250006 0.20361342291666668 0.4543991421875 0.2074702375 0.43562231718750005 0.2074702375 0.4211373390625 0.20592751041666668 0.41899141562500003 0.19242865208333332 0.4179184546875 0.18818615416666665 0.41952789687500003 0.18355797499999998 0.4238197421875 0.18047252083333334 0.4307939921875 0.1793154770833333 0.43937768281249995
0 0.05038690416666667 0.3610515015625 0.0518926375 0.36856223125 0.05942129583333333 0.3792918453125 0.0778665125 0.389484978125 0.08577160416666667 0.3878755359375 0.08953593541666667 0.3830472109375 0.09104166666666667 0.3728540765625 0.08614803958333334 0.36587982812500003 0.060174162499999996 0.3503218890625 0.056033400000000004 0.3492489265625 0.051139770833333334 0.3524678109375 0.05038690416666667 0.3610515015625
2 0.1245610125 0.4039699578125 0.1249702375 0.395922746875 0.12046875 0.3878755359375 0.11555803541666668 0.38626609375 0.10901041666666668 0.390021459375 0.10860118958333334 0.3943133046875 0.11514881041666666 0.402360515625 0.11924107083333334 0.4045064375 0.1245610125 0.4039699578125
3 0.09600458541666666 0.5059012875 0.09913495416666666 0.5042918453125 0.10343920833333334 0.49785407656249997 0.10461309583333334 0.49087982812500003 0.10343920833333334 0.48873390624999996 0.09913495416666666 0.48980686718750005 0.08152663958333334 0.49946351875 0.08074404791666666 0.5032188843750001 0.0838744125 0.50536480625 0.09600458541666666 0.5059012875
3 0.0567129625 0.582618025 0.07002314791666667 0.58315450625 0.07915013333333333 0.5740343343750001 0.08675595208333334 0.556866953125 0.083713625 0.55364806875 0.07534722291666666 0.55364806875 0.06698081875 0.556866953125 0.058614418749999994 0.5638412015625 0.0525297625 0.5724248921874999 0.0525297625 0.5788626609375 0.0567129625 0.582618025
4 0.04624216666666667 0.63143776875 0.07457550208333334 0.6389484984375 0.07904918541666667 0.6378755359375 0.08948778333333333 0.6298283265625 0.0924702375 0.6233905578125001 0.089114975 0.6207081546875 0.08240445 0.61963519375 0.05108866041666667 0.61963519375 0.044005325 0.6217811156249999 0.04288690416666666 0.6266094421874999 0.04624216666666667 0.63143776875
1 0.18659722291666667 0.24087982812500003 0.18467261875000002 0.24463519374999998 0.18813690416666665 0.2548283265625 0.1962202375 0.26555794062500004 0.20353372916666668 0.2666309015625 0.21084722291666666 0.26126609375 0.21238690416666667 0.2580472109375 0.21354166666666666 0.24356223125 0.21123214375000002 0.235515021875 0.20699801458333333 0.23015021406249997 0.19929960416666667 0.229077253125 0.19545039583333335 0.23068669531250002 0.18659722291666667 0.24087982812500003
3 0.13860118958333334 0.089592275 0.13860118958333334 0.098712446875 0.14346974166666668 0.1056866953125 0.16369295625 0.115879828125 0.17118303541666666 0.116416309375 0.17530257916666667 0.113197425 0.1786731166666667 0.10675965624999999 0.18354166666666666 0.0761802578125 0.18054563333333334 0.0702789703125 0.17680059583333335 0.0692060078125 0.15507936666666666 0.07135193125 0.14234622916666667 0.081008584375 0.13860118958333334 0.089592275
3 0.11464285625 0.0160944203125 0.10932582708333333 0.01824034375 0.10248964791666666 0.028969957812500002 0.09717261875 0.033798282812500004 0.09793219375 0.0461373390625 0.09983113333333334 0.049892703125 0.10780667708333333 0.056330471874999996 0.11312370625 0.0552575109375 0.11578222083333332 0.05954935625 0.12033967291666667 0.0606223171875 0.12413755208333334 0.051502145312500004 0.13097373125 0.0434549359375 0.13211309583333333 0.0396995703125 0.13211309583333333 0.032188840625 0.12869500625 0.02414163125 0.11464285625 0.0160944203125
3 0.039315477083333335 0.13143776875 0.04240092916666667 0.140021459375 0.05011456458333333 0.1475321890625 0.057056833333333334 0.14324034375 0.06129933125 0.13680257499999998 0.06708455625 0.125 0.0674702375 0.1174892703125 0.06477046666666667 0.110515021875 0.05821387916666666 0.10997854062500001 0.04085820416666666 0.11856223125000001 0.039315477083333335 0.121781115625 0.039315477083333335 0.13143776875
9 0.13926552083333332 0.09869474218749999 0.13381047708333332 0.1054120171875 0.13814522291666667 0.113531115625 0.14435381041666667 0.105202253125 0.13926552083333332 0.09869474218749999
9 0.018272222916666667 0.0240021453125 0.02780238125 0.015101395312499998 0.023748895833333335 0.00784549375 0.022977985416666666 0.001692596875 0.010994047916666666 0.0116818671875 0.018272222916666667 0.0240021453125
3 0.21542658750000002 0.1706008578125 0.22812896666666665 0.1539699578125 0.22889881041666668 0.146459228125 0.2242797625 0.1416309015625 0.20965277708333332 0.13894849843749998 0.20618849166666667 0.140021459375 0.20079960416666667 0.15665236093749998 0.20002976249999999 0.168991415625 0.2011845229166667 0.1716738203125 0.21542658750000002 0.1706008578125
9 0.2171329375 0.17864806875 0.2199702375 0.1711373390625 0.21666005208333333 0.168991415625 0.21145833333333333 0.17221029999999998 0.2124041 0.17757510781250002 0.2171329375 0.17864806875
0 0.33504761875 0.38680257500000004 0.3406309520833333 0.38680257500000004 0.3490059520833333 0.3809012875 0.35139881041666665 0.3771459234375 0.35139881041666665 0.3669527890625 0.34741071458333334 0.35139485000000004 0.3458154770833334 0.3492489265625 0.34182738125 0.3497854078125 0.33185714374999997 0.36963519375 0.3314583333333333 0.38143776875 0.33504761875 0.38680257500000004
7 0.3237549604166666 0.4007510734375 0.32495659791666665 0.40987124531249997 0.3281609625 0.413090128125 0.33497023750000005 0.401287553125 0.32896205416666663 0.38841201718749996 0.3281609625 0.3798283265625 0.32936259791666667 0.3728540765625 0.3273598708333333 0.3707081546875 0.31574404791666666 0.3690987125 0.31574404791666666 0.3760729609375 0.3237549604166666 0.4007510734375
0 0.2728221604166666 0.2757510734375 0.28030231874999995 0.276824034375 0.28423924375 0.2725321890625 0.28581401458333333 0.26555794062500004 0.29053832291666665 0.265021459375 0.2921130958333333 0.2628755359375 0.2921130958333333 0.2580472109375 0.28699509166666665 0.2392703859375 0.2700663125 0.270386265625 0.26967261875 0.2725321890625 0.2728221604166666 0.2757510734375
10 0.9137748 0.49356223125 0.9282046083333333 0.491416309375 0.9472773354166667 0.4924892703125 0.9510416666666667 0.48873390624999996 0.9510416666666667 0.4839055796875 0.9484066354166667 0.48068669531249997 0.9213034625 0.46459227500000005 0.91640983125 0.467274678125 0.9103869041666666 0.4812231765625 0.9107633375 0.48980686718750005 0.9137748 0.49356223125
5 0.8888988104166666 0.39699570781250004 0.8880776854166667 0.39055794062500004 0.8839720708333334 0.38626609375 0.8761713979166666 0.3851931328125 0.8732974666666667 0.38733905625 0.8728869041666666 0.39055794062500004 0.8761713979166666 0.395922746875 0.88479319375 0.39860514999999996 0.8888988104166666 0.39699570781250004