7 0.46715077083333334 0.2875536484375 0.4526641208333333 0.283261803125 0.4431334291666667 0.283261803125 0.43970238125 0.2864806859375 0.44160851875 0.341738196875 0.44389588541666664 0.353540771875 0.4477081625 0.36319742499999996 0.45800130625 0.37660944218750003 0.4732504125 0.384656653125 0.48697460833333334 0.38841201718749996 0.503748625 0.3851931328125 0.5056547625 0.37553648125 0.500317575 0.3385193140625 0.4862121541666667 0.3133047203125 0.47439409583333336 0.2993562234375 0.46715077083333334 0.2875536484375
7 0.5203342479166666 0.4527897 0.5179166666666667 0.46030042968749996 0.5179166666666667 0.48175965625000006 0.5207371791666666 0.48551502187500006 0.5332280229166667 0.47693133125 0.5513598895833333 0.45761802500000004 0.5533745416666667 0.450107296875 0.5545833333333333 0.4307939921875 0.5541804020833333 0.4039699578125 0.5513598895833333 0.3937768234375 0.5477335166666666 0.39216738125 0.5424954208333334 0.39699570781250004 0.5300045791666667 0.43723175937500003 0.5203342479166666 0.4527897
11 0.633328925 0.3787553640625 0.63146605 0.3680257515625 0.625877425 0.35515021406249997 0.6214065270833333 0.35193133125 0.6173082 0.353540771875 0.6133339437499999 0.36462821875 0.5986794541666666 0.3830472109375 0.5826587291666667 0.40933476406249997 0.57744268125 0.41416309062499995 0.5468915333333333 0.45976394843749996 0.5457738104166666 0.46298283281249997 0.5506172833333333 0.466738196875 0.5610493833333333 0.4683476390625 0.57073633125 0.472639484375 0.5971891520833333 0.47585836875 0.6061309520833333 0.4742489265625 0.6284854479166667 0.44259656718749996 0.6351918 0.431866953125 0.6374272479166667 0.424892703125 0.6463690479166666 0.41148068593750003 0.6392901229166666 0.39055794062500004 0.633328925 0.3787553640625
8 0.8388988104166667 0.32725321875 0.8272980104166667 0.3229613734375 0.8127034562500001 0.3218884125 0.8018510937500001 0.325107296875 0.7883791958333333 0.3347639484375 0.77977215 0.3444206015625 0.7704166666666666 0.3589055796875 0.7704166666666666 0.36587982812500003 0.7734104229166667 0.3707081546875 0.7880049770833334 0.3830472109375 0.7981088979166666 0.3889484984375 0.81420033125 0.3910944203125 0.8258011333333334 0.38841201718749996 0.8403956874999999 0.38036480625 0.8561129 0.36266094375 0.8579839979166667 0.354613734375 0.8617261895833334 0.34871244687499997 0.8594808749999999 0.34495708125 0.8388988104166667 0.32725321875
4 0.9035119041666667 0.4334763953125 0.9020089291666668 0.424892703125 0.899002975 0.4206008578125 0.8929910708333334 0.4179184546875 0.8866034229166666 0.420064378125 0.8813430062500001 0.424892703125 0.8757068458333334 0.431866953125 0.8603013395833333 0.4704935625 0.8509077375 0.4871244640625 0.82610863125 0.509656653125 0.8204724708333334 0.5198497859375 0.8193452375 0.5246781109375 0.8204724708333334 0.533261803125 0.8253571416666666 0.5402360515625 0.8291145833333334 0.542381975 0.8411383916666666 0.5413090125 0.8629315479166666 0.532725321875 0.8787127979166667 0.520386265625 0.8884821416666667 0.5069742484375 0.8982514875 0.4822961375 0.9016331833333333 0.46566523593750003 0.9031361604166667 0.44849785468750003 0.9035119041666667 0.4334763953125
7 0.8265595229166667 0.6083690984375 0.8200833333333333 0.5912017171875 0.8052261895833334 0.5675965671875 0.7926547625 0.55364806875 0.7732261895833333 0.538090128125 0.7675119041666666 0.535407725 0.7625595229166666 0.53594420625 0.7625595229166666 0.562768240625 0.7659880958333333 0.5853004296875 0.7705595229166666 0.6024678109375 0.7766547625 0.6142703859374999 0.7892261895833333 0.63143776875 0.79570238125 0.63733905625 0.8132261895833334 0.6475321890625 0.8265595229166667 0.6507510734374999 0.8265595229166667 0.6384120171875 0.8292261895833334 0.63036480625 0.8292261895833334 0.6217811156249999 0.8265595229166667 0.6083690984375
4 0.8257738104166666 0.7280042921875001 0.8257738104166666 0.7333690984375 0.8283802583333333 0.734442059375 0.9237017729166667 0.75643776875 0.92779761875 0.75536480625 0.9237017729166667 0.74356223125 0.9069460374999999 0.716738196875 0.8905626520833334 0.7017167375 0.8797645104166667 0.6974248921874999 0.8656152250000001 0.69635193125 0.8551894333333333 0.700107296875 0.8399230958333334 0.711373390625 0.8257738104166666 0.7280042921875001
4 0.46842838124999997 0.7795064375 0.45553379583333337 0.7902360515625 0.44771889375 0.8047210296875 0.43795026875 0.831008584375 0.43755952291666667 0.8379828328125001 0.4391225041666667 0.842811159375 0.4438114458333333 0.8481759656250001 0.4504541083333333 0.8465665234375 0.4606134791666667 0.8353004296875 0.48288594583333333 0.8025751078125 0.4848396708333333 0.7972102999999999 0.4860119041666667 0.7864806859375 0.48288594583333333 0.7719957078124999 0.47936924166666667 0.7693133046875 0.47507104375 0.770922746875 0.46842838124999997 0.7795064375
7 0.3621359895833333 0.60193133125 0.3545890583333334 0.5981759656250001 0.3506169875 0.598712446875 0.3490281604166666 0.60193133125 0.34863095208333333 0.61963519375 0.35180860833333333 0.65504291875 0.35419185000000003 0.6646995703125 0.3720661625 0.6824034328125 0.38239354375 0.687768240625 0.3871600291666667 0.687231759375 0.3899404770833333 0.6802575109375 0.3899404770833333 0.6646995703125 0.38557119791666666 0.646459228125 0.3772298520833333 0.6239270390625 0.3661080583333333 0.6056866953125 0.3621359895833333 0.60193133125
3 0.6032589270833333 0.5187768234375 0.6049851187499999 0.51126609375 0.6088690479166666 0.508583690625 0.6075744041666666 0.5037553640625 0.59160714375 0.48819742499999996 0.5864285708333333 0.49463519375000004 0.5847023812500001 0.502682403125 0.5847023812500001 0.515557940625 0.5903125 0.520922746875 0.6032589270833333 0.5187768234375
3 0.5635119041666666 0.5525751078125001 0.5630059541666667 0.5429184546875 0.557440475 0.538626609375 0.5528869041666666 0.5396995703125 0.5508630958333334 0.5429184546875 0.55136905 0.5531115875 0.5493452375000001 0.556866953125 0.557440475 0.5606223171875 0.5635119041666666 0.5525751078125001
3 0.5129075104166667 0.6110515015625 0.5077335166666667 0.609978540625 0.5025595229166666 0.615879828125 0.5025595229166666 0.6266094421874999 0.5082509166666667 0.6287553640625 0.5144597083333333 0.6233905578125001 0.5160119041666666 0.615879828125 0.5129075104166667 0.6110515015625
3 0.5674404770833333 0.6201716734375 0.5664810916666667 0.615343346875 0.56120448125 0.6105150218750001 0.5559278708333333 0.6110515015625 0.5511309520833334 0.615879828125 0.5516106458333333 0.622317596875 0.5559278708333333 0.6260729609375 0.5640826333333333 0.6239270390625 0.5674404770833333 0.6201716734375
3 0.51470238125 0.645922746875 0.5156547625 0.63733905625 0.5132738104166666 0.634120171875 0.5051785708333333 0.6330472109375 0.49994047708333333 0.63733905625 0.4989880958333333 0.6432403437499999 0.5042261895833333 0.6523605156250001 0.5089880958333334 0.6523605156250001 0.51470238125 0.645922746875
3 0.6006547624999999 0.6507510734374999 0.6006547624999999 0.6475321890625 0.58316468125 0.6443133046875 0.5793253958333333 0.645922746875 0.5776190479166666 0.6507510734374999 0.5750595229166666 0.6652360515625 0.5806051583333333 0.6689914156250001 0.5916964291666668 0.6625536484375 0.6006547624999999 0.6507510734374999
7 0.6040806895833334 0.63036480625 0.6076785708333333 0.634656653125 0.61622354375 0.633583690625 0.6189219583333333 0.6298283265625 0.6238690479166666 0.6003218890625 0.6238690479166666 0.5906652359375 0.6216203708333333 0.5810085843749999 0.6130753958333333 0.5702789703125 0.6076785708333333 0.5702789703125 0.6058796291666667 0.5734978546875 0.6036309520833334 0.60193133125 0.6040806895833334 0.63036480625
4 0.6314880958333333 0.625 0.6326953916666667 0.633583690625 0.6314880958333333 0.6443133046875 0.6339026916666667 0.6502145921875 0.6399391833333333 0.6566523609375 0.65482919375 0.6614806859375 0.6628778458333334 0.6507510734374999 0.6685119041666667 0.6384120171875 0.6664997395833333 0.6351931328125 0.65362189375 0.63626609375 0.6475854041666668 0.634656653125 0.6355124208333333 0.625 0.6314880958333333 0.625
4 0.6856728000000001 0.5944206015625 0.6924404770833333 0.58315450625 0.6905068541666667 0.5734978546875 0.6861562041666667 0.5697424890625 0.6779383104166666 0.5777897000000001 0.6764880958333334 0.5810085843749999 0.67745490625 0.5879828328125 0.6813221479166667 0.59495708125 0.6856728000000001 0.5944206015625
3 0.6652976187499999 0.6056866953125 0.6648278645833333 0.5954935625 0.6624790875 0.5912017171875 0.6568420208333333 0.591738196875 0.6479166666666667 0.60085836875 0.6488561770833333 0.60783261875 0.6535537333333333 0.6105150218750001 0.6629488416666667 0.6083690984375 0.6652976187499999 0.6056866953125
3 0.6588653270833333 0.5515021453125 0.6627641375 0.5466738203125 0.6642261895833333 0.5407725328125 0.6617894354166667 0.53594420625 0.6539918145833333 0.53004291875 0.65009300625 0.532725321875 0.6486309520833333 0.5396995703125 0.6486309520833333 0.5520386265624999 0.6520424104166668 0.55418455 0.6588653270833333 0.5515021453125
3 0.7055689375 0.454935621875 0.7110174416666666 0.454935621875 0.7151038208333333 0.449034334375 0.7160119041666667 0.43884120156249995 0.7110174416666666 0.4334763953125 0.7060229791666667 0.4334763953125 0.6969421354166666 0.4420600859375 0.6964880958333333 0.44581545 0.700574475 0.45225321875 0.7055689375 0.454935621875
3 0.7226984125 0.49087982812500003 0.7094642875 0.4780042921875 0.7049007937499999 0.4822961375 0.7039880958333333 0.49302575156249995 0.7076388875 0.4983905578125 0.7135714291666667 0.5005364812499999 0.7231547625 0.49463519375000004 0.7226984125 0.49087982812500003
3 0.7599404770833333 0.3937768234375 0.7563081395833334 0.38680257500000004 0.7517677187499999 0.38412017187499997 0.7463192125 0.38412017187499997 0.74132475 0.38680257500000004 0.7404166666666666 0.3916309015625 0.7476813395833334 0.4028969953125 0.7563081395833334 0.3996781109375 0.7599404770833333 0.3937768234375
3 0.6985119041666666 0.3524678109375 0.69358695625 0.342274678125 0.6891097291666667 0.342274678125 0.6832893375 0.3454935625 0.6788121104166667 0.35193133125 0.6779166666666666 0.3556866953125 0.6850802270833333 0.3610515015625 0.6958255708333334 0.35783261875 0.6985119041666666 0.3524678109375
3 0.7317261895833334 0.331008584375 0.7284586458333333 0.32135193125 0.7256578958333333 0.318669528125 0.72239035 0.318133046875 0.7181892229166666 0.32135193125 0.7139880958333333 0.32725321875 0.7149216791666666 0.33261802500000004 0.7270582708333334 0.33422746718749996 0.7317261895833334 0.331008584375
4 0.7290205645833333 0.3642703859375 0.7360119041666666 0.34871244687499997 0.7290205645833333 0.3465665234375 0.7113365791666666 0.34871244687499997 0.70475649375 0.35193133125 0.7043452375 0.3556866953125 0.7096915583333333 0.36587982812500003 0.7187391770833333 0.366416309375 0.7290205645833333 0.3642703859375
4 0.6874404770833333 0.42864806875 0.6832886895833333 0.41469957031250004 0.6791369041666666 0.41845493593749994 0.6772916666666667 0.4243562234375 0.6689880958333333 0.431866953125 0.67129464375 0.43562231718750005 0.6782142854166667 0.43937768281249995 0.6874404770833333 0.42864806875
4 0.6000493916666667 0.7006437765625 0.6067363229166667 0.7017167375 0.6129774583333333 0.6968884125 0.6138690479166667 0.6925965671875 0.60807370625 0.68454935625 0.60094098125 0.681866953125 0.5946998479166666 0.6829399140625 0.5929166666666668 0.6850858375 0.5933624625 0.6899141625 0.6000493916666667 0.7006437765625
4 0.701489375 0.5638412015625 0.7111360729166667 0.5675965671875 0.7171652583333333 0.574570815625 0.7356547625 0.5606223171875 0.7308314125 0.5557939921874999 0.7159594229166667 0.5482832625 0.7063127229166667 0.5396995703125 0.7010874312500001 0.532188840625 0.6982738104166667 0.533261803125 0.6994796458333333 0.5606223171875 0.701489375 0.5638412015625
1 0.7644252875 0.44849785468750003 0.7734339083333333 0.44635193125 0.78029761875 0.43562231718750005 0.77643678125 0.4275751078125 0.7691440875000001 0.42328326250000003 0.7605644500000001 0.4243562234375 0.7554166666666667 0.43133047187500007 0.7558456499999999 0.44045064375000004 0.7597064875 0.44581545 0.7644252875 0.44849785468750003
11 0.39041446041666666 0.88036480625 0.40994047708333337 0.86963519375 0.40879188749999995 0.865879828125 0.37548280416666663 0.8342274671875 0.35365961250000005 0.839592275 0.34868239166666665 0.841738196875 0.34791666666666665 0.8438841203124999 0.34829953125 0.8910944203125 0.35021384375 0.8959227468750001 0.39041446041666666 0.88036480625
9 0.6486309520833333 0.6110515015625 0.6492857166666667 0.616416309375 0.65779761875 0.616416309375 0.65779761875 0.6115879828125 0.6486309520833333 0.6110515015625
9 0.6863988104166666 0.5954935625 0.6888690479166667 0.592274678125 0.6863988104166666 0.589592275 0.6789880958333333 0.589592275 0.6802232145833333 0.5960300421875 0.6863988104166666 0.5954935625
0 0.4713690479166667 0.533261803125 0.4674472145833333 0.5311158796875 0.44827381041666664 0.5434549359374999 0.4495810854166667 0.550429184375 0.45568171458333334 0.5563304718750001 0.4635253833333334 0.55418455 0.47006176875 0.5472102999999999 0.4713690479166667 0.533261803125
0 0.44470238125 0.591738196875 0.44470238125 0.5954935625 0.4477857145833333 0.6003218890625 0.4521904770833334 0.603540771875 0.4570357145833333 0.6030042921875001 0.4654047625 0.59495708125 0.46672618958333334 0.5810085843749999 0.4649642854166667 0.5788626609375 0.4618809520833333 0.580472103125 0.45747618958333336 0.585836909375 0.44470238125 0.591738196875
0 0.43744047708333333 0.383583690625 0.43486658333333333 0.3798283265625 0.42886083750000004 0.3787553640625 0.417278325 0.371781115625 0.41255952291666664 0.372317596875 0.4134174895833333 0.38680257500000004 0.41642036250000003 0.3916309015625 0.42928982083333334 0.395386265625 0.43744047708333333 0.383583690625
0 0.42158333333333337 0.3433476390625 0.4242261895833333 0.34495708125 0.4290714291666667 0.3438841203125 0.43611904791666667 0.3385193140625 0.43744047708333333 0.324570815625 0.43347618958333334 0.3202789703125 0.4290714291666667 0.3218884125 0.4189404770833333 0.32778969999999996 0.41585714375 0.33261802500000004 0.41541666666666666 0.3347639484375 0.42158333333333337 0.3433476390625
0 0.42630390833333337 0.4222103 0.43414757291666667 0.41523605156250004 0.4345833333333333 0.41094420625000005 0.42978998333333335 0.40557939843749996 0.41846024375 0.3996781109375 0.4127953708333333 0.3996781109375 0.4119238541666667 0.401287553125 0.41148809583333334 0.41148068593750003 0.4206390395833333 0.41952789687500003 0.42630390833333337 0.4222103
0 0.42830865208333335 0.466738196875 0.4292261895833333 0.46298283281249997 0.42647357708333333 0.45922746718749996 0.41959204375 0.45547210312499997 0.411792975 0.454935621875 0.41041666666666665 0.46137339062500005 0.41454558541666664 0.46942060156250004 0.42234465833333334 0.4710300421875 0.42830865208333335 0.466738196875
0 0.5231547625 0.41899141562500003 0.5231547625 0.41201716718750003 0.51819444375 0.4045064375 0.5107539666666666 0.4034334765625 0.5087698395833333 0.4066523609375 0.5082738104166666 0.41094420625000005 0.5117460333333333 0.41952789687500003 0.5206746041666667 0.4211373390625 0.5231547625 0.41899141562500003
0 0.41589285625 0.515021459375 0.4188690479166667 0.5080472109375 0.4178769854166667 0.49785407656249997 0.41142857083333334 0.49302575156249995 0.40398809583333334 0.49463519375000004 0.40398809583333334 0.5010729609375 0.4079563479166667 0.511802575 0.4109325395833333 0.515021459375 0.41589285625 0.515021459375
0 0.40299450625 0.472639484375 0.40351190416666666 0.46351931406249997 0.3973031125 0.45547210312499997 0.39264651875 0.454935621875 0.3900595229166666 0.4570815453125 0.39161172083333334 0.4742489265625 0.39316392083333335 0.47693133125 0.3978205125 0.4780042921875 0.40299450625 0.472639484375
0 0.49255952291666666 0.49302575156249995 0.49570238125 0.5080472109375 0.5030357145833333 0.51126609375 0.5056547625 0.5059012875 0.5051309520833334 0.496781115625 0.49779761875 0.491416309375 0.49255952291666666 0.49302575156249995
0 0.34783393749999997 0.407725321875 0.3529671104166667 0.41148068593750003 0.3585280479166667 0.41201716718750003 0.3653722770833333 0.40557939843749996 0.3670833333333333 0.3910944203125 0.36408898333333334 0.38733905625 0.35681698958333335 0.38733905625 0.347406175 0.39055794062500004 0.3418452375 0.395386265625 0.34312853125 0.401287553125 0.34783393749999997 0.407725321875
0 0.28161904791666664 0.3138412015625 0.28778571458333335 0.3149141625 0.29175 0.3116952796875 0.29351190416666667 0.3015021453125 0.2913095229166667 0.289163090625 0.2825 0.288626609375 0.2719285708333333 0.2929184546875 0.27148809583333333 0.29721030000000004 0.27457142916666666 0.30418455 0.28161904791666664 0.3138412015625
0 0.2758796291666667 0.36587982812500003 0.2782440479166667 0.3680257515625 0.28391865208333333 0.3680257515625 0.29101190416666667 0.3583690984375 0.29101190416666667 0.34871244687499997 0.28770171875 0.34495708125 0.2829728854166667 0.3438841203125 0.2763525145833333 0.3454935625 0.27446097708333334 0.3497854078125 0.27398809583333333 0.35944205937499996 0.2758796291666667 0.36587982812500003
3 0.2666926145833333 0.3562231765625 0.2699404770833333 0.34495708125 0.2685485354166667 0.33798283281249997 0.26066086666666666 0.3374463515625 0.2518452375 0.342274678125 0.2518452375 0.35139485000000004 0.25648504375 0.3583690984375 0.26298076875 0.35944205937499996 0.2666926145833333 0.3562231765625
3 0.25818080416666667 0.4163090125 0.2635416666666667 0.41469957031250004 0.26744047708333335 0.40557939843749996 0.26744047708333335 0.3937768234375 0.2615922625 0.39055794062500004 0.25769345208333333 0.39216738125 0.2523325895833333 0.39914163125 0.2518452375 0.407725321875 0.25428199375 0.41416309062499995 0.25818080416666667 0.4163090125
0 0.2906547625 0.6765021453125 0.288497025 0.6732832625 0.2673511916666667 0.6738197421875001 0.2664880958333333 0.675429184375 0.27123511875 0.6834763953125 0.279434525 0.687768240625 0.28418154791666667 0.687231759375 0.2906547625 0.6765021453125
0 0.28877215 0.616416309375 0.2837776875 0.6142703859374999 0.26970238125 0.615343346875 0.27015642083333335 0.61963519375 0.2819615166666667 0.6298283265625 0.28559385416666666 0.6282188843750001 0.28922618958333335 0.6207081546875 0.28877215 0.616416309375
2 0.34549450625 0.6217811156249999 0.34601190416666666 0.6148068671875 0.34290751041666667 0.609978540625 0.3377335166666667 0.6089055796875 0.3330769229166667 0.6121244640625 0.33255952291666663 0.6180257515625 0.33514651875 0.6228540765624999 0.3398031125 0.6244635187500001 0.34549450625 0.6217811156249999
2 0.34656593333333335 0.565987125 0.3470833333333333 0.5611587984375 0.34449633749999997 0.5557939921874999 0.33777014791666665 0.5525751078125001 0.3336309520833333 0.55418455 0.3336309520833333 0.5600858375 0.33777014791666665 0.565987125 0.3413919416666667 0.5675965671875 0.34656593333333335 0.565987125
3 0.21351190416666668 0.7231759656250001 0.21579365 0.7263948499999999 0.22537698333333334 0.7231759656250001 0.22994047708333334 0.7151287546875 0.22811507916666668 0.6968884125 0.22492063333333334 0.6925965671875 0.2171627 0.6883047203125 0.21396825416666668 0.6888412015625 0.21123015833333333 0.693133046875 0.21077381041666668 0.7103004296875 0.21351190416666668 0.7231759656250001
8 0.22493506666666668 0.8385193140625 0.23080898333333336 0.841738196875 0.23577921875 0.841738196875 0.23939393958333335 0.8385193140625 0.24029761875 0.8208154499999999 0.23397186041666668 0.8084763953125 0.23080898333333336 0.806866953125 0.22629058333333332 0.809012875 0.22041666666666665 0.8197424890624999 0.22041666666666665 0.831008584375 0.22493506666666668 0.8385193140625
0 0.2368452375 0.7639484984375 0.2373690479166667 0.7757510734374999 0.23998809583333333 0.7778969953125 0.24994047708333333 0.7784334765625001 0.24889285625 0.7660944203125 0.24051190416666665 0.76233905625 0.2368452375 0.7639484984375
10 0.3513690479166666 0.7043991421875 0.35092857083333334 0.6984978546875 0.3465238104166667 0.6899141625 0.3341904770833333 0.6920600859375 0.32978571458333333 0.6979613734375001 0.3293452375 0.7038626609375 0.33330952291666666 0.7097639484375 0.3469642854166667 0.707618025 0.3513690479166666 0.7043991421875
3 0.32464285625 0.6834763953125 0.32931077708333334 0.6834763953125 0.33257832083333333 0.6807939921874999 0.33351190416666665 0.6738197421875001 0.32884398541666665 0.6620171671875 0.32044172916666663 0.6625536484375 0.31624060000000004 0.6652360515625 0.31577381041666663 0.6684549359374999 0.3241760645833333 0.6770386265624999 0.32464285625 0.6834763953125
7 0.3050388104166667 0.524511803125 0.3161816666666667 0.5368508578125 0.3207213479166667 0.5588465671875 0.3198959520833334 0.56260193125 0.32195944375 0.5642113734375 0.33434039583333336 0.5604560078125 0.3359911895833333 0.5588465671875 0.33434039583333336 0.5465075109375 0.32814992083333333 0.533631975 0.31950512708333334 0.5069152359375 0.3140112854166667 0.49434924843749994 0.3050388104166667 0.524511803125
5 0.7953909625000001 0.741416309375 0.8184469687499999 0.758583690625 0.8224918833333333 0.7580472109375 0.8245143416666667 0.7548283265625 0.8281547625000001 0.7451716734375 0.8269412875000001 0.740879828125 0.7998403687500001 0.7215665234374999 0.7970089291666667 0.7221030046875 0.7949864729166667 0.72585836875 0.7925595229166666 0.7355150218750001 0.7953909625000001 0.741416309375
5 0.9199404770833334 0.6496781109375 0.9194965270833334 0.636802575 0.9163888895833333 0.634120171875 0.9030704375 0.634656653125 0.8986309520833333 0.6384120171875 0.8986309520833333 0.651287553125 0.9026264875 0.6545064375 0.9146130958333334 0.6539699578125 0.9199404770833334 0.6496781109375
5 0.8684332875 0.615879828125 0.8645114541666667 0.6110515015625 0.8457738104166667 0.61266094375 0.84620956875 0.6233905578125001 0.8505671604166667 0.6287553640625 0.8632041770833333 0.6292918453125 0.8688690479166666 0.6244635187500001 0.8684332875 0.615879828125
5 0.8465190479166667 0.6653487124999999 0.84225238125 0.6653487124999999 0.84225238125 0.6657242484375 0.8465190479166667 0.6657242484375 0.8465190479166667 0.6653487124999999
5 0.8498435791666666 0.674892703125 0.85029761875 0.663090128125 0.8480274083333333 0.660407725 0.8334980625 0.66094420625 0.8307738104166666 0.6646995703125 0.8307738104166666 0.6732832625 0.8334980625 0.6770386265624999 0.8466652833333334 0.6781115875 0.8498435791666666 0.674892703125
5 0.89814640625 0.5584763953125 0.90029761875 0.549892703125 0.8955649541666666 0.542381975 0.8783552625 0.5284334765625001 0.8757738104166666 0.53594420625 0.8757738104166666 0.5429184546875 0.8830879270833333 0.55364806875 0.8942742270833333 0.5606223171875 0.89814640625 0.5584763953125
5 0.82799811875 0.5788626609375 0.8430565979166667 0.5879828328125 0.8473590229166666 0.5879828328125 0.8495102333333333 0.585836909375 0.8499404770833333 0.5815450640625001 0.8477892645833334 0.57725321875 0.8344517541666666 0.5600858375 0.83014933125 0.559012875 0.8258469104166667 0.568133046875 0.8254166666666667 0.5734978546875 0.82799811875 0.5788626609375
0 0.8281547625000001 0.5547210296875 0.82586091875 0.5493562234375 0.8171443083333333 0.545064378125 0.81255661875 0.5439914156250001 0.8098040083333333 0.5466738203125 0.8093452375 0.550429184375 0.8171443083333333 0.556866953125 0.8263196854166667 0.5579399140625 0.8281547625000001 0.5547210296875
5 0.7764880958333333 0.4833690984375 0.7769468624999999 0.49087982812500003 0.7819933229166666 0.4951716734375 0.79529761875 0.479613734375 0.7907099291666667 0.472639484375 0.7856634729166667 0.472639484375 0.7764880958333333 0.4833690984375
5 0.7549287666666668 0.633583690625 0.7685431291666667 0.6282188843750001 0.77279761875 0.6233905578125001 0.7719467208333334 0.61266094375 0.770670375 0.6105150218750001 0.7668413354166667 0.6121244640625 0.74939793125 0.6233905578125001 0.7468452375 0.6266094421874999 0.74939793125 0.633583690625 0.7549287666666668 0.633583690625
3 0.7621853729166667 0.46459227500000005 0.7692602020833333 0.4710300421875 0.7736819729166666 0.4715665234375 0.7820833333333332 0.466738196875 0.7811989791666666 0.4624463515625 0.7719132666666667 0.45547210312499997 0.76837585 0.449034334375 0.7648384354166667 0.4511802578125 0.7613010208333333 0.4570815453125 0.7604166666666666 0.46030042968749996 0.7621853729166667 0.46459227500000005
0 0.7328559770833334 0.4710300421875 0.7398774520833334 0.4742489265625 0.7447047145833333 0.4742489265625 0.7477766104166667 0.4715665234375 0.7517261895833334 0.46351931406249997 0.7504096645833334 0.45922746718749996 0.7425105041666666 0.45815450625 0.7328559770833334 0.4511802578125 0.7297840812499999 0.4527897 0.7293452375 0.46298283281249997 0.7328559770833334 0.4710300421875
8 0.8635660166666667 0.6545064375 0.8730248916666666 0.66094420625 0.8833062770833333 0.657725321875 0.8902976187499999 0.6475321890625 0.8894751083333333 0.633583690625 0.8796049770833334 0.6255364812499999 0.8730248916666666 0.6244635187500001 0.8668560625 0.6260729609375 0.8586309520833333 0.634656653125 0.8586309520833333 0.640021459375 0.8635660166666667 0.6545064375
5 0.8792261895833333 0.3975321890625 0.8704580729166668 0.38680257500000004 0.8637776041666666 0.38412017187499997 0.8570971354166667 0.3857296140625 0.8520867833333334 0.3927038625 0.8504166666666666 0.39860514999999996 0.8679528979166666 0.4028969953125 0.875468425 0.4028969953125 0.8792261895833333 0.3975321890625
5 0.8749404770833333 0.353540771875 0.8709283166666667 0.3465665234375 0.8664703645833334 0.3460300421875 0.8580002541666667 0.35085836875 0.8548796854166666 0.3556866953125 0.8539880958333333 0.36266094375 0.8584460479166667 0.3648068671875 0.8722657041666667 0.3589055796875 0.8749404770833333 0.353540771875
9 0.8673755958333333 0.346399678125 0.8703062437500001 0.35104399218750004 0.8787165479166668 0.347929184375 0.8740656729166666 0.34268079375 0.8673755958333333 0.346399678125
8 0.91331178125 0.7027897000000001 0.9089880958333333 0.7103004296875 0.9097742208333333 0.723712446875 0.9207799666666666 0.7371244640625 0.932178775 0.73873390625 0.94397065 0.734978540625 0.9518318958333333 0.7263948499999999 0.9545833333333333 0.7188841203125 0.9537972083333333 0.710836909375 0.9490804604166667 0.70225321875 0.9368955250000001 0.69635193125 0.9282481541666667 0.69581545 0.9188146541666666 0.6990343343750001 0.91331178125 0.7027897000000001
2 0.9706547625 0.5718884125 0.9706547625 0.5633047203125 0.9648984604166666 0.556866953125 0.9586624645833334 0.5563304718750001 0.9543452375 0.5600858375 0.95482493125 0.5675965671875 0.9605812333333333 0.574570815625 0.9663375354166667 0.575107296875 0.9706547625 0.5718884125
2 0.5332738104166667 0.6759656656249999 0.5332738104166667 0.6824034328125 0.5359275770833333 0.6856223171875 0.5460119041666667 0.6856223171875 0.5460119041666667 0.6802575109375 0.535396825 0.6732832625 0.5332738104166667 0.6759656656249999
2 0.5244880958333333 0.6561158796875 0.5229166666666667 0.6614806859375 0.5250119041666667 0.6646995703125 0.52920238125 0.66684549375 0.5360119041666667 0.6652360515625 0.5339166666666666 0.658261803125 0.5244880958333333 0.6561158796875
3 0.49995039583333334 0.69581545 0.5017261895833334 0.6850858375 0.49817460416666665 0.6759656656249999 0.4826364083333334 0.675429184375 0.4808606166666667 0.6775751078125001 0.48041666666666666 0.687768240625 0.48308035625 0.7017167375 0.4915153770833333 0.70225321875 0.49995039583333334 0.69581545
2 0.45728670624999995 0.6384120171875 0.4525099208333333 0.636802575 0.4482638895833333 0.6389484984375 0.44720238125 0.6432403437499999 0.45038690416666666 0.64806866875 0.45887896666666667 0.6486051500000001 0.45994047708333335 0.6427038625 0.45728670624999995 0.6384120171875
4 0.75948860625 0.3133047203125 0.7442146708333334 0.3138412015625 0.7373815916666667 0.3234978546875 0.7357738104166667 0.32778969999999996 0.7426068854166666 0.3315450640625 0.7586847145833333 0.330472103125 0.7731547625 0.324570815625 0.75948860625 0.3133047203125
3 0.6229166666666667 0.354077253125 0.6248354333333332 0.360515021875 0.6320308125 0.3621244640625 0.6353886562500001 0.3589055796875 0.6392261895833333 0.3465665234375 0.6339495791666666 0.3444206015625 0.6229166666666667 0.354077253125
3 0.4056547625 0.2510729609375 0.40429263541666666 0.24409871249999998 0.3979360458333333 0.23873390625000002 0.393395625 0.2371244640625 0.3874930791666667 0.2430257515625 0.38613095208333337 0.25 0.39203350000000003 0.2537553640625 0.40156838333333333 0.2537553640625 0.4056547625 0.2510729609375
9 0.39010965000000003 0.2580472109375 0.39529761874999997 0.2559012875 0.39356829374999996 0.25160944218750003 0.3843452375 0.25053648125 0.38492167916666664 0.2548283265625 0.39010965000000003 0.2580472109375
0 0.32402715833333334 0.238197425 0.3168489583333333 0.23766094375 0.3126264875 0.24034334687499997 0.31009300624999997 0.24409871249999998 0.30798177083333333 0.24946351875 0.30755952291666666 0.259656653125 0.3092485125 0.264484978125 0.31304873541666667 0.2693133046875 0.32107142916666664 0.27414163125 0.32571614583333336 0.27360514999999996 0.3290941229166667 0.270386265625 0.3303608625 0.2660944203125 0.33416108541666667 0.259656653125 0.33458333333333334 0.2548283265625 0.33331659166666666 0.24731759687500002 0.33078311041666664 0.2430257515625 0.32402715833333334 0.238197425
9 0.31789523124999997 0.27356813281250003 0.3178595229166667 0.2783744640625 0.32976797708333333 0.2775042921875 0.3290356791666667 0.27075 0.32638886874999995 0.2733428109375 0.3215303395833333 0.2735659875 0.31789523124999997 0.27356813281250003
3 0.11653338541666666 0.4527897 0.11613095208333334 0.46405579374999995 0.11774068124999999 0.4683476390625 0.12096014583333334 0.4704935625 0.14188664583333335 0.46942060156250004 0.14953286875000002 0.466738196875 0.15315476249999999 0.46137339062500005 0.15275232916666667 0.4538626609375 0.14550854166666666 0.43508583749999996 0.14108178125 0.43133047187500007 0.133033125 0.43454935624999996 0.12136257916666666 0.4447424890625 0.11653338541666666 0.4527897
3 0.08648809583333333 0.31545064375 0.0893931875 0.324570815625 0.10142857083333333 0.335836909375 0.11055886250000001 0.34120171718750003 0.11470899583333334 0.34066523593750003 0.11636904791666666 0.33798283281249997 0.11470899583333334 0.324570815625 0.1035036375 0.29881974218749996 0.09437334791666667 0.28701716718750003 0.09022321458333334 0.28594420625 0.08690310833333334 0.289163090625 0.08648809583333333 0.31545064375
3 0.10970238125 0.24463519374999998 0.11093406666666666 0.2725321890625 0.11298687291666668 0.28004291875 0.11832417708333334 0.282725321875 0.13146214791666666 0.26824034375 0.13967338333333332 0.25536480625 0.14172618958333333 0.24892703906250002 0.13638888958333334 0.2333690984375 0.1302304625 0.22585836874999998 0.12325091666666667 0.222639484375 0.1191453 0.2253218890625 0.11380799791666667 0.23283261875 0.10970238125 0.24463519374999998
3 0.046011904166666666 0.27199570781250004 0.0543452375 0.27360514999999996 0.062261904166666666 0.26824034375 0.06601190416666666 0.253218884375 0.06351190625 0.24463519374999998 0.05851190416666666 0.2392703859375 0.05142857083333333 0.2360515015625 0.045595237500000003 0.23658798281250001 0.0368452375 0.24463519374999998 0.037261904166666665 0.259656653125 0.046011904166666666 0.27199570781250004
11 0 0.7354401484374999 0.013939858333333333 0.7457081546875 0.05418414791666667 0.7038626609375 0.06238205833333333 0.693133046875 0.07505155625 0.6824034328125 0.0981547625 0.6539699578125 0.09405580625000001 0.6518240343749999 0.04635886875 0.6528969953125 0.025864091666666665 0.6566523609375 0.014312489583333334 0.6566523609375 0.002388254166666667 0.66094420625 0 0.662376865625 0 0.7354401484374999
3 0.12033364583333334 0.57135193125 0.12980889791666667 0.5777897000000001 0.14422775833333334 0.5767167375 0.14958333333333332 0.5718884125 0.14958333333333332 0.5675965671875 0.14711152916666667 0.5649141625 0.13104479791666665 0.5547210296875 0.12527725416666666 0.5547210296875 0.11827381041666667 0.5606223171875 0.11827381041666667 0.5670600859375 0.12033364583333334 0.57135193125
0 0.17827381041666665 0.43937768281249995 0.18075913333333335 0.44581545 0.20022749583333335 0.45654506406250006 0.2043697 0.4543991421875 0.20851190416666665 0.43562231718750005 0.20851190416666665 0.4211373390625 0.2068550229166667 0.41899141562500003 0.19235730625 0.4179184546875 0.18780088125 0.41952789687500003 0.18283023541666665 0.4238197421875 0.17951647083333333 0.4307939921875 0.17827381041666665 0.43937768281249995
0 0.0493452375 0.3610515015625 0.050928131249999994 0.36856223125 0.05884259166666667 0.3792918453125 0.078233025 0.389484978125 0.08654321041666665 0.3878755359375 0.09050044166666667 0.3830472109375 0.09208333333333334 0.3728540765625 0.08693893333333333 0.36587982812500003 0.0596340375 0.3503218890625 0.05528108541666667 0.3492489265625 0.050136683333333334 0.3524678109375 0.0493452375 0.3610515015625
2 0.12555059583333333 0.4039699578125 0.12601190416666666 0.395922746875 0.12093749999999999 0.3878755359375 0.11540178541666667 0.38626609375 0.10802083333333333 0.390021459375 0.10755952291666666 0.3943133046875 0.11494047708333334 0.402360515625 0.11955357083333333 0.4045064375 0.12555059583333333 0.4039699578125
3 0.09629488541666667 0.5059012875 0.09969847916666666 0.5042918453125 0.10437841458333333 0.49785407656249997 0.1056547625 0.49087982812500003 0.10437841458333333 0.48873390624999996 0.09969847916666666 0.48980686718750005 0.08055327916666667 0.49946351875 0.07970238125 0.5032188843750001 0.08310597083333333 0.50536480625 0.09629488541666667 0.5059012875
3 0.055925925 0.582618025 0.07004629583333334 0.58315450625 0.0797288375 0.5740343343750001 0.08779761875 0.556866953125 0.08457010625 0.55364806875 0.07569444375 0.55364806875 0.06681878125 0.556866953125 0.057943122916666666 0.5638412015625 0.05148809583333334 0.5724248921874999 0.05148809583333334 0.5788626609375 0.055925925 0.582618025
4 0.04534147708333334 0.63143776875 0.07486528958333333 0.6389484984375 0.07952694375 0.6378755359375 0.09040413541666667 0.6298283265625 0.09351190416666667 0.6233905578125001 0.09001566458333334 0.6207081546875 0.08302318333333333 0.61963519375 0.050391604166666666 0.61963519375 0.04301065208333333 0.6217811156249999 0.0418452375 0.6266094421874999 0.04534147708333334 0.63143776875
1 0.18569444375 0.24087982812500003 0.18363095208333335 0.24463519374999998 0.1873452375 0.2548283265625 0.19601190416666667 0.26555794062500004 0.203853175 0.2666309015625 0.21169444375 0.26126609375 0.2133452375 0.2580472109375 0.21458333333333332 0.24356223125 0.21210714375 0.235515021875 0.20756746041666665 0.23015021406249997 0.19931349166666665 0.229077253125 0.19518650833333334 0.23068669531250002 0.18569444375 0.24087982812500003
3 0.13755952291666668 0.089592275 0.13755952291666668 0.098712446875 0.14265377083333333 0.1056866953125 0.16381448541666668 0.115879828125 0.17165178541666667 0.116416309375 0.17596230000000002 0.113197425 0.1794890875 0.10675965624999999 0.18458333333333332 0.0761802578125 0.1814484125 0.0702789703125 0.1775297625 0.0692060078125 0.1548015875 0.07135193125 0.141478175 0.081008584375 0.13755952291666668 0.089592275
3 0.11464285625 0.0160944203125 0.10900879791666668 0.01824034375 0.10176501041666668 0.028969957812500002 0.09613095208333333 0.033798282812500004 0.09693581666666667 0.0461373390625 0.09894798125 0.049892703125 0.10739906874999999 0.056330471874999996 0.113033125 0.0552575109375 0.11585015416666668 0.05954935625 0.12067934791666667 0.0606223171875 0.124703675 0.051502145312500004 0.13194746458333334 0.0434549359375 0.1331547625 0.0396995703125 0.1331547625 0.032188840625 0.12953286875 0.02414163125 0.11464285625 0.0160944203125
3 0.038273810416666665 0.13143776875 0.04158757291666667 0.140021459375 0.049871983333333335 0.1475321890625 0.05732795208333333 0.14324034375 0.06188437708333334 0.13680257499999998 0.06809768541666666 0.125 0.06851190416666667 0.1174892703125 0.06561236041666667 0.110515021875 0.05857061458333333 0.10997854062500001 0.039930691666666664 0.11856223125000001 0.038273810416666665 0.121781115625 0.038273810416666665 0.13143776875
9 0.13930175416666665 0.09869474218749999 0.13276881041666666 0.1054120171875 0.13796008958333333 0.113531115625 0.14539547708333334 0.105202253125 0.13930175416666665 0.09869474218749999
9 0.01813266041666667 0.0240021453125 0.028844047916666667 0.015101395312499998 0.024288145833333333 0.00784549375 0.023421685416666668 0.001692596875 0.00995238125 0.0116818671875 0.01813266041666667 0.0240021453125
3 0.21549603333333334 0.1706008578125 0.22911507916666668 0.1539699578125 0.22994047708333334 0.146459228125 0.22498809583333335 0.1416309015625 0.20930555625 0.13894849843749998 0.2055912708333333 0.140021459375 0.19981349166666668 0.15665236093749998 0.19898809583333332 0.168991415625 0.20022618958333332 0.1716738203125 0.21549603333333334 0.1706008578125
9 0.21748016041666668 0.17864806875 0.22101190416666666 0.1711373390625 0.21689153333333333 0.168991415625 0.21041666666666667 0.17221029999999998 0.21159391458333332 0.17757510781250002 0.21748016041666668 0.17864806875
0 0.33438095208333335 0.38680257500000004 0.34054761875 0.38680257500000004 0.34979761875000004 0.3809012875 0.3524404770833333 0.3771459234375 0.3524404770833333 0.3669527890625 0.3480357145833333 0.35139485000000004 0.34627381041666666 0.3492489265625 0.34186904791666667 0.3497854078125 0.33085714375 0.36963519375 0.33041666666666664 0.38143776875 0.33438095208333335 0.38680257500000004
7 0.3235813479166667 0.4007510734375 0.32491319375 0.40987124531249997 0.32846478333333334 0.413090128125 0.3360119041666667 0.401287553125 0.32935267916666666 0.38841201718749996 0.32846478333333334 0.3798283265625 0.32979662708333335 0.3728540765625 0.32757688333333335 0.3707081546875 0.31470238125 0.3690987125 0.31470238125 0.3760729609375 0.3235813479166667 0.4007510734375
0 0.27207289166666665 0.2757510734375 0.28024749375 0.276824034375 0.2845499166666666 0.2725321890625 0.28627088749999996 0.26555794062500004 0.29143379166666666 0.265021459375 0.2931547625 0.2628755359375 0.2931547625 0.2580472109375 0.2875616125 0.2392703859375 0.2690611958333333 0.270386265625 0.2686309520833333 0.2725321890625 0.27207289166666665 0.2757510734375
10 0.9129067458333334 0.49356223125 0.928076 0.491416309375 0.9481261020833334 0.4924892703125 0.9520833333333333 0.48873390624999996 0.9520833333333333 0.4839055796875 0.9493132708333333 0.48068669531249997 0.9208212083333333 0.46459227500000005 0.9156768062499999 0.467274678125 0.9093452375 0.4812231765625 0.9097409625 0.48980686718750005 0.9129067458333334 0.49356223125
5 0.8899404770833333 0.39699570781250004 0.8890125145833333 0.39055794062500004 0.8843727104166667 0.38626609375 0.87555708125 0.3851931328125 0.87230921875 0.38733905625 0.8718452375 0.39055794062500004 0.87555708125 0.395922746875 0.8853006708333333 0.39860514999999996 0.8899404770833333 0.39699570781250004