7 0.4589285708333334 0.37660944218750003 0.47321428541666666 0.384656653125 0.4860714291666667 0.38841201718749996 0.5017857145833333 0.3851931328125 0.5035714291666666 0.37553648125 0.4985714291666667 0.3385193140625 0.48535714375 0.3133047203125 0.4742857145833333 0.2993562234375 0.4675 0.2875536484375 0.4539285708333333 0.283261803125 0.445 0.283261803125 0.4417857145833333 0.2864806859375 0.4435714291666667 0.341738196875 0.4457142854166667 0.353540771875 0.44928571458333333 0.36319742499999996 0.4589285708333334 0.37660944218750003
7 0.54964285625 0.45761802500000004 0.5514285708333334 0.450107296875 0.5525 0.4307939921875 0.55214285625 0.4039699578125 0.54964285625 0.3937768234375 0.5464285708333333 0.39216738125 0.5417857145833334 0.39699570781250004 0.5307142854166667 0.43723175937500003 0.52214285625 0.4527897 0.52 0.46030042968749996 0.52 0.48175965625000006 0.5225000000000001 0.48551502187500006 0.5335714291666667 0.47693133125 0.54964285625 0.45761802500000004
11 0.5717857145833333 0.472639484375 0.5971428562500001 0.47585836875 0.6057142854166667 0.4742489265625 0.62714285625 0.44259656718749996 0.6335714291666666 0.431866953125 0.6357142854166666 0.424892703125 0.6442857145833333 0.41148068593750003 0.6375 0.39055794062500004 0.6317857145833333 0.3787553640625 0.63 0.3680257515625 0.62464285625 0.35515021406249997 0.6203571437500001 0.35193133125 0.6164285708333334 0.353540771875 0.6126189291666667 0.36462821875 0.5985714291666666 0.3830472109375 0.5832142854166666 0.40933476406249997 0.5782142854166668 0.41416309062499995 0.5489285708333332 0.45976394843749996 0.54785714375 0.46298283281249997 0.5525 0.466738196875 0.5625 0.4683476390625 0.5717857145833333 0.472639484375
8 0.7989285708333332 0.3889484984375 0.8142857145833333 0.3910944203125 0.82535714375 0.38841201718749996 0.8392857145833333 0.38036480625 0.8542857145833334 0.36266094375 0.8560714291666667 0.354613734375 0.85964285625 0.34871244687499997 0.8575 0.34495708125 0.83785714375 0.32725321875 0.8267857145833334 0.3229613734375 0.81285714375 0.3218884125 0.8025 0.325107296875 0.78964285625 0.3347639484375 0.7814285708333333 0.3444206015625 0.7725000000000001 0.3589055796875 0.7725000000000001 0.36587982812500003 0.77535714375 0.3707081546875 0.7892857145833333 0.3830472109375 0.7989285708333332 0.3889484984375
4 0.8307142854166667 0.542381975 0.84214285625 0.5413090125 0.86285714375 0.532725321875 0.8778571437499999 0.520386265625 0.88714285625 0.5069742484375 0.8964285708333333 0.4822961375 0.8996428562500001 0.46566523593750003 0.9010714291666667 0.44849785468750003 0.9014285708333334 0.4334763953125 0.9 0.424892703125 0.89714285625 0.4206008578125 0.8914285708333334 0.4179184546875 0.88535714375 0.420064378125 0.8803571437500001 0.424892703125 0.875 0.431866953125 0.86035714375 0.4704935625 0.8514285708333333 0.4871244640625 0.82785714375 0.509656653125 0.8225 0.5198497859375 0.8214285708333333 0.5246781109375 0.8225 0.533261803125 0.82714285625 0.5402360515625 0.8307142854166667 0.542381975
7 0.7778571437499999 0.6142703859374999 0.78964285625 0.63143776875 0.7957142854166667 0.63733905625 0.81214285625 0.6475321890625 0.82464285625 0.6507510734374999 0.82464285625 0.6384120171875 0.82714285625 0.63036480625 0.82714285625 0.6217811156249999 0.82464285625 0.6083690984375 0.8185714291666667 0.5912017171875 0.80464285625 0.5675965671875 0.79285714375 0.55364806875 0.7746428562500001 0.538090128125 0.7692857145833333 0.535407725 0.76464285625 0.53594420625 0.76464285625 0.562768240625 0.76785714375 0.5853004296875 0.77214285625 0.6024678109375 0.7778571437499999 0.6142703859374999
4 0.9257142854166667 0.75536480625 0.9217857145833332 0.74356223125 0.9057142854166667 0.716738196875 0.89 0.7017167375 0.8796428562499999 0.6974248921874999 0.8660714291666667 0.69635193125 0.8560714291666667 0.700107296875 0.8414285708333333 0.711373390625 0.82785714375 0.7280042921875001 0.82785714375 0.7333690984375 0.83035714375 0.734442059375 0.9217857145833332 0.75643776875 0.9257142854166667 0.75536480625
4 0.4514285708333333 0.8465665234375 0.46071428541666665 0.8353004296875 0.4810714291666667 0.8025751078125 0.48285714375000005 0.7972102999999999 0.48392857083333335 0.7864806859375 0.4810714291666667 0.7719957078124999 0.47785714375 0.7693133046875 0.47392857083333334 0.770922746875 0.46785714375 0.7795064375 0.45607142916666665 0.7902360515625 0.4489285708333333 0.8047210296875 0.44 0.831008584375 0.43964285625 0.8379828328125001 0.44107142916666664 0.842811159375 0.44535714375 0.8481759656250001 0.4514285708333333 0.8465665234375
7 0.3717857145833333 0.6824034328125 0.3810714291666667 0.687768240625 0.38535714375 0.687231759375 0.38785714374999997 0.6802575109375 0.38785714374999997 0.6646995703125 0.38392857083333337 0.646459228125 0.3764285708333333 0.6239270390625 0.36642857083333336 0.6056866953125 0.36285714375 0.60193133125 0.3560714291666667 0.5981759656250001 0.3525 0.598712446875 0.35107142916666667 0.60193133125 0.35071428541666666 0.61963519375 0.3535714291666666 0.65504291875 0.35571428541666666 0.6646995703125 0.3717857145833333 0.6824034328125
3 0.6035714291666667 0.51126609375 0.6067857145833333 0.508583690625 0.6057142854166667 0.5037553640625 0.5924999999999999 0.48819742499999996 0.5882142854166666 0.49463519375000004 0.5867857145833334 0.502682403125 0.5867857145833334 0.515557940625 0.5914285708333333 0.520922746875 0.60214285625 0.5187768234375 0.6035714291666667 0.51126609375
3 0.5614285708333333 0.5525751078125001 0.5610714291666666 0.5429184546875 0.5571428562499999 0.538626609375 0.5539285708333334 0.5396995703125 0.5525 0.5429184546875 0.55285714375 0.5531115875 0.5514285708333334 0.556866953125 0.5571428562499999 0.5606223171875 0.5614285708333333 0.5525751078125001
3 0.5139285708333333 0.615879828125 0.5117857145833333 0.6110515015625 0.5082142854166667 0.609978540625 0.5046428562499999 0.615879828125 0.5046428562499999 0.6266094421874999 0.5085714291666666 0.6287553640625 0.51285714375 0.6233905578125001 0.5139285708333333 0.615879828125
3 0.5653571437499999 0.6201716734375 0.56464285625 0.615343346875 0.5607142854166667 0.6105150218750001 0.5567857145833333 0.6110515015625 0.5532142854166667 0.615879828125 0.5535714291666667 0.622317596875 0.5567857145833333 0.6260729609375 0.56285714375 0.6239270390625 0.5653571437499999 0.6201716734375
3 0.51285714375 0.645922746875 0.5135714291666666 0.63733905625 0.5117857145833333 0.634120171875 0.5057142854166666 0.6330472109375 0.5017857145833333 0.63733905625 0.5010714291666667 0.6432403437499999 0.505 0.6523605156250001 0.5085714291666666 0.6523605156250001 0.51285714375 0.645922746875
3 0.5985714291666666 0.6507510734374999 0.5985714291666666 0.6475321890625 0.5839285708333333 0.6443133046875 0.5807142854166667 0.645922746875 0.5792857145833333 0.6507510734374999 0.57714285625 0.6652360515625 0.5817857145833333 0.6689914156250001 0.5910714291666667 0.6625536484375 0.5985714291666666 0.6507510734374999
7 0.61785714375 0.6298283265625 0.6217857145833333 0.6003218890625 0.6217857145833333 0.5906652359375 0.62 0.5810085843749999 0.6132142854166667 0.5702789703125 0.6089285708333333 0.5702789703125 0.6075 0.5734978546875 0.6057142854166667 0.60193133125 0.6060714291666667 0.63036480625 0.6089285708333333 0.634656653125 0.6157142854166667 0.633583690625 0.61785714375 0.6298283265625
4 0.6410714291666667 0.6566523609375 0.6542857145833333 0.6614806859375 0.6614285708333333 0.6507510734374999 0.6664285708333334 0.6384120171875 0.66464285625 0.6351931328125 0.6532142854166667 0.63626609375 0.64785714375 0.634656653125 0.63714285625 0.625 0.6335714291666666 0.625 0.63464285625 0.633583690625 0.6335714291666666 0.6443133046875 0.6357142854166666 0.6502145921875 0.6410714291666667 0.6566523609375
4 0.68535714375 0.5944206015625 0.6903571437499999 0.58315450625 0.6889285708333334 0.5734978546875 0.6857142854166667 0.5697424890625 0.67964285625 0.5777897000000001 0.6785714291666667 0.5810085843749999 0.6792857145833333 0.5879828328125 0.6821428562499999 0.59495708125 0.68535714375 0.5944206015625
3 0.6632142854166666 0.6056866953125 0.6628571437499999 0.5954935625 0.6610714291666666 0.5912017171875 0.6567857145833333 0.591738196875 0.65 0.60085836875 0.6507142854166666 0.60783261875 0.6542857145833333 0.6105150218750001 0.6614285708333333 0.6083690984375 0.6632142854166666 0.6056866953125
3 0.6610714291666666 0.5466738203125 0.66214285625 0.5407725328125 0.66035714375 0.53594420625 0.65464285625 0.53004291875 0.6517857145833333 0.532725321875 0.6507142854166666 0.5396995703125 0.6507142854166666 0.5520386265624999 0.6532142854166667 0.55418455 0.6582142854166667 0.5515021453125 0.6610714291666666 0.5466738203125
3 0.7100000000000001 0.454935621875 0.7132142854166666 0.449034334375 0.7139285708333334 0.43884120156249995 0.7100000000000001 0.4334763953125 0.7060714291666667 0.4334763953125 0.6989285708333333 0.4420600859375 0.6985714291666666 0.44581545 0.7017857145833334 0.45225321875 0.7057142854166667 0.454935621875 0.7100000000000001 0.454935621875
3 0.7210714291666667 0.49463519375000004 0.7207142854166667 0.49087982812500003 0.71035714375 0.4780042921875 0.7067857145833333 0.4822961375 0.7060714291666667 0.49302575156249995 0.7089285708333333 0.4983905578125 0.7135714291666667 0.5005364812499999 0.7210714291666667 0.49463519375000004
3 0.75785714375 0.3937768234375 0.755 0.38680257500000004 0.7514285708333334 0.38412017187499997 0.7471428562500001 0.38412017187499997 0.7432142854166667 0.38680257500000004 0.7424999999999999 0.3916309015625 0.7482142854166667 0.4028969953125 0.755 0.3996781109375 0.75785714375 0.3937768234375
3 0.6964285708333333 0.3524678109375 0.6925 0.342274678125 0.6889285708333334 0.342274678125 0.6842857145833333 0.3454935625 0.6807142854166667 0.35193133125 0.6799999999999999 0.3556866953125 0.6857142854166667 0.3610515015625 0.6942857145833333 0.35783261875 0.6964285708333333 0.3524678109375
3 0.72964285625 0.331008584375 0.72714285625 0.32135193125 0.725 0.318669528125 0.7225 0.318133046875 0.7192857145833333 0.32135193125 0.7160714291666667 0.32725321875 0.7167857145833333 0.33261802500000004 0.7260714291666667 0.33422746718749996 0.72964285625 0.331008584375
4 0.72785714375 0.3642703859375 0.7339285708333333 0.34871244687499997 0.72785714375 0.3465665234375 0.7125 0.34871244687499997 0.7067857145833333 0.35193133125 0.7064285708333333 0.3556866953125 0.7110714291666667 0.36587982812500003 0.7189285708333333 0.366416309375 0.72785714375 0.3642703859375
4 0.6782142854166667 0.43937768281249995 0.68535714375 0.42864806875 0.6821428562499999 0.41469957031250004 0.6789285708333334 0.41845493593749994 0.6775 0.4243562234375 0.6710714291666666 0.431866953125 0.67285714375 0.43562231718750005 0.6782142854166667 0.43937768281249995
4 0.6060714291666667 0.7017167375 0.6110714291666667 0.6968884125 0.6117857145833334 0.6925965671875 0.60714285625 0.68454935625 0.6014285708333333 0.681866953125 0.5964285708333333 0.6829399140625 0.5950000000000001 0.6850858375 0.59535714375 0.6899141625 0.6007142854166666 0.7006437765625 0.6060714291666667 0.7017167375
4 0.71714285625 0.574570815625 0.7335714291666666 0.5606223171875 0.7292857145833334 0.5557939921874999 0.7160714291666667 0.5482832625 0.7075 0.5396995703125 0.70285714375 0.532188840625 0.70035714375 0.533261803125 0.7014285708333333 0.5606223171875 0.7032142854166668 0.5638412015625 0.7117857145833334 0.5675965671875 0.71714285625 0.574570815625
1 0.7725000000000001 0.44635193125 0.7782142854166667 0.43562231718750005 0.775 0.4275751078125 0.7689285708333333 0.42328326250000003 0.7617857145833333 0.4243562234375 0.7575000000000001 0.43133047187500007 0.75785714375 0.44045064375000004 0.7610714291666666 0.44581545 0.765 0.44849785468750003 0.7725000000000001 0.44635193125
11 0.40785714375000004 0.86963519375 0.40678571458333335 0.865879828125 0.3757142854166667 0.8342274671875 0.35535714375 0.839592275 0.35071428541666666 0.841738196875 0.35 0.8438841203124999 0.35035714375 0.8910944203125 0.35214285625 0.8959227468750001 0.38964285625 0.88036480625 0.40785714375000004 0.86963519375
9 0.6507142854166666 0.6110515015625 0.6510714291666667 0.616416309375 0.6557142854166667 0.616416309375 0.6557142854166667 0.6115879828125 0.6507142854166666 0.6110515015625
9 0.68535714375 0.589592275 0.6810714291666666 0.589592275 0.6817857145833333 0.5960300421875 0.68535714375 0.5954935625 0.6867857145833334 0.592274678125 0.68535714375 0.589592275
0 0.46821428541666665 0.5472102999999999 0.46928571458333335 0.533261803125 0.46607142916666666 0.5311158796875 0.45035714374999997 0.5434549359374999 0.4514285708333333 0.550429184375 0.4564285708333333 0.5563304718750001 0.46285714375 0.55418455 0.46821428541666665 0.5472102999999999
0 0.44928571458333333 0.6003218890625 0.45285714375 0.603540771875 0.45678571458333334 0.6030042921875001 0.46357142916666666 0.59495708125 0.46464285625 0.5810085843749999 0.4632142854166667 0.5788626609375 0.46071428541666665 0.580472103125 0.45714285625 0.585836909375 0.4467857145833333 0.591738196875 0.4467857145833333 0.5954935625 0.44928571458333333 0.6003218890625
0 0.43535714375 0.383583690625 0.4332142854166667 0.3798283265625 0.4282142854166667 0.3787553640625 0.4185714291666667 0.371781115625 0.41464285625 0.372317596875 0.41535714375 0.38680257500000004 0.41785714375 0.3916309015625 0.42857142916666663 0.395386265625 0.43535714375 0.383583690625
0 0.42857142916666663 0.3438841203125 0.4342857145833333 0.3385193140625 0.43535714375 0.324570815625 0.43214285625 0.3202789703125 0.42857142916666663 0.3218884125 0.42035714375000005 0.32778969999999996 0.41785714375 0.33261802500000004 0.41750000000000004 0.3347639484375 0.42250000000000004 0.3433476390625 0.42464285625000003 0.34495708125 0.42857142916666663 0.3438841203125
0 0.43214285625 0.41523605156250004 0.4325 0.41094420625000005 0.42857142916666663 0.40557939843749996 0.41928571458333336 0.3996781109375 0.41464285625 0.3996781109375 0.4139285708333333 0.401287553125 0.41357142916666667 0.41148068593750003 0.4210714291666667 0.41952789687500003 0.42571428541666667 0.4222103 0.43214285625 0.41523605156250004
0 0.4264285708333333 0.466738196875 0.42714285625 0.46298283281249997 0.425 0.45922746718749996 0.41964285625000003 0.45547210312499997 0.41357142916666667 0.454935621875 0.4125 0.46137339062500005 0.41571428541666666 0.46942060156250004 0.42178571458333336 0.4710300421875 0.4264285708333333 0.466738196875
0 0.5210714291666666 0.41899141562500003 0.5210714291666666 0.41201716718750003 0.5175 0.4045064375 0.51214285625 0.4034334765625 0.5107142854166666 0.4066523609375 0.51035714375 0.41094420625000005 0.51285714375 0.41952789687500003 0.5192857145833334 0.4211373390625 0.5210714291666666 0.41899141562500003
0 0.41464285625 0.515021459375 0.4167857145833333 0.5080472109375 0.4160714291666666 0.49785407656249997 0.41142857083333334 0.49302575156249995 0.40607142916666666 0.49463519375000004 0.40607142916666666 0.5010729609375 0.40892857083333334 0.511802575 0.41107142916666667 0.515021459375 0.41464285625 0.515021459375
0 0.40107142916666666 0.472639484375 0.40142857083333333 0.46351931406249997 0.39714285625 0.45547210312499997 0.3939285708333333 0.454935621875 0.39214285624999995 0.4570815453125 0.39321428541666664 0.4742489265625 0.39428571458333334 0.47693133125 0.3975 0.4780042921875 0.40107142916666666 0.472639484375
0 0.5032142854166667 0.496781115625 0.4982142854166666 0.491416309375 0.49464285625 0.49302575156249995 0.4967857145833333 0.5080472109375 0.5017857145833333 0.51126609375 0.5035714291666666 0.5059012875 0.5032142854166667 0.496781115625
0 0.35785714375000005 0.41201716718750003 0.3635714291666667 0.40557939843749996 0.365 0.3910944203125 0.3625 0.38733905625 0.35642857083333335 0.38733905625 0.34857142916666667 0.39055794062500004 0.34392857083333334 0.395386265625 0.345 0.401287553125 0.34892857083333334 0.407725321875 0.35321428541666666 0.41148068593750003 0.35785714375000005 0.41201716718750003
0 0.2867857145833333 0.3149141625 0.29 0.3116952796875 0.29142857083333334 0.3015021453125 0.28964285625 0.289163090625 0.2825 0.288626609375 0.27392857083333333 0.2929184546875 0.2735714291666667 0.29721030000000004 0.27607142916666666 0.30418455 0.28178571458333335 0.3138412015625 0.2867857145833333 0.3149141625
0 0.28357142916666667 0.3680257515625 0.2889285708333333 0.3583690984375 0.2889285708333333 0.34871244687499997 0.28642857083333334 0.34495708125 0.28285714375000004 0.3438841203125 0.27785714375000004 0.3454935625 0.27642857083333333 0.3497854078125 0.27607142916666666 0.35944205937499996 0.27749999999999997 0.36587982812500003 0.27928571458333334 0.3680257515625 0.28357142916666667 0.3680257515625
3 0.26535714375 0.3562231765625 0.26785714374999997 0.34495708125 0.26678571458333333 0.33798283281249997 0.2607142854166667 0.3374463515625 0.2539285708333333 0.342274678125 0.2539285708333333 0.35139485000000004 0.2575 0.3583690984375 0.2625 0.35944205937499996 0.26535714375 0.3562231765625
3 0.2625 0.41469957031250004 0.26535714375 0.40557939843749996 0.26535714375 0.3937768234375 0.26107142916666665 0.39055794062500004 0.2582142854166667 0.39216738125 0.2542857145833333 0.39914163125 0.2539285708333333 0.407725321875 0.2557142854166667 0.41416309062499995 0.2585714291666667 0.4163090125 0.2625 0.41469957031250004
0 0.28321428541666666 0.687231759375 0.28857142916666667 0.6765021453125 0.2867857145833333 0.6732832625 0.26928571458333334 0.6738197421875001 0.26857142916666665 0.675429184375 0.2725 0.6834763953125 0.27928571458333334 0.687768240625 0.28321428541666666 0.687231759375
0 0.28714285625 0.6207081546875 0.2867857145833333 0.616416309375 0.28285714375000004 0.6142703859374999 0.27178571458333334 0.615343346875 0.27214285625 0.61963519375 0.28142857083333334 0.6298283265625 0.28428571458333335 0.6282188843750001 0.28714285625 0.6207081546875
2 0.34357142916666666 0.6217811156249999 0.34392857083333334 0.6148068671875 0.34178571458333334 0.609978540625 0.3382142854166667 0.6089055796875 0.335 0.6121244640625 0.33464285625 0.6180257515625 0.33642857083333333 0.6228540765624999 0.33964285625 0.6244635187500001 0.34357142916666666 0.6217811156249999
2 0.34464285625 0.565987125 0.345 0.5611587984375 0.34321428541666665 0.5557939921874999 0.33857142916666666 0.5525751078125001 0.33571428541666665 0.55418455 0.33571428541666665 0.5600858375 0.33857142916666666 0.565987125 0.34107142916666666 0.5675965671875 0.34464285625 0.565987125
3 0.22428571458333335 0.7231759656250001 0.22785714375000002 0.7151287546875 0.22642857083333334 0.6968884125 0.22392857083333334 0.6925965671875 0.21785714374999998 0.6883047203125 0.21535714375 0.6888412015625 0.21321428541666665 0.693133046875 0.21285714375 0.7103004296875 0.215 0.7231759656250001 0.21678571458333332 0.7263948499999999 0.22428571458333335 0.7231759656250001
8 0.23464285624999998 0.841738196875 0.2375 0.8385193140625 0.23821428541666664 0.8208154499999999 0.23321428541666667 0.8084763953125 0.23071428541666666 0.806866953125 0.22714285625 0.809012875 0.2225 0.8197424890624999 0.2225 0.831008584375 0.22607142916666667 0.8385193140625 0.23071428541666666 0.841738196875 0.23464285624999998 0.841738196875
0 0.24714285625 0.7660944203125 0.24142857083333333 0.76233905625 0.23892857083333335 0.7639484984375 0.2392857145833333 0.7757510734374999 0.24107142916666666 0.7778969953125 0.24785714375 0.7784334765625001 0.24714285625 0.7660944203125
10 0.3492857145833333 0.7043991421875 0.34892857083333334 0.6984978546875 0.34535714375000004 0.6899141625 0.33535714375 0.6920600859375 0.33178571458333334 0.6979613734375001 0.3314285708333333 0.7038626609375 0.33464285625 0.7097639484375 0.34571428541666666 0.707618025 0.3492857145833333 0.7043991421875
3 0.32821428541666664 0.6834763953125 0.33071428541666664 0.6807939921874999 0.3314285708333333 0.6738197421875001 0.32785714375 0.6620171671875 0.32142857083333337 0.6625536484375 0.31821428541666663 0.6652360515625 0.31785714375 0.6684549359374999 0.32428571458333333 0.6770386265624999 0.32464285625 0.6834763953125 0.32821428541666664 0.6834763953125
7 0.31997928541666665 0.56260193125 0.321765 0.5642113734375 0.33247928541666666 0.5604560078125 0.33390785624999997 0.5588465671875 0.33247928541666666 0.5465075109375 0.32712214375 0.533631975 0.3196410708333334 0.5069152359375 0.31488678541666665 0.49434924843749994 0.30712214375 0.524511803125 0.316765 0.5368508578125 0.32069357083333333 0.5588465671875 0.31997928541666665 0.56260193125
5 0.8210714291666666 0.7580472109375 0.82285714375 0.7548283265625 0.8260714291666668 0.7451716734375 0.825 0.740879828125 0.8010714291666667 0.7215665234374999 0.7985714291666667 0.7221030046875 0.7967857145833332 0.72585836875 0.79464285625 0.7355150218750001 0.79714285625 0.741416309375 0.8175 0.758583690625 0.8210714291666666 0.7580472109375
5 0.91785714375 0.6496781109375 0.9175 0.636802575 0.9149999999999999 0.634120171875 0.9042857145833333 0.634656653125 0.9007142854166666 0.6384120171875 0.9007142854166666 0.651287553125 0.9039285708333333 0.6545064375 0.9135714291666667 0.6539699578125 0.91785714375 0.6496781109375
5 0.8667857145833333 0.6244635187500001 0.8664285708333334 0.615879828125 0.8632142854166667 0.6110515015625 0.84785714375 0.61266094375 0.8482142854166667 0.6233905578125001 0.8517857145833333 0.6287553640625 0.86214285625 0.6292918453125 0.8667857145833333 0.6244635187500001
5 0.8444357145833333 0.6653487124999999 0.8443357145833333 0.6653487124999999 0.8443357145833333 0.6657242484375 0.8444357145833333 0.6657242484375 0.8444357145833333 0.6653487124999999
5 0.84785714375 0.674892703125 0.8482142854166667 0.663090128125 0.8464285708333333 0.660407725 0.8350000000000001 0.66094420625 0.83285714375 0.6646995703125 0.83285714375 0.6732832625 0.8350000000000001 0.6770386265624999 0.84535714375 0.6781115875 0.84785714375 0.674892703125
5 0.8964285708333333 0.5584763953125 0.8982142854166667 0.549892703125 0.8942857145833333 0.542381975 0.88 0.5284334765625001 0.8778571437499999 0.53594420625 0.8778571437499999 0.5429184546875 0.8839285708333333 0.55364806875 0.8932142854166667 0.5606223171875 0.8964285708333333 0.5584763953125
5 0.8457142854166667 0.5879828328125 0.8475 0.585836909375 0.84785714375 0.5815450640625001 0.8460714291666667 0.57725321875 0.8350000000000001 0.5600858375 0.8314285708333333 0.559012875 0.82785714375 0.568133046875 0.8275 0.5734978546875 0.82964285625 0.5788626609375 0.84214285625 0.5879828328125 0.8457142854166667 0.5879828328125
0 0.8260714291666668 0.5547210296875 0.8242857145833333 0.5493562234375 0.8175 0.545064378125 0.8139285708333334 0.5439914156250001 0.8117857145833334 0.5466738203125 0.8114285708333333 0.550429184375 0.8175 0.556866953125 0.82464285625 0.5579399140625 0.8260714291666668 0.5547210296875
5 0.78964285625 0.472639484375 0.7857142854166667 0.472639484375 0.7785714291666667 0.4833690984375 0.7789285708333333 0.49087982812500003 0.78285714375 0.4951716734375 0.7932142854166667 0.479613734375 0.78964285625 0.472639484375
5 0.76714285625 0.6282188843750001 0.7707142854166666 0.6233905578125001 0.77 0.61266094375 0.7689285708333333 0.6105150218750001 0.7657142854166668 0.6121244640625 0.7510714291666667 0.6233905578125001 0.7489285708333333 0.6266094421874999 0.7510714291666667 0.633583690625 0.7557142854166667 0.633583690625 0.76714285625 0.6282188843750001
3 0.7732142854166667 0.4715665234375 0.7799999999999999 0.466738196875 0.7792857145833333 0.4624463515625 0.7717857145833332 0.45547210312499997 0.7689285708333333 0.449034334375 0.7660714291666667 0.4511802578125 0.7632142854166666 0.4570815453125 0.7625 0.46030042968749996 0.7639285708333333 0.46459227500000005 0.76964285625 0.4710300421875 0.7732142854166667 0.4715665234375
0 0.7439285708333333 0.4742489265625 0.7464285708333332 0.4715665234375 0.74964285625 0.46351931406249997 0.7485714291666666 0.45922746718749996 0.74214285625 0.45815450625 0.7342857145833332 0.4511802578125 0.7317857145833333 0.4527897 0.7314285708333333 0.46298283281249997 0.7342857145833332 0.4710300421875 0.74 0.4742489265625 0.7439285708333333 0.4742489265625
8 0.88214285625 0.657725321875 0.8882142854166666 0.6475321890625 0.8875 0.633583690625 0.8789285708333333 0.6255364812499999 0.8732142854166667 0.6244635187500001 0.86785714375 0.6260729609375 0.8607142854166666 0.634656653125 0.8607142854166666 0.640021459375 0.865 0.6545064375 0.8732142854166667 0.66094420625 0.88214285625 0.657725321875
5 0.87714285625 0.3975321890625 0.8696428562499999 0.38680257500000004 0.8639285708333334 0.38412017187499997 0.8582142854166667 0.3857296140625 0.8539285708333334 0.3927038625 0.8524999999999999 0.39860514999999996 0.8674999999999999 0.4028969953125 0.8739285708333333 0.4028969953125 0.87714285625 0.3975321890625
5 0.87285714375 0.353540771875 0.8696428562499999 0.3465665234375 0.8660714291666667 0.3460300421875 0.8592857145833332 0.35085836875 0.8567857145833333 0.3556866953125 0.8560714291666667 0.36266094375 0.85964285625 0.3648068671875 0.8707142854166666 0.3589055796875 0.87285714375 0.353540771875
9 0.8694589291666667 0.346399678125 0.87131285625 0.35104399218750004 0.8766332145833334 0.347929184375 0.8736910708333333 0.34268079375 0.8694589291666667 0.346399678125
8 0.9428571437500001 0.734978540625 0.95 0.7263948499999999 0.9525 0.7188841203125 0.9517857145833334 0.710836909375 0.9475 0.70225321875 0.9364285708333333 0.69635193125 0.9285714291666667 0.69581545 0.92 0.6990343343750001 0.9149999999999999 0.7027897000000001 0.9110714291666666 0.7103004296875 0.9117857145833334 0.723712446875 0.9217857145833332 0.7371244640625 0.9321428562499999 0.73873390625 0.9428571437500001 0.734978540625
2 0.9685714291666667 0.5718884125 0.9685714291666667 0.5633047203125 0.9642857145833333 0.556866953125 0.95964285625 0.5563304718750001 0.9564285708333333 0.5600858375 0.9567857145833333 0.5675965671875 0.9610714291666667 0.574570815625 0.9653571437499999 0.575107296875 0.9685714291666667 0.5718884125
2 0.5439285708333333 0.6802575109375 0.5367857145833334 0.6732832625 0.53535714375 0.6759656656249999 0.53535714375 0.6824034328125 0.53714285625 0.6856223171875 0.5439285708333333 0.6856223171875 0.5439285708333333 0.6802575109375
2 0.5339285708333333 0.6652360515625 0.5325 0.658261803125 0.5260714291666667 0.6561158796875 0.525 0.6614806859375 0.5264285708333333 0.6646995703125 0.5292857145833333 0.66684549375 0.5339285708333333 0.6652360515625
3 0.4982142854166666 0.69581545 0.49964285625000004 0.6850858375 0.4967857145833333 0.6759656656249999 0.48428571458333336 0.675429184375 0.48285714375000005 0.6775751078125001 0.4825 0.687768240625 0.48464285625 0.7017167375 0.49142857083333336 0.70225321875 0.4982142854166666 0.69581545
2 0.45785714375000003 0.6427038625 0.45607142916666665 0.6384120171875 0.45285714375 0.636802575 0.45 0.6389484984375 0.44928571458333333 0.6432403437499999 0.4514285708333333 0.64806866875 0.45714285625 0.6486051500000001 0.45785714375000003 0.6427038625
4 0.7710714291666666 0.324570815625 0.7589285708333333 0.3133047203125 0.7453571437500001 0.3138412015625 0.7392857145833334 0.3234978546875 0.73785714375 0.32778969999999996 0.7439285708333333 0.3315450640625 0.7582142854166667 0.330472103125 0.7710714291666666 0.324570815625
3 0.63714285625 0.3465665234375 0.6332142854166667 0.3444206015625 0.625 0.354077253125 0.6264285708333334 0.360515021875 0.6317857145833333 0.3621244640625 0.6342857145833333 0.3589055796875 0.63714285625 0.3465665234375
3 0.40357142916666666 0.2510729609375 0.40249999999999997 0.24409871249999998 0.3975 0.23873390625000002 0.3939285708333333 0.2371244640625 0.38928571458333333 0.2430257515625 0.3882142854166667 0.25 0.39285714374999997 0.2537553640625 0.40035714375 0.2537553640625 0.40357142916666666 0.2510729609375
9 0.39214285624999995 0.25160944218750003 0.3864285708333333 0.25053648125 0.38678571458333333 0.2548283265625 0.38999999999999996 0.2580472109375 0.39321428541666664 0.2559012875 0.39214285624999995 0.25160944218750003
0 0.32107142916666664 0.27414163125 0.325 0.27360514999999996 0.32785714375 0.270386265625 0.3289285708333333 0.2660944203125 0.33214285625 0.259656653125 0.33249999999999996 0.2548283265625 0.3314285708333333 0.24731759687500002 0.32928571458333333 0.2430257515625 0.3235714291666667 0.238197425 0.3175 0.23766094375 0.3139285708333333 0.24034334687499997 0.3117857145833333 0.24409871249999998 0.31 0.24946351875 0.30964285625 0.259656653125 0.3110714291666667 0.264484978125 0.3142857145833334 0.2693133046875 0.32107142916666664 0.27414163125
9 0.32548785625 0.2733428109375 0.32232928541666667 0.2735659875 0.3199660708333333 0.27356813281250003 0.31994285625 0.2783744640625 0.32768464374999995 0.2775042921875 0.3272085708333333 0.27075 0.32548785625 0.2733428109375
3 0.14107142916666668 0.46942060156250004 0.14785714375 0.466738196875 0.15107142916666666 0.46137339062500005 0.15071428541666665 0.4538626609375 0.14428571458333334 0.43508583749999996 0.14035714375000002 0.43133047187500007 0.13321428541666666 0.43454935624999996 0.12285714375 0.4447424890625 0.11857142916666666 0.4527897 0.11821428541666666 0.46405579374999995 0.11964285625 0.4683476390625 0.1225 0.4704935625 0.14107142916666668 0.46942060156250004
3 0.10928571458333333 0.34120171718750003 0.11285714375000001 0.34066523593750003 0.11428571458333334 0.33798283281249997 0.11285714375000001 0.324570815625 0.10321428541666666 0.29881974218749996 0.09535714375 0.28701716718750003 0.09178571458333334 0.28594420625 0.08892857083333333 0.289163090625 0.08857142916666666 0.31545064375 0.09107142916666668 0.324570815625 0.10142857083333333 0.335836909375 0.10928571458333333 0.34120171718750003
3 0.13071428541666666 0.26824034375 0.13785714375 0.25536480625 0.13964285625 0.24892703906250002 0.13499999999999998 0.2333690984375 0.12964285625 0.22585836874999998 0.12357142916666668 0.222639484375 0.12000000000000001 0.2253218890625 0.11535714375 0.23283261875 0.11178571458333333 0.24463519374999998 0.11285714375000001 0.2725321890625 0.11464285625 0.28004291875 0.11928571458333333 0.282725321875 0.13071428541666666 0.26824034375
3 0.060714285416666666 0.26824034375 0.06392857083333334 0.253218884375 0.06178571458333334 0.24463519374999998 0.0575 0.2392703859375 0.05142857083333333 0.2360515015625 0.04642857083333333 0.23658798281250001 0.038928570833333336 0.24463519374999998 0.03928571458333333 0.259656653125 0.04678571458333333 0.27199570781250004 0.053928570833333335 0.27360514999999996 0.060714285416666666 0.26824034375
11 0 0.7339055796875 0.01535714375 0.7457081546875 0.053928570833333335 0.7038626609375 0.06178571458333334 0.693133046875 0.07392857083333333 0.6824034328125 0.09607142916666667 0.6539699578125 0.09214285625 0.6518240343749999 0.04642857083333333 0.6528969953125 0.026785714583333335 0.6566523609375 0.015714285416666664 0.6566523609375 0.004285714583333333 0.66094420625 0 0.663626609375 0 0.7339055796875
3 0.14285714375 0.5767167375 0.1475 0.5718884125 0.1475 0.5675965671875 0.14535714375 0.5649141625 0.13142857083333334 0.5547210296875 0.12642857083333334 0.5547210296875 0.12035714374999999 0.5606223171875 0.12035714374999999 0.5670600859375 0.12214285625 0.57135193125 0.13035714375000002 0.5777897000000001 0.14285714375 0.5767167375
0 0.20285714375000002 0.4543991421875 0.20642857083333332 0.43562231718750005 0.20642857083333332 0.4211373390625 0.20500000000000002 0.41899141562500003 0.1925 0.4179184546875 0.18857142916666667 0.41952789687500003 0.18428571458333334 0.4238197421875 0.18142857083333333 0.4307939921875 0.18035714374999998 0.43937768281249995 0.1825 0.44581545 0.19928571458333336 0.45654506406250006 0.20285714375000002 0.4543991421875
0 0.0775 0.389484978125 0.08499999999999999 0.3878755359375 0.08857142916666666 0.3830472109375 0.09000000000000001 0.3728540765625 0.08535714375 0.36587982812500003 0.060714285416666666 0.3503218890625 0.056785714583333334 0.3492489265625 0.05214285625 0.3524678109375 0.05142857083333333 0.3610515015625 0.052857143749999995 0.36856223125 0.060000000000000005 0.3792918453125 0.0775 0.389484978125
2 0.12357142916666668 0.4039699578125 0.12392857083333333 0.395922746875 0.12000000000000001 0.3878755359375 0.11571428541666666 0.38626609375 0.11 0.390021459375 0.10964285625 0.3943133046875 0.11535714375 0.402360515625 0.11892857083333334 0.4045064375 0.12357142916666668 0.4039699578125
3 0.09857142916666667 0.5042918453125 0.10250000000000001 0.49785407656249997 0.10357142916666667 0.49087982812500003 0.10250000000000001 0.48873390624999996 0.09857142916666667 0.48980686718750005 0.0825 0.49946351875 0.08178571458333334 0.5032188843750001 0.08464285625 0.50536480625 0.09571428541666666 0.5059012875 0.09857142916666667 0.5042918453125
3 0.07857142916666666 0.5740343343750001 0.08571428541666666 0.556866953125 0.08285714375 0.55364806875 0.075 0.55364806875 0.06714285625000001 0.556866953125 0.05928571458333333 0.5638412015625 0.05357142916666667 0.5724248921874999 0.05357142916666667 0.5788626609375 0.0575 0.582618025 0.07 0.58315450625 0.07857142916666666 0.5740343343750001
4 0.07857142916666666 0.6378755359375 0.08857142916666666 0.6298283265625 0.09142857083333333 0.6233905578125001 0.08821428541666668 0.6207081546875 0.08178571458333334 0.61963519375 0.05178571458333334 0.61963519375 0.045000000000000005 0.6217811156249999 0.04392857083333333 0.6266094421874999 0.047142856250000004 0.63143776875 0.07428571458333333 0.6389484984375 0.07857142916666666 0.6378755359375
1 0.20321428541666667 0.2666309015625 0.21 0.26126609375 0.21142857083333333 0.2580472109375 0.2125 0.24356223125 0.21035714375 0.235515021875 0.20642857083333332 0.23015021406249997 0.19928571458333336 0.229077253125 0.19571428541666666 0.23068669531250002 0.1875 0.24087982812500003 0.18571428541666668 0.24463519374999998 0.18892857083333334 0.2548283265625 0.19642857083333334 0.26555794062500004 0.20321428541666667 0.2666309015625
3 0.17071428541666667 0.116416309375 0.17464285625 0.113197425 0.17785714375 0.10675965624999999 0.1825 0.0761802578125 0.17964285625 0.0702789703125 0.17607142916666665 0.0692060078125 0.15535714374999998 0.07135193125 0.14321428541666667 0.081008584375 0.13964285625 0.089592275 0.13964285625 0.098712446875 0.14428571458333334 0.1056866953125 0.16357142916666667 0.115879828125 0.17071428541666667 0.116416309375
3 0.11321428541666667 0.0552575109375 0.11571428541666666 0.05954935625 0.12000000000000001 0.0606223171875 0.12357142916666668 0.051502145312500004 0.13 0.0434549359375 0.13107142916666667 0.0396995703125 0.13107142916666667 0.032188840625 0.12785714374999999 0.02414163125 0.11464285625 0.0160944203125 0.10964285625 0.01824034375 0.10321428541666666 0.028969957812500002 0.09821428541666667 0.033798282812500004 0.09892857083333334 0.0461373390625 0.10071428541666667 0.049892703125 0.10821428541666665 0.056330471874999996 0.11321428541666667 0.0552575109375
3 0.056785714583333334 0.14324034375 0.060714285416666666 0.13680257499999998 0.06607142916666667 0.125 0.06642857083333334 0.1174892703125 0.06392857083333334 0.110515021875 0.05785714375 0.10997854062500001 0.041785714583333335 0.11856223125000001 0.04035714375 0.121781115625 0.04035714375 0.13143776875 0.04321428541666667 0.140021459375 0.05035714375 0.1475321890625 0.056785714583333334 0.14324034375
9 0.13922928541666665 0.09869474218749999 0.13485214375 0.1054120171875 0.13833035625 0.113531115625 0.14331214374999998 0.105202253125 0.13922928541666665 0.09869474218749999
9 0.02320964375 0.00784549375 0.022534285416666668 0.001692596875 0.012035714583333332 0.0116818671875 0.018411785416666666 0.0240021453125 0.026760714583333334 0.015101395312499998 0.02320964375 0.00784549375
3 0.22714285625 0.1539699578125 0.22785714375000002 0.146459228125 0.22357142916666667 0.1416309015625 0.21 0.13894849843749998 0.20678571458333334 0.140021459375 0.20178571458333333 0.15665236093749998 0.20107142916666668 0.168991415625 0.20214285625 0.1716738203125 0.21535714375 0.1706008578125 0.22714285625 0.1539699578125
9 0.2164285708333333 0.168991415625 0.2125 0.17221029999999998 0.21321428541666665 0.17757510781250002 0.21678571458333332 0.17864806875 0.21892857083333334 0.1711373390625 0.2164285708333333 0.168991415625
0 0.34821428541666666 0.3809012875 0.35035714375 0.3771459234375 0.35035714375 0.3669527890625 0.34678571458333335 0.35139485000000004 0.34535714375000004 0.3492489265625 0.34178571458333334 0.3497854078125 0.33285714375000003 0.36963519375 0.33249999999999996 0.38143776875 0.33571428541666665 0.38680257500000004 0.34071428541666665 0.38680257500000004 0.34821428541666666 0.3809012875
7 0.32785714375 0.413090128125 0.3339285708333334 0.401287553125 0.32857142916666665 0.38841201718749996 0.32785714375 0.3798283265625 0.3289285708333333 0.3728540765625 0.32714285625 0.3707081546875 0.3167857145833333 0.3690987125 0.3167857145833333 0.3760729609375 0.3239285708333333 0.4007510734375 0.325 0.40987124531249997 0.32785714375 0.413090128125
0 0.28392857083333334 0.2725321890625 0.28535714375 0.26555794062500004 0.28964285625 0.265021459375 0.2910714291666666 0.2628755359375 0.2910714291666666 0.2580472109375 0.28642857083333334 0.2392703859375 0.27107142916666666 0.270386265625 0.2707142854166667 0.2725321890625 0.2735714291666667 0.2757510734375 0.28035714375 0.276824034375 0.28392857083333334 0.2725321890625
10 0.9464285708333333 0.4924892703125 0.95 0.48873390624999996 0.95 0.4839055796875 0.9475 0.48068669531249997 0.9217857145833332 0.46459227500000005 0.91714285625 0.467274678125 0.9114285708333333 0.4812231765625 0.9117857145833334 0.48980686718750005 0.91464285625 0.49356223125 0.9283332145833333 0.491416309375 0.9464285708333333 0.4924892703125
5 0.88785714375 0.39699570781250004 0.88714285625 0.39055794062500004 0.8835714291666666 0.38626609375 0.8767857145833333 0.3851931328125 0.8742857145833334 0.38733905625 0.8739285708333333 0.39055794062500004 0.8767857145833333 0.395922746875 0.8842857145833333 0.39860514999999996 0.88785714375 0.39699570781250004