11 0.63285714375 0 0.6185714291666666 0.015557940624999999 0.5725 0.082618025 0.5707142854166667 0.0879828328125 0.5710714291666666 0.098712446875 0.5814285708333333 0.12446351874999999 0.5842857145833332 0.1330472109375 0.5839285708333333 0.13680257499999998 0.5885714291666667 0.14324034375 0.6089285708333333 0.19581545 0.60785714375 0.20225321875 0.6157142854166667 0.21351931406250002 0.62285714375 0.23068669531250002 0.6264285708333334 0.234978540625 0.64464285625 0.23283261875 0.7157142854166667 0.2129828328125 0.7407142854166667 0.2038626609375 0.7446428562499999 0.1984978546875 0.7467857145833333 0.113197425 0.7485714291666666 0.10461373437499999 0.7489285708333333 0.0912017171875 0.7471428562500001 0.028969957812500002 0.745 0.0246781109375 0.7375 0.01824034375 0.7235714291666666 0.0107296140625 0.71714285625 0.0037553640625 0.70714285625 0 0.63285714375 0
11 0.17857142916666666 0.259656653125 0.1875 0.258583690625 0.23392857083333332 0.24034334687499997 0.23678571458333333 0.23390557968749998 0.23392857083333332 0.22585836874999998 0.2375 0.223175965625 0.23892857083333335 0.21405579375 0.23642857083333332 0.1979613734375 0.23642857083333332 0.1652360515625 0.23464285624999998 0.16309012812499998 0.23 0.163626609375 0.04321428541666667 0.288626609375 0.011785714583333332 0.30740343281250004 0.006428570833333333 0.3138412015625 0.006071429166666667 0.31759656718749996 0.007500000000000001 0.31920600781249997 0.013214285416666667 0.31920600781249997 0.17857142916666666 0.259656653125
7 0.02714285625 0.24731759687500002 0.04071428541666667 0.2360515015625 0.058214285416666664 0.214592275 0.07678571458333333 0.1947424890625 0.08214285625 0.19152360468750002 0.08499999999999999 0.1861587984375 0.07714285625 0.1437768234375 0.06892857083333334 0.1148068671875 0.06749999999999999 0.11373390624999999 0.06535714375 0.116416309375 0.04571428541666667 0.1528969953125 0.025357143749999998 0.22371244687499997 0.017857143750000002 0.25160944218750003 0.01892857083333333 0.25643776875 0.023571429166666664 0.2537553640625 0.02714285625 0.24731759687500002
11 0.8457142854166667 0.6030042921875001 0.86035714375 0.6148068671875 0.8825000000000001 0.6443133046875 0.88964285625 0.6437768234375 0.90785714375 0.615343346875 0.9307142854166667 0.5670600859375 0.96285714375 0.50643776875 0.9814285708333333 0.46351931406249997 0.98785714375 0.43562231718750005 0.9710714291666667 0.4039699578125 0.9642857145833333 0.38733905625 0.95964285625 0.3798283265625 0.9567857145833333 0.377682403125 0.9532142854166668 0.378218884375 0.9321428562499999 0.40182403437499997 0.9289285708333334 0.4034334765625 0.8142857145833333 0.545064378125 0.8142857145833333 0.550429184375 0.8171428562499999 0.5574034328125 0.83464285625 0.5788626609375 0.8457142854166667 0.6030042921875001
3 0.76214285625 0.6180257515625 0.76964285625 0.6056866953125 0.77214285625 0.5976394843749999 0.7717857145833332 0.591738196875 0.7664285708333334 0.591738196875 0.7475 0.6169527890625 0.7310714291666667 0.6287553640625 0.72714285625 0.6357296140625001 0.7274999999999999 0.64806866875 0.7342857145833332 0.645386265625 0.7517857145833333 0.63036480625 0.76214285625 0.6180257515625
4 0.52934214375 0.51126609375 0.54862785625 0.5144849781249999 0.5739850000000001 0.5069742484375 0.591485 0.4957081546875 0.6100564291666667 0.4704935625 0.6114850000000001 0.46298283281249997 0.6114850000000001 0.4474248921875 0.60684214375 0.425965665625 0.5996992854166667 0.40504291875 0.5832707145833333 0.36963519375 0.57434214375 0.3572961375 0.5707707145833333 0.3562231765625 0.56684214375 0.360515021875 0.5654135708333333 0.4179184546875 0.5618421437500001 0.42918455 0.5582707145833333 0.43508583749999996 0.5507707145833333 0.4420600859375 0.52612785625 0.45600858437499997 0.5154135708333334 0.4586909875 0.5104135708333334 0.466738196875 0.5096992854166666 0.4747854078125 0.5132707145833334 0.4951716734375 0.51684214375 0.50536480625 0.52934214375 0.51126609375
3 0.5432142854166667 0.08851931406249999 0.5514285708333334 0.074570815625 0.5525 0.0665236046875 0.5575 0.06169527968750001 0.5635714291666667 0.050429184375000005 0.5642857145833333 0.039163090625 0.5632142854166666 0.033261803125 0.5571428562499999 0.0257510734375 0.5464285708333333 0.0257510734375 0.53964285625 0.0343347640625 0.53285714375 0.0531115875 0.5257142854166666 0.06169527968750001 0.5217857145833333 0.0734978546875 0.5217857145833333 0.0847639484375 0.52535714375 0.08905579375 0.5399999999999999 0.0906652359375 0.5432142854166667 0.08851931406249999
3 0.44107142916666664 0.12017167343749999 0.45 0.11963519375000001 0.4564285708333333 0.11373390624999999 0.45857142916666666 0.109442059375 0.4564285708333333 0.098712446875 0.45285714375 0.0912017171875 0.44714285625 0.0847639484375 0.4375 0.085836909375 0.43178571458333337 0.09495708124999999 0.4314285708333333 0.1051502140625 0.43392857083333336 0.115343346875 0.43642857083333336 0.11802575156249999 0.44107142916666664 0.12017167343749999
3 0.30714285625 0.1765021453125 0.3142857145833334 0.15987124531250002 0.31464285625 0.14216738125 0.31035714375 0.139484978125 0.3 0.139484978125 0.2917857145833333 0.1443133046875 0.29 0.1507510734375 0.29464285625000003 0.1711373390625 0.29964285625000003 0.1770386265625 0.30714285625 0.1765021453125
3 0.325 0 0.32321428541666664 0.0075107296874999995 0.32214285625 0.0316523609375 0.32464285625 0.038626609374999996 0.32785714375 0.041845493750000004 0.33464285625 0.0407725328125 0.34571428541666666 0.032725321875000005 0.34678571458333335 0.026287553125 0.33678571458333334 0.0064377687500000004 0.335 0 0.325 0
3 0.33428571458333334 0.2628755359375 0.33714285625 0.26180257500000004 0.33857142916666666 0.25912017187499997 0.33892857083333333 0.2521459234375 0.33178571458333334 0.23766094375 0.3314285708333333 0.2210300421875 0.32785714375 0.21995708125000002 0.32285714375 0.223175965625 0.3189285708333333 0.2312231765625 0.3175 0.2419527890625 0.32321428541666664 0.2521459234375 0.33035714374999997 0.2601931328125 0.33428571458333334 0.2628755359375
3 0.25214285625 0.35085836875 0.2564285708333333 0.336373390625 0.2564285708333333 0.331008584375 0.2507142854166667 0.31759656718749996 0.24857142916666666 0.31545064375 0.24464285625 0.31545064375 0.23892857083333335 0.32081545 0.23428571458333333 0.3347639484375 0.23428571458333333 0.3471030046875 0.2375 0.35300429218749996 0.24821428541666668 0.354077253125 0.25214285625 0.35085836875
3 0.1982142854166667 0.354077253125 0.20535714375 0.3492489265625 0.21 0.3433476390625 0.21 0.3385193140625 0.19607142916666667 0.318669528125 0.18928571458333332 0.31276824062499997 0.18428571458333334 0.3138412015625 0.18428571458333334 0.3497854078125 0.18678571458333335 0.35675965625 0.18964285625 0.35783261875 0.1982142854166667 0.354077253125
3 0.32857142916666665 0.4989270390625 0.33071428541666664 0.48927038593749994 0.335 0.48497854062499995 0.33285714375000003 0.48068669531249997 0.3360714291666667 0.4715665234375 0.3360714291666667 0.46566523593750003 0.33285714375000003 0.4570815453125 0.33214285625 0.449034334375 0.32964285624999995 0.4468884125 0.3239285708333333 0.449034334375 0.31785714375 0.454935621875 0.3132142854166667 0.46351931406249997 0.3139285708333333 0.47693133125 0.32142857083333337 0.48551502187500006 0.32285714375 0.49785407656249997 0.32857142916666665 0.4989270390625
3 0.38071428541666663 0.491416309375 0.3810714291666667 0.461909871875 0.37964285625 0.45815450625 0.3675 0.4570815453125 0.36321428541666667 0.4586909875 0.35928571458333336 0.46298283281249997 0.35642857083333335 0.4715665234375 0.3575 0.4833690984375 0.3625 0.4919527890625 0.3764285708333333 0.4962446359375 0.38071428541666663 0.491416309375
3 0.3064285708333333 0.5906652359375 0.3107142854166666 0.5906652359375 0.3142857145833334 0.585836909375 0.3192857145833334 0.568133046875 0.3175 0.550429184375 0.31464285625 0.54184549375 0.3117857145833333 0.5402360515625 0.29964285625000003 0.5493562234375 0.29214285624999997 0.5638412015625 0.2917857145833333 0.57081545 0.2935714291666667 0.5810085843749999 0.2992857145833333 0.5879828328125 0.3064285708333333 0.5906652359375
3 0.57035714375 0.8385193140625 0.5785714291666667 0.8353004296875 0.5914285708333333 0.825107296875 0.5942857145833333 0.8208154499999999 0.5950000000000001 0.8133047203125001 0.5917857145833333 0.8074034328125 0.5875 0.8079399140625 0.5789285708333334 0.8133047203125001 0.55035714375 0.8224248921875 0.5489285708333332 0.8283261796874999 0.5532142854166667 0.8347639484375 0.5610714291666666 0.8379828328125001 0.57035714375 0.8385193140625
5 0.61035714375 0.6646995703125 0.6442857145833333 0.65504291875 0.65 0.6507510734374999 0.6517857145833333 0.645922746875 0.6517857145833333 0.640557940625 0.6475000000000001 0.634120171875 0.6389285708333333 0.633583690625 0.6203571437500001 0.6394849781249999 0.6032142854166668 0.6416309015625 0.5992857145833334 0.6475321890625 0.5992857145833334 0.6528969953125 0.6017857145833333 0.66094420625 0.60535714375 0.6646995703125 0.61035714375 0.6646995703125
5 0.4210714291666667 0.39806866875 0.42535714375 0.39484978593750003 0.42678571458333336 0.39055794062500004 0.42142857083333335 0.3674892703125 0.41785714375 0.3674892703125 0.38785714374999997 0.383583690625 0.3882142854166667 0.3975321890625 0.39035714375 0.40879828281249997 0.39321428541666664 0.41416309062499995 0.4210714291666667 0.39806866875
5 0.26321428541666664 0.467274678125 0.26107142916666665 0.449570815625 0.24178571458333334 0.44849785468750003 0.24178571458333334 0.4780042921875 0.24392857083333333 0.4833690984375 0.26214285625 0.4747854078125 0.26321428541666664 0.467274678125
5 0.26 0.51126609375 0.2607142854166667 0.5075107296875 0.2560714291666667 0.48873390624999996 0.24464285625 0.49463519375000004 0.24428571458333334 0.4989270390625 0.24821428541666668 0.520922746875 0.25142857083333336 0.5198497859375 0.26 0.51126609375
5 0.15571428541666668 0.42650214531249997 0.16035714375000001 0.4302575109375 0.17857142916666666 0.43562231718750005 0.18392857083333333 0.424892703125 0.1835714291666667 0.41845493593749994 0.16142857083333334 0.39216738125 0.1575 0.3910944203125 0.1475 0.4179184546875 0.1475 0.4216738203125 0.15071428541666665 0.425429184375 0.15571428541666668 0.42650214531249997
5 0.14785714375 0.50643776875 0.16107142916666667 0.4774678109375 0.16142857083333334 0.473712446875 0.1585714291666667 0.467274678125 0.13428571458333333 0.4302575109375 0.12892857083333334 0.43133047187500007 0.11285714375000001 0.449034334375 0.11285714375000001 0.45654506406250006 0.1225 0.479077253125 0.14250000000000002 0.50536480625 0.14785714375 0.50643776875
3 0.06464285625 0.449034334375 0.08499999999999999 0.44635193125 0.10035714375 0.43723175937500003 0.11178571458333333 0.42274678125 0.11357142916666667 0.41738197499999996 0.11357142916666667 0.41094420625000005 0.09857142916666667 0.3798283265625 0.0925 0.375 0.08571428541666666 0.37446351875 0.07571428541666667 0.3787553640625 0.06321428541666667 0.389484978125 0.060000000000000005 0.39806866875 0.05357142916666667 0.4039699578125 0.05 0.4163090125 0.04892857083333334 0.4216738203125 0.05 0.43937768281249995 0.05357142916666667 0.44635193125 0.06464285625 0.449034334375
11 0 0.31276824062499997 0.0053571437500000004 0.31223175937500003 0.03035714375 0.2966738203125 0.06642857083333334 0.26984978593750003 0.07142857083333333 0.2687768234375 0.15892857083333334 0.20976394843750001 0.15785714374999998 0.2027897 0.155 0.1984978546875 0.14928571458333334 0.1942060078125 0.14357142916666668 0.18347639531249998 0.13785714375 0.1781115875 0.12821428541666666 0.164163090625 0.08499999999999999 0.115343346875 0.07142857083333333 0.104077253125 0.06749999999999999 0.1056866953125 0.06678571458333334 0.11266094374999999 0.053928570833333335 0.133583690625 0.041785714583333335 0.1614806859375 0.026785714583333335 0.21995708125000002 0.024285714583333333 0.22371244687499997 0.023928570833333333 0.229077253125 0.016785714583333333 0.2510729609375 0.0035714291666666667 0.2757510734375 0 0.2778969953125 0 0.31276824062499997
3 0.19928571458333336 0.0579399140625 0.20321428541666667 0.049892703125 0.20428571458333333 0.0407725328125 0.20178571458333333 0.0257510734375 0.1939285708333333 0.021459228125 0.18928571458333332 0.02306866875 0.1825 0.03594420625 0.17928571458333334 0.050429184375000005 0.17892857083333333 0.05954935625 0.1825 0.06330472031249999 0.1925 0.062768240625 0.19928571458333336 0.0579399140625
5 0.36321428541666667 0.081008584375 0.3625 0.074570815625 0.34535714375000004 0.0429184546875 0.32821428541666664 0.0606223171875 0.32749999999999996 0.0675965671875 0.34750000000000003 0.092274678125 0.3525 0.0933476390625 0.36321428541666667 0.081008584375
4 0.29285714375 0.2902360515625 0.29642857083333335 0.294527896875 0.2985714291666667 0.2929184546875 0.30071428541666667 0.289163090625 0.30214285625 0.2795064375 0.3014285708333333 0.26555794062500004 0.29892857083333335 0.258583690625 0.2725 0.2274678109375 0.26857142916666665 0.22585836874999998 0.26571428541666664 0.23015021406249997 0.26535714375 0.23766094375 0.26785714374999997 0.24463519374999998 0.27785714375000004 0.25912017187499997 0.29285714375 0.2902360515625
0 0.6614285708333333 0.3492489265625 0.6764285708333334 0.30954935625 0.6932142854166667 0.2789699578125 0.6950000000000001 0.270922746875 0.6925 0.25912017187499997 0.6889285708333334 0.25912017187499997 0.6799999999999999 0.26555794062500004 0.66464285625 0.282725321875 0.65785714375 0.299892703125 0.6510714291666667 0.32778969999999996 0.6510714291666667 0.341738196875 0.6525 0.34871244687499997 0.6571428562499999 0.35193133125 0.6614285708333333 0.3492489265625
7 0.5671428562499999 0.3165236046875 0.5789285708333334 0.30364806875 0.5871428562500001 0.27306866875 0.5935714291666667 0.2580472109375 0.6 0.2478540765625 0.6003571437499999 0.24463519374999998 0.5985714291666666 0.24087982812500003 0.59214285625 0.24463519374999998 0.5739285708333333 0.26716738125 0.5635714291666667 0.288626609375 0.5532142854166667 0.3020386265625 0.54535714375 0.318669528125 0.53964285625 0.3267167375 0.5332142854166667 0.341738196875 0.53285714375 0.3454935625 0.5364285708333333 0.348175965625 0.5535714291666667 0.3353004296875 0.5671428562499999 0.3165236046875
7 0.43535714375 0.353540771875 0.4507142854166667 0.35944205937499996 0.45928571458333334 0.3739270390625 0.4632142854166667 0.3739270390625 0.46428571458333334 0.36319742499999996 0.46214285625 0.3556866953125 0.445 0.336373390625 0.44142857083333337 0.330472103125 0.4392857145833334 0.32242489218750003 0.4435714291666667 0.3015021453125 0.4425 0.2934549359375 0.4392857145833334 0.2929184546875 0.43642857083333336 0.295064378125 0.4310714291666667 0.3079399140625 0.43214285625 0.324034334375 0.4307142854166666 0.3401287546875 0.43178571458333337 0.34871244687499997 0.43535714375 0.353540771875
2 0.5082142854166667 0.35193133125 0.5092857145833334 0.3471030046875 0.5085714291666666 0.33798283281249997 0.5014285708333334 0.3353004296875 0.4982142854166666 0.336373390625 0.4957142854166667 0.34120171718750003 0.49535714375 0.348175965625 0.49785714375 0.353540771875 0.5046428562499999 0.354613734375 0.5082142854166667 0.35193133125
3 0.4754135708333333 0.5488197421875001 0.47684214375 0.5429184546875 0.47684214375 0.532725321875 0.473985 0.515557940625 0.47184214375 0.51233905625 0.468985 0.511802575 0.46541357083333335 0.5166309015625 0.446485 0.545064378125 0.45041357083333333 0.5563304718750001 0.45827071458333335 0.5616952796875 0.4671992854166667 0.559012875 0.4754135708333333 0.5488197421875001
3 0.36428571458333336 0.7322961375 0.3732142854166666 0.741416309375 0.3842857145833333 0.741416309375 0.3925 0.7355150218750001 0.39607142916666666 0.7306866953125 0.39678571458333334 0.72693133125 0.38714285625 0.717274678125 0.38357142916666664 0.699570815625 0.38035714375 0.6947424890625 0.37035714375 0.6866952796875 0.36642857083333336 0.674892703125 0.3639285708333333 0.6716738203125 0.35964285625 0.6722102999999999 0.35214285625 0.6797210296875 0.34535714375000004 0.69581545 0.34535714375000004 0.70815450625 0.35 0.7231759656250001 0.35571428541666666 0.729077253125 0.36428571458333336 0.7322961375
5 0.72714285625 0.54774678125 0.7307142854166667 0.5547210296875 0.7375 0.5606223171875 0.7414285708333334 0.562231759375 0.7489285708333333 0.559012875 0.75214285625 0.5466738203125 0.75214285625 0.53594420625 0.745 0.4962446359375 0.7310714291666667 0.4715665234375 0.7185714291666667 0.45547210312499997 0.7121428562500001 0.45225321875 0.7060714291666667 0.4527897 0.7042857145833333 0.45600858437499997 0.7039285708333334 0.461909871875 0.7035714291666667 0.4774678109375 0.70535714375 0.48873390624999996 0.7217857145833333 0.5225321890625 0.72714285625 0.54774678125
0 0.7792857145833333 0.420064378125 0.7948810708333334 0.41952789687500003 0.8017857145833334 0.42274678125 0.8085714291666667 0.4334763953125 0.8107142854166667 0.44259656718749996 0.8142857145833333 0.4420600859375 0.8292857145833333 0.4216738203125 0.8292857145833333 0.4179184546875 0.79964285625 0.396459228125 0.7792857145833333 0.3830472109375 0.7757142854166666 0.384656653125 0.7778571437499999 0.395922746875 0.7778571437499999 0.408261803125 0.7760714291666667 0.4179184546875 0.7792857145833333 0.420064378125
4 0.87 0.3674892703125 0.8732142854166667 0.37446351875 0.8764285708333334 0.37553648125 0.88285714375 0.36587982812500003 0.8842857145833333 0.3583690984375 0.89 0.35193133125 0.8925 0.3460300421875 0.90214285625 0.33798283281249997 0.9114285708333333 0.33422746718749996 0.9192857145833333 0.33422746718749996 0.9317857145833333 0.336909871875 0.9425 0.3454935625 0.9475 0.3454935625 0.9557142854166667 0.31598712500000004 0.9625 0.3047210296875 0.9710714291666667 0.295064378125 0.9717857145833333 0.2913090125 0.9692857145833333 0.288626609375 0.95714285625 0.2864806859375 0.935 0.28594420625 0.89285714375 0.29881974218749996 0.85964285625 0.31759656718749996 0.84535714375 0.3288626609375 0.83464285625 0.3401287546875 0.8360714291666667 0.3438841203125 0.8489285708333333 0.348175965625 0.85785714375 0.354077253125 0.87 0.3674892703125
0 0.9217857145833332 0.4747854078125 0.9264285708333334 0.45815450625 0.93535714375 0.44796137343750003 0.94464285625 0.4442060078125 0.95285714375 0.4474248921875 0.95464285625 0.4442060078125 0.9542857145833333 0.4383047203125 0.9510714291666668 0.4297210296875 0.9514285708333333 0.40987124531249997 0.9489285708333333 0.40879828281249997 0.9435714291666667 0.41148068593750003 0.9282142854166667 0.42864806875 0.9096428562500001 0.4452789703125 0.9010714291666667 0.450107296875 0.8992857145833334 0.4527897 0.9010714291666667 0.45600858437499997 0.9092857145833333 0.46083690937500005 0.9217857145833332 0.4747854078125
2 0.63535714375 0.549892703125 0.6342857145833333 0.5434549359374999 0.63 0.5402360515625 0.62535714375 0.5396995703125 0.6217857145833333 0.5429184546875 0.62285714375 0.5520386265624999 0.6264285708333334 0.5584763953125 0.63 0.5579399140625 0.63535714375 0.549892703125
3 0.29642857083333335 0.5273605156250001 0.29714285625 0.532725321875 0.30035714375 0.538090128125 0.30357142916666663 0.538090128125 0.3060714291666667 0.5295064375 0.3107142854166666 0.5268240343749999 0.31285714374999996 0.52306866875 0.31357142916666664 0.5107296140625001 0.3117857145833333 0.49409871250000004 0.31035714375 0.4919527890625 0.30178571458333336 0.49463519375000004 0.29214285624999997 0.50536480625 0.29035714375 0.508583690625 0.2910714291666666 0.51233905625 0.29785714375 0.5219957078124999 0.29642857083333335 0.5273605156250001
3 0.3010714291666667 0.72693133125 0.30714285625 0.7253218890625 0.30892857083333336 0.7215665234374999 0.30964285625 0.7162017171875 0.3082142854166667 0.7097639484375 0.3 0.69635193125 0.29642857083333335 0.69581545 0.29071428541666666 0.7011802578124999 0.28357142916666667 0.7027897000000001 0.27785714375000004 0.7070815453125 0.27714285625 0.716738196875 0.28071428541666665 0.723712446875 0.28285714375000004 0.7247854078125 0.3010714291666667 0.72693133125
10 0.16428571458333333 0.6142703859374999 0.17214285624999998 0.6190987125 0.19035714375 0.64216738125 0.1982142854166667 0.663626609375 0.19964285625 0.67864806875 0.20285714375000002 0.67864806875 0.21357142916666666 0.6646995703125 0.21821428541666668 0.6523605156250001 0.22142857083333334 0.6319742484375 0.21678571458333332 0.6105150218750001 0.20571428541666667 0.591738196875 0.1925 0.5820815453125 0.17964285625 0.5810085843749999 0.16821428541666666 0.5847639484375 0.155 0.5965665234374999 0.1539285708333333 0.6030042921875001 0.15928571458333335 0.609978540625 0.16142857083333334 0.615879828125 0.16428571458333333 0.6142703859374999
10 0.15678571458333332 0.65504291875 0.16821428541666666 0.6587982828125 0.17535714375 0.6555793984375 0.17750000000000002 0.6325107296875 0.175 0.6239270390625 0.17035714375 0.625 0.16428571458333333 0.6201716734375 0.15321428541666665 0.6051502140625 0.14214285625 0.60783261875 0.1357142854166667 0.6142703859374999 0.13499999999999998 0.6190987125 0.13642857083333335 0.6271459234375001 0.14964285624999998 0.6486051500000001 0.15678571458333332 0.65504291875
3 0.2507142854166667 0.657188840625 0.25214285625 0.651287553125 0.25142857083333336 0.6443133046875 0.24821428541666668 0.6394849781249999 0.24107142916666666 0.640557940625 0.23892857083333335 0.634656653125 0.23571428541666667 0.633583690625 0.23249999999999998 0.636802575 0.23107142916666668 0.6410944203125 0.23107142916666668 0.64806866875 0.23464285624999998 0.66094420625 0.24428571458333334 0.663090128125 0.2507142854166667 0.657188840625
3 0.25107142916666664 0.5633047203125 0.25464285625 0.5552575109375 0.25535714375 0.549892703125 0.2532142854166667 0.5348712453125 0.24785714375 0.5305793984375 0.24321428541666668 0.5364806859375 0.24035714375 0.5434549359374999 0.24000000000000002 0.5531115875 0.24178571458333334 0.5616952796875 0.2460714291666667 0.5649141625 0.25107142916666664 0.5633047203125
9 0.11142857083333334 0.44366952812499993 0.11107142916666667 0.43615879843750005 0.10892857083333334 0.4307939921875 0.10571428541666666 0.4302575109375 0.09535714375 0.44045064375000004 0.09535714375 0.44581545 0.09892857083333334 0.4511802578125 0.10535714375 0.450107296875 0.11142857083333334 0.44366952812499993
9 0.12107142916666666 0.43884120156249995 0.12107142916666666 0.43508583749999996 0.11714285625000001 0.43133047187500007 0.11142857083333334 0.43562231718750005 0.11071428541666667 0.43884120156249995 0.1125 0.4452789703125 0.11642857083333333 0.4452789703125 0.12107142916666666 0.43884120156249995
9 0.95035714375 0.45654506406250006 0.9532142854166668 0.4533261796875 0.9525 0.44581545 0.9439285708333334 0.4447424890625 0.93714285625 0.4468884125 0.93535714375 0.449570815625 0.9360714291666666 0.4527897 0.9421428562499999 0.4570815453125 0.95035714375 0.45654506406250006
1 0.80214285625 0.17864806875 0.8075 0.17864806875 0.8214285708333333 0.1679184546875 0.82464285625 0.160407725 0.8264285708333333 0.14914163125 0.82535714375 0.13894849843749998 0.8217857145833333 0.13036480625 0.81464285625 0.1228540765625 0.8085714291666667 0.1207081546875 0.80035714375 0.121781115625 0.7942857145833333 0.1260729609375 0.78964285625 0.13143776875 0.7817857145833333 0.1469957078125 0.7817857145833333 0.1539699578125 0.7857142854166667 0.1646995703125 0.7907142854166668 0.1716738203125 0.80214285625 0.17864806875
4 0.73035714375 0.1228540765625 0.7342857145833332 0.12231759687499999 0.7392857145833334 0.10675965624999999 0.7389285708333334 0.0879828328125 0.73535714375 0.074034334375 0.7314285708333333 0.0675965671875 0.7135714291666667 0.050965665625 0.70964285625 0.0520386265625 0.7085714291666666 0.05954935625 0.7089285708333333 0.08154506406249999 0.7132142854166666 0.0944206015625 0.7274999999999999 0.1190987125 0.73035714375 0.1228540765625
2 0.6292857145833334 0.11963519375000001 0.6267857145833333 0.10783261875000001 0.6207142854166666 0.1089055796875 0.6174999999999999 0.11427038593750001 0.6192857145833333 0.1260729609375 0.62285714375 0.13036480625 0.6260714291666667 0.1298283265625 0.6292857145833334 0.11963519375000001
4 0.66785714375 0.0316523609375 0.6739285708333332 0.025214592187500003 0.6760714291666667 0.0187768234375 0.6757142854166667 0.015021459374999999 0.6692857145833333 0.011266093750000001 0.65035714375 0.0101931328125 0.6232142854166667 0.0160944203125 0.60964285625 0.032188840625 0.6024999999999999 0.0434549359375 0.6003571437499999 0.050429184375000005 0.6007142854166666 0.062768240625 0.6085714291666666 0.062231759374999994 0.65035714375 0.0375536484375 0.66785714375 0.0316523609375
5 0.47035714375000004 0.23229613750000003 0.4810714291666667 0.2247854078125 0.4875 0.229077253125 0.49107142916666663 0.229077253125 0.49285714375 0.22693133125 0.4939285708333333 0.21888412031249999 0.4925 0.21405579375 0.47785714375 0.18991416249999998 0.4785714291666666 0.174892703125 0.47678571458333335 0.1716738203125 0.4632142854166667 0.1652360515625 0.4589285708333334 0.169527896875 0.4564285708333333 0.175965665625 0.45678571458333334 0.18508583750000002 0.46428571458333334 0.199034334375 0.46678571458333334 0.21995708125000002 0.47035714375000004 0.23229613750000003
2 0.4475 0.24946351875 0.44642857083333337 0.241416309375 0.4425 0.238197425 0.4375 0.2419527890625 0.4382142854166667 0.25643776875 0.44107142916666664 0.258583690625 0.44535714375 0.2569742484375 0.4475 0.24946351875