9 0.13020833290816325 0.6025390625 0.11067708290816326 0.6181640625 0.10807291709183674 0.625 0.11328125 0.6259765625 0.13932291709183675 0.6025390625 0.13020833290816325 0.6025390625
9 0.14973958290816325 0.6123046875 0.15364583290816325 0.619140625 0.18098958290816328 0.595703125 0.17057291709183672 0.595703125 0.14973958290816325 0.6123046875
9 0.15104166709183675 0.5498046875 0.13671875 0.5634765625 0.14583333290816325 0.5771484375 0.16796875 0.5537109375 0.15104166709183675 0.5498046875
9 0.6354166670918368 0.546875 0.61328125 0.5634765625 0.6119791670918368 0.5673828125 0.62109375 0.5693359375 0.6432291670918368 0.5478515625 0.6354166670918368 0.546875
9 0.7473958329081634 0.6044921875 0.734375 0.6171875 0.7330729170918366 0.6298828125 0.7408854170918366 0.630859375 0.75 0.6123046875 0.7473958329081634 0.6044921875
9 0.5416666670918368 0.3798828125 0.53125 0.373046875 0.5078125 0.373046875 0.5065104170918368 0.3779296875 0.5286458329081632 0.390625 0.54296875 0.38671875 0.5416666670918368 0.3798828125
9 0.36197916709183675 0.203125 0.35546875 0.2138671875 0.35286458290816325 0.220703125 0.359375 0.2236328125 0.36979166709183675 0.205078125 0.36197916709183675 0.203125
9 0.71875 0.2373046875 0.7161458329081634 0.232421875 0.7083333329081634 0.2353515625 0.703125 0.240234375 0.7057291670918366 0.24609375 0.7109375 0.24609375 0.71875 0.2373046875
9 0.63671875 0.291015625 0.6236979170918368 0.3046875 0.6197916670918368 0.310546875 0.6276041670918368 0.314453125 0.64453125 0.29296875 0.63671875 0.291015625
4 0.8489583329081634 0.2431640625 0.86328125 0.224609375 0.86328125 0.220703125 0.8450520829081634 0.208984375 0.8125 0.203125 0.7643229170918366 0.2060546875 0.7526041670918366 0.21875 0.7526041670918366 0.2333984375 0.7578125 0.2412109375 0.7981770829081634 0.2587890625 0.8489583329081634 0.2431640625
9 0.7786458329081634 0.25 0.765625 0.2578125 0.7578125 0.2744140625 0.7669270829081634 0.2724609375 0.7799479170918366 0.2548828125 0.7786458329081634 0.25
9 0.62890625 0.119140625 0.6028645829081632 0.123046875 0.5963541670918368 0.125 0.6002604170918368 0.1318359375 0.6328125 0.123046875 0.62890625 0.119140625
9 0.9453125 0.546875 0.94140625 0.5791015625 0.9505208329081634 0.560546875 0.9505208329081634 0.5498046875 0.9453125 0.546875
9 0.9557291670918366 0.5625 0.9518229170918366 0.5771484375 0.9505208329081634 0.5888671875 0.9557291670918366 0.5927734375 0.9609375 0.57421875 0.9557291670918366 0.5625
6 0.9283854170918366 0.2998046875 0.94921875 0.2998046875 0.96875 0.2939453125 0.98828125 0.2744140625 0.98828125 0.26171875 0.9791666670918366 0.2431640625 0.9635416670918366 0.232421875 0.9453125 0.2265625 0.9205729170918366 0.2265625 0.9075520829081634 0.23046875 0.89453125 0.23828125 0.8854166670918366 0.2509765625 0.8828125 0.2685546875 0.890625 0.28125 0.90625 0.29296875 0.9283854170918366 0.2998046875
8 0.39192708290816325 0.537109375 0.42057291709183675 0.5400390625 0.43098958290816325 0.537109375 0.453125 0.5205078125 0.4609375 0.5078125 0.46223958290816325 0.494140625 0.45572916709183675 0.48046875 0.44140625 0.4677734375 0.42838541709183675 0.462890625 0.39583333290816325 0.4619140625 0.375 0.4697265625 0.35807291709183675 0.48828125 0.35677083290816325 0.5078125 0.36197916709183675 0.5185546875 0.37239583290816325 0.529296875 0.39192708290816325 0.537109375
8 0.2682291670918367 0.5546875 0.265625 0.533203125 0.24348958290816328 0.521484375 0.22135416709183672 0.525390625 0.20442708290816328 0.5380859375 0.20442708290816328 0.556640625 0.23046875 0.5712890625 0.2526041670918367 0.5673828125 0.2682291670918367 0.5546875
8 0.15625 0.62890625 0.1484375 0.6171875 0.13541666709183675 0.6181640625 0.12369791709183674 0.625 0.12109375 0.6337890625 0.13020833290816325 0.640625 0.14583333290816325 0.6396484375 0.15625 0.62890625
8 0.11458333290816326 0.6533203125 0.11979166709183674 0.63671875 0.11328125 0.62890625 0.1015625 0.625 0.07682291709183674 0.6298828125 0.06380208290816326 0.6435546875 0.0625 0.650390625 0.0703125 0.66015625 0.09375 0.6630859375 0.11458333290816326 0.6533203125
8 0.49479166709183675 0.45703125 0.49869791709183675 0.4423828125 0.49088541709183675 0.4345703125 0.47786458290816325 0.4326171875 0.46223958290816325 0.4375 0.45963541709183675 0.4521484375 0.46875 0.4609375 0.48177083290816325 0.462890625 0.49479166709183675 0.45703125
8 0.5807291670918368 0.40625 0.5872395829081632 0.3984375 0.5859375 0.3857421875 0.578125 0.3818359375 0.55859375 0.3857421875 0.5559895829081632 0.3935546875 0.5598958329081632 0.400390625 0.57421875 0.4072265625 0.5807291670918368 0.40625
8 0.87890625 0.40625 0.9075520829081634 0.40625 0.9322916670918366 0.3974609375 0.9544270829081634 0.3798828125 0.9635416670918366 0.3642578125 0.9635416670918366 0.341796875 0.95703125 0.3271484375 0.9348958329081634 0.3076171875 0.9036458329081634 0.294921875 0.8658854170918366 0.29296875 0.8424479170918366 0.306640625 0.8268229170918366 0.306640625 0.8098958329081634 0.3232421875 0.8033854170918366 0.337890625 0.8059895829081634 0.3642578125 0.828125 0.390625 0.8489583329081634 0.400390625 0.87890625 0.40625
11 0.15104166709183675 0.591796875 0.16796875 0.587890625 0.16796875 0.5791015625 0.16145833290816325 0.5732421875 0.16666666709183672 0.564453125 0.19140625 0.556640625 0.203125 0.5576171875 0.22786458290816328 0.572265625 0.22786458290816328 0.591796875 0.2604166670918367 0.591796875 0.2643229170918367 0.5888671875 0.2643229170918367 0.560546875 0.26953125 0.55078125 0.2669270829081633 0.505859375 0.15625 0.5048828125 0.15104166709183675 0.5302734375 0.15104166709183675 0.546875 0.16796875 0.552734375 0.14713541709183675 0.5810546875 0.15104166709183675 0.591796875
11 0.22786458290816328 0.59765625 0.22265625 0.5966796875 0.20963541709183672 0.6064453125 0.1953125 0.6025390625 0.19140625 0.59765625 0.16276041709183675 0.5947265625 0.03385416709183674 0.5986328125 0.01953125 0.7158203125 0.018229167091836734 0.748046875 0.022135417091836734 0.75 0.22135416709183672 0.748046875 0.22786458290816328 0.59765625
11 0.734375 0.6201171875 0.7513020829081634 0.6123046875 0.7643229170918366 0.6220703125 0.7864583329081634 0.6279296875 0.8502604170918366 0.642578125 0.86328125 0.640625 0.8776041670918366 0.595703125 0.8606770829081634 0.587890625 0.84375 0.5654296875 0.640625 0.564453125 0.6393229170918368 0.568359375 0.69140625 0.6025390625 0.7291666670918366 0.6142578125 0.734375 0.6201171875
11 0.7044270829081634 0.658203125 0.6575520829081634 0.62109375 0.55078125 0.5517578125 0.546875 0.552734375 0.54296875 0.5703125 0.5442708329081632 0.5947265625 0.6015625 0.673828125 0.65625 0.673828125 0.7044270829081634 0.658203125
11 0.54296875 0.623046875 0.5442708329081632 0.6123046875 0.51171875 0.4873046875 0.5065104170918368 0.5029296875 0.49739583290816325 0.6123046875 0.515625 0.62890625 0.5299479170918368 0.630859375 0.54296875 0.623046875
11 0.6158854170918368 0.7353515625 0.6236979170918368 0.7255859375 0.6223958329081632 0.7119140625 0.5455729170918368 0.5947265625 0.5455729170918368 0.61328125 0.5755208329081632 0.7197265625 0.5989583329081632 0.7353515625 0.6158854170918368 0.7353515625
4 0.5833333329081632 0.158203125 0.5989583329081632 0.142578125 0.59375 0.1220703125 0.5716145829081632 0.109375 0.5572916670918368 0.1083984375 0.5442708329081632 0.1123046875 0.5260416670918368 0.1279296875 0.5286458329081632 0.1484375 0.5403645829081632 0.1572265625 0.5559895829081632 0.1611328125 0.5833333329081632 0.158203125
1 0.5078125 0.1572265625 0.4921875 0.1552734375 0.48567708290816325 0.158203125 0.48697916709183675 0.1748046875 0.49739583290816325 0.1796875 0.5065104170918368 0.169921875 0.5078125 0.1572265625
1 0.54296875 0.224609375 0.5442708329081632 0.2138671875 0.5390625 0.2109375 0.5221354170918368 0.2119140625 0.5208333329081632 0.224609375 0.5286458329081632 0.2333984375 0.53515625 0.234375 0.54296875 0.224609375
1 0.45703125 0.2080078125 0.44140625 0.2109375 0.44921875 0.2314453125 0.45703125 0.232421875 0.46744791709183675 0.212890625 0.45703125 0.2080078125
1 0.5 0.2978515625 0.47916666709183675 0.2958984375 0.47916666709183675 0.310546875 0.48697916709183675 0.318359375 0.4921875 0.3173828125 0.5 0.2978515625
1 0.49609375 0.3837890625 0.47135416709183675 0.3837890625 0.47265625 0.396484375 0.48046875 0.4052734375 0.48697916709183675 0.4052734375 0.49609375 0.3837890625
1 0.6627604170918366 0.33984375 0.65234375 0.3447265625 0.6575520829081634 0.3623046875 0.671875 0.365234375 0.6822916670918366 0.3427734375 0.6627604170918366 0.33984375
1 0.7578125 0.4033203125 0.7356770829081634 0.404296875 0.7330729170918366 0.4111328125 0.73828125 0.421875 0.7513020829081634 0.42578125 0.7578125 0.4033203125
1 0.8020833329081634 0.3271484375 0.7994791670918366 0.3173828125 0.79296875 0.314453125 0.7747395829081634 0.3173828125 0.7734375 0.3251953125 0.78125 0.3359375 0.7942708329081634 0.3388671875 0.8020833329081634 0.3271484375
1 0.7395833329081634 0.2470703125 0.7330729170918366 0.2431640625 0.7174479170918366 0.244140625 0.71875 0.26171875 0.73046875 0.2666015625 0.7369791670918366 0.2607421875 0.7395833329081634 0.2470703125
1 0.5520833329081632 0.5263671875 0.55078125 0.51953125 0.5260416670918368 0.5185546875 0.5286458329081632 0.5361328125 0.53515625 0.5419921875 0.54296875 0.541015625 0.5520833329081632 0.5263671875
3 0.71484375 0.2646484375 0.71484375 0.25390625 0.7005208329081634 0.2431640625 0.6809895829081634 0.2431640625 0.6688372397959184 0.2513017578125 0.6640625 0.259765625 0.6705729170918366 0.2685546875 0.6953125 0.2734375 0.71484375 0.2646484375
3 0.6731770829081634 0.283203125 0.6640625 0.2744140625 0.6471354170918368 0.2685546875 0.6328125 0.279296875 0.6328125 0.28515625 0.6458333329081632 0.29296875 0.6588541670918366 0.29296875 0.6731770829081634 0.283203125
4 0.5013020829081632 0.29296875 0.5533854170918368 0.279296875 0.5859375 0.265625 0.5950520829081632 0.2578125 0.5950520829081632 0.25 0.5872395829081632 0.2392578125 0.5729166670918368 0.2353515625 0.5130208329081632 0.2578125 0.45442708290816325 0.263671875 0.44921875 0.267578125 0.44921875 0.279296875 0.4609375 0.29296875 0.5013020829081632 0.29296875
7 0.5989583329081632 0.3310546875 0.6197916670918368 0.3037109375 0.6419270829081632 0.2626953125 0.6432291670918368 0.25 0.63671875 0.2431640625 0.62890625 0.2392578125 0.6106770829081632 0.2431640625 0.5924479170918368 0.2822265625 0.5520833329081632 0.3203125 0.5494791670918368 0.330078125 0.5598958329081632 0.3388671875 0.5807291670918368 0.337890625 0.5989583329081632 0.3310546875
3 0.4140625 0.189453125 0.37369791709183675 0.1708984375 0.36328125 0.1708984375 0.35807291709183675 0.1767578125 0.35546875 0.1962890625 0.38020833290816325 0.20703125 0.39583333290816325 0.2041015625 0.4140625 0.189453125
2 0.42383723979591836 0.2241923828125 0.42632421811224486 0.2167353515625 0.4132734375 0.214404296875 0.40581510459183673 0.219998046875 0.40755208290816325 0.2265625 0.41948697959183673 0.2293203125 0.42383723979591836 0.2241923828125
2 0.3828125 0.400390625 0.37630208290816325 0.400390625 0.37239583290816325 0.4052734375 0.375 0.4140625 0.38671875 0.4150390625 0.39192708290816325 0.4111328125 0.3828125 0.400390625
2 0.8580729170918366 0.607421875 0.8567708329081634 0.6123046875 0.8658854170918366 0.6142578125 0.8658854170918366 0.6083984375 0.8580729170918366 0.607421875
2 0.359375 0.4716796875 0.35807291709183675 0.478515625 0.36197916709183675 0.4794921875 0.37109375 0.4697265625 0.359375 0.4716796875
0 0.5512382806122449 0.381267578125 0.5412942704081632 0.378470703125 0.5319726556122448 0.394318359375 0.5499947920918368 0.3933857421875 0.5555885420918367 0.3882587890625 0.5512382806122449 0.381267578125
3 0.80078125 0.283203125 0.7903645829081634 0.27734375 0.7682291670918366 0.2802734375 0.7760416670918366 0.2939453125 0.796875 0.2958984375 0.8033854170918366 0.291015625 0.80078125 0.283203125
10 0.6197916670918368 0.58984375 0.6223958329081632 0.578125 0.6184895829081632 0.5703125 0.6015625 0.5634765625 0.58984375 0.564453125 0.5859375 0.572265625 0.59375 0.58203125 0.6106770829081632 0.5908203125 0.6197916670918368 0.58984375
5 0.53515625 0.3349609375 0.51171875 0.337890625 0.4765625 0.3623046875 0.47395833290816325 0.37109375 0.48828125 0.37109375 0.5442708329081632 0.341796875 0.53515625 0.3349609375
5 0.5598958329081632 0.3603515625 0.5794270829081632 0.3525390625 0.58203125 0.3447265625 0.57421875 0.33984375 0.55859375 0.3408203125 0.54296875 0.34375 0.5221354170918368 0.35546875 0.515625 0.361328125 0.515625 0.365234375 0.5221354170918368 0.3671875 0.5598958329081632 0.3603515625
5 0.625 0.3955078125 0.6263020829081632 0.3671875 0.6002604170918368 0.3564453125 0.57421875 0.35546875 0.5716145829081632 0.3623046875 0.6002604170918368 0.3779296875 0.6119791670918368 0.3935546875 0.625 0.3955078125
0 0.7408854170918366 0.27734375 0.7174479170918366 0.28515625 0.7200520829081634 0.291015625 0.734375 0.2958984375 0.7395833329081634 0.29296875 0.7408854170918366 0.27734375
7 0.7838541670918366 0.4140625 0.7864583329081634 0.388671875 0.78125 0.37890625 0.7526041670918366 0.3564453125 0.7369791670918366 0.3525390625 0.7369791670918366 0.359375 0.7591145829081634 0.3828125 0.77734375 0.4111328125 0.7838541670918366 0.4140625
10 0.7760416670918366 0.3623046875 0.79296875 0.3583984375 0.7903645829081634 0.349609375 0.7630208329081634 0.3193359375 0.7369791670918366 0.302734375 0.7174479170918366 0.296875 0.6927083329081634 0.294921875 0.6614583329081634 0.298828125 0.63671875 0.3134765625 0.63671875 0.32421875 0.6484375 0.333984375 0.7083333329081634 0.3388671875 0.7760416670918366 0.3623046875
0 0.4453125 0.2529296875 0.43229166709183675 0.2509765625 0.42447916709183675 0.25390625 0.42708333290816325 0.259765625 0.44661458290816325 0.2587890625 0.4453125 0.2529296875
7 0.8294270829081634 0.55859375 0.83203125 0.5537109375 0.8255208329081634 0.5439453125 0.7786458329081634 0.513671875 0.7552083329081634 0.4814453125 0.7447916670918366 0.4775390625 0.7408854170918366 0.48046875 0.7434895829081634 0.5009765625 0.765625 0.537109375 0.8098958329081634 0.556640625 0.8294270829081634 0.55859375
4 0.6848958329081634 0.4970703125 0.6796875 0.4931640625 0.6653645829081634 0.4921875 0.640625 0.505859375 0.6419270829081632 0.5107421875 0.6744791670918366 0.5078125 0.68359375 0.5029296875 0.6848958329081634 0.4970703125
5 0.6002604170918368 0.5126953125 0.59765625 0.498046875 0.56640625 0.490234375 0.5533854170918368 0.5 0.5546875 0.50390625 0.5963541670918368 0.51953125 0.6002604170918368 0.5126953125
7 0.5846354170918368 0.462890625 0.5716145829081632 0.4443359375 0.5390625 0.44140625 0.5377604170918368 0.4501953125 0.5611979170918368 0.47265625 0.5716145829081632 0.4716796875 0.5846354170918368 0.462890625
10 0.5559895829081632 0.4873046875 0.5559895829081632 0.4697265625 0.5403645829081632 0.455078125 0.53125 0.453125 0.51953125 0.462890625 0.51953125 0.470703125 0.5325520829081632 0.4853515625 0.5481770829081632 0.4892578125 0.5559895829081632 0.4873046875
7 0.49348958290816325 0.50390625 0.48828125 0.5 0.47395833290816325 0.5 0.46484375 0.5107421875 0.46484375 0.53125 0.4765625 0.5341796875 0.49088541709183675 0.5224609375 0.49348958290816325 0.50390625
7 0.49869791709183675 0.4716796875 0.48697916709183675 0.4716796875 0.47005208290816325 0.48828125 0.47265625 0.498046875 0.49479166709183675 0.5 0.5 0.4873046875 0.49869791709183675 0.4716796875
0 0.8463541670918366 0.29296875 0.828125 0.2998046875 0.828125 0.3046875 0.8489583329081634 0.3046875 0.8541666670918366 0.294921875 0.8463541670918366 0.29296875
8 0.8411458329081634 0.5078125 0.8333333329081634 0.5009765625 0.8203125 0.5048828125 0.8177083329081634 0.513671875 0.8216145829081634 0.5166015625 0.8333333329081634 0.515625 0.8411458329081634 0.5078125
0 0.7669270829081634 0.5966796875 0.7578125 0.5947265625 0.7473958329081634 0.599609375 0.7486979170918366 0.6064453125 0.7578125 0.609375 0.7643229170918366 0.60546875 0.7669270829081634 0.5966796875
10 0.8216145829081634 0.4560546875 0.8619791670918366 0.421875 0.8684895829081634 0.4091796875 0.8606770829081634 0.4052734375 0.8216145829081634 0.4072265625 0.7916666670918366 0.421875 0.7877604170918366 0.4267578125 0.79296875 0.4423828125 0.8046875 0.4521484375 0.8216145829081634 0.4560546875
0 0.8439466147959184 0.4339365234375 0.8408398431122449 0.4297421875 0.8302747397959184 0.432072265625 0.8277890625 0.4376650390625 0.8383541670918367 0.439529296875 0.8439466147959184 0.4339365234375
7 0.32421875 0.765625 0.3359375 0.76171875 0.35026041709183675 0.75 0.34895833290816325 0.7412109375 0.3125 0.6904296875 0.3033854170918367 0.6435546875 0.2799479170918367 0.6416015625 0.2669270829081633 0.646484375 0.2565104170918367 0.65625 0.2604166670918367 0.689453125 0.2916666670918367 0.7431640625 0.3111979170918367 0.763671875 0.32421875 0.765625
7 0.48046875 0.75 0.5 0.7548828125 0.51953125 0.7509765625 0.5325520829081632 0.7333984375 0.5416666670918368 0.7138671875 0.5520833329081632 0.66015625 0.5520833329081632 0.6416015625 0.5416666670918368 0.630859375 0.5104166670918368 0.6318359375 0.5052083329081632 0.638671875 0.5065104170918368 0.6650390625 0.5013020829081632 0.6884765625 0.47135416709183675 0.736328125 0.48046875 0.75
4 0.48828125 0.7080078125 0.49609375 0.697265625 0.49739583290816325 0.685546875 0.49088541709183675 0.6806640625 0.48046875 0.6806640625 0.42447916709183675 0.6962890625 0.37760416709183675 0.697265625 0.37109375 0.7001953125 0.37109375 0.708984375 0.38151041709183675 0.716796875 0.45703125 0.71484375 0.48828125 0.7080078125
4 0.44791666709183675 0.748046875 0.46614583290816325 0.732421875 0.46614583290816325 0.7236328125 0.45442708290816325 0.7177734375 0.38151041709183675 0.7177734375 0.35286458290816325 0.7109375 0.33984375 0.7119140625 0.33723958290816325 0.72265625 0.34635416709183675 0.7314453125 0.40364583290816325 0.7451171875 0.44791666709183675 0.748046875
2 0.09244791709183674 0.7119140625 0.08333333290816326 0.7080078125 0.07291666709183674 0.7109375 0.07421875 0.7236328125 0.08723958290816326 0.7275390625 0.10286458290816326 0.7265625 0.09244791709183674 0.7119140625
2 0.07552083290816326 0.6748046875 0.07682291709183674 0.6845703125 0.09114583290816326 0.68359375 0.0859375 0.673828125 0.07552083290816326 0.6748046875
7 0.19140625 0.7412109375 0.20442708290816328 0.7451171875 0.22005208290816328 0.736328125 0.22265625 0.724609375 0.19401041709183672 0.6884765625 0.18619791709183672 0.6455078125 0.17057291709183672 0.6337890625 0.15494791709183675 0.6357421875 0.14583333290816325 0.6455078125 0.14322916709183675 0.67578125 0.15104166709183675 0.6982421875 0.16276041709183675 0.71484375 0.19140625 0.7412109375