9 0.11189236041666667 0.6259765625 0.14140625 0.6025390625 0.1310763895833333 0.6025390625 0.10894097291666666 0.6181640625 0.10598958333333333 0.625 0.11189236041666667 0.6259765625
9 0.14765625 0.6123046875 0.15208333333333332 0.619140625 0.18307291666666667 0.595703125 0.17126736041666665 0.595703125 0.14765625 0.6123046875
9 0.15086805625000002 0.5498046875 0.13463541666666667 0.5634765625 0.14496527708333332 0.5771484375 0.17005208333333333 0.5537109375 0.15086805625000002 0.5498046875
9 0.6202256937499999 0.5693359375 0.6453125 0.5478515625 0.6364583333333333 0.546875 0.6113715270833333 0.5634765625 0.6098958333333333 0.5673828125 0.6202256937499999 0.5693359375
9 0.7407251604166666 0.630859375 0.7520833333333333 0.6123046875 0.7488381416666667 0.6044921875 0.7326121791666667 0.6171875 0.7309895833333333 0.6298828125 0.7407251604166666 0.630859375
9 0.5058779770833334 0.373046875 0.5044270833333333 0.3779296875 0.5290922625 0.390625 0.5450520833333333 0.38671875 0.5436011895833333 0.3798828125 0.5319940479166667 0.373046875 0.5058779770833334 0.373046875
9 0.35889423125 0.2236328125 0.371875 0.205078125 0.3621394229166667 0.203125 0.3540264416666667 0.2138671875 0.35078125 0.220703125 0.35889423125 0.2236328125
9 0.7076388895833333 0.2353515625 0.7010416666666667 0.240234375 0.7043402770833332 0.24609375 0.7109375 0.24609375 0.7208333333333333 0.2373046875 0.7175347229166668 0.232421875 0.7076388895833333 0.2353515625
9 0.6268366229166666 0.314453125 0.6466145833333333 0.29296875 0.63748629375 0.291015625 0.6222724770833333 0.3046875 0.6177083333333333 0.310546875 0.6268366229166666 0.314453125
4 0.7559252458333333 0.2412109375 0.7978094354166667 0.2587890625 0.85050245 0.2431640625 0.8653645833333333 0.224609375 0.8653645833333333 0.220703125 0.8464491416666667 0.208984375 0.81267156875 0.203125 0.7626807604166667 0.2060546875 0.7505208333333333 0.21875 0.7505208333333333 0.2333984375 0.7559252458333333 0.2412109375
9 0.7665594354166667 0.2724609375 0.78203125 0.2548828125 0.7804840687500001 0.25 0.7650122541666666 0.2578125 0.7557291666666667 0.2744140625 0.7665594354166667 0.2724609375
9 0.5986235125 0.1318359375 0.6348958333333333 0.123046875 0.6305431541666666 0.119140625 0.6015252979166666 0.123046875 0.5942708333333333 0.125 0.5986235125 0.1318359375
9 0.94501488125 0.546875 0.9393229166666667 0.5791015625 0.9526041666666667 0.560546875 0.9526041666666667 0.5498046875 0.94501488125 0.546875
9 0.9557291666666666 0.5927734375 0.9630208333333333 0.57421875 0.9557291666666666 0.5625 0.9502604166666667 0.5771484375 0.9484375 0.5888671875 0.9557291666666666 0.5927734375
6 0.9199813520833333 0.2265625 0.9064461166666666 0.23046875 0.8929108791666667 0.23828125 0.8834362145833333 0.2509765625 0.8807291666666667 0.2685546875 0.8888503083333333 0.28125 0.9050925916666667 0.29296875 0.9281024958333333 0.2998046875 0.9497588729166666 0.2998046875 0.9700617291666667 0.2939453125 0.9903645833333333 0.2744140625 0.9903645833333333 0.26171875 0.9808899166666667 0.2431640625 0.9646476333333334 0.232421875 0.9456983020833333 0.2265625 0.9199813520833333 0.2265625
8 0.42913130208333333 0.462890625 0.3952932104166667 0.4619140625 0.37363683124999997 0.4697265625 0.35604102291666667 0.48828125 0.3546875 0.5078125 0.36010159374999995 0.5185546875 0.3709297833333334 0.529296875 0.3912326395833333 0.537109375 0.42101016041666667 0.5400390625 0.4318383479166667 0.537109375 0.45484825 0.5205078125 0.46296939375 0.5078125 0.46432291666666664 0.494140625 0.45755529791666666 0.48046875 0.4426665375 0.4677734375 0.42913130208333333 0.462890625
8 0.2703125 0.5546875 0.2675382645833333 0.533203125 0.24395727083333335 0.521484375 0.220376275 0.525390625 0.20234375 0.5380859375 0.20234375 0.556640625 0.23008609791666668 0.5712890625 0.2536670916666667 0.5673828125 0.2703125 0.5546875
8 0.14959490833333333 0.6171875 0.13503086458333333 0.6181640625 0.121923225 0.625 0.11901041666666666 0.6337890625 0.12920524791666665 0.640625 0.14668209791666667 0.6396484375 0.15833333333333333 0.62890625 0.14959490833333333 0.6171875
8 0.09393939375 0.6630859375 0.11628787916666666 0.6533203125 0.121875 0.63671875 0.11489109791666667 0.62890625 0.102320075 0.625 0.07578125 0.6298828125 0.06181344791666667 0.6435546875 0.06041666666666667 0.650390625 0.06879734791666667 0.66015625 0.09393939375 0.6630859375
8 0.49645833333333333 0.45703125 0.50078125 0.4423828125 0.49213541666666666 0.4345703125 0.47772569375 0.4326171875 0.4604340270833333 0.4375 0.45755208333333336 0.4521484375 0.46763888958333333 0.4609375 0.48204861041666663 0.462890625 0.49645833333333333 0.45703125
8 0.58194444375 0.40625 0.5893229166666667 0.3984375 0.5878472229166667 0.3857421875 0.5789930562500001 0.3818359375 0.5568576395833333 0.3857421875 0.55390625 0.3935546875 0.5583333333333333 0.400390625 0.5745659729166667 0.4072265625 0.58194444375 0.40625
8 0.9041709020833333 0.294921875 0.8654281 0.29296875 0.84138084375 0.306640625 0.8253493395833333 0.306640625 0.8079818770833334 0.3232421875 0.8013020833333333 0.337890625 0.803974 0.3642578125 0.8266852979166667 0.390625 0.8480606374999999 0.400390625 0.8787876854166666 0.40625 0.9081787770833334 0.40625 0.9335619916666666 0.3974609375 0.9562732895833334 0.3798828125 0.965625 0.3642578125 0.965625 0.341796875 0.95894520625 0.3271484375 0.9362339083333333 0.3076171875 0.9041709020833333 0.294921875
11 0.22852947708333332 0.591796875 0.26218971666666663 0.591796875 0.26622894583333334 0.5888671875 0.26622894583333334 0.560546875 0.2716145833333333 0.55078125 0.26892176458333333 0.505859375 0.15447695 0.5048828125 0.1490913125 0.5302734375 0.1490913125 0.546875 0.16659463749999998 0.552734375 0.14505208333333333 0.5810546875 0.1490913125 0.591796875 0.16659463749999998 0.587890625 0.16659463749999998 0.5791015625 0.15986258958333333 0.5732421875 0.16524822708333334 0.564453125 0.19083000833333333 0.556640625 0.20294769583333333 0.5576171875 0.22852947708333332 0.572265625 0.22852947708333332 0.591796875
11 0.016145833333333335 0.748046875 0.020129722916666665 0.75 0.2233081 0.748046875 0.22994791666666667 0.59765625 0.22463606458333332 0.5966796875 0.21135643125 0.6064453125 0.19674883541666668 0.6025390625 0.19276494583333334 0.59765625 0.16354975416666667 0.5947265625 0.03208139166666667 0.5986328125 0.017473795833333337 0.7158203125 0.016145833333333335 0.748046875
11 0.8452413479166666 0.5654296875 0.6385644354166666 0.564453125 0.6372395833333333 0.568359375 0.6902336625000001 0.6025390625 0.7286543708333333 0.6142578125 0.7339537791666667 0.6201171875 0.75117685625 0.6123046875 0.764425375 0.6220703125 0.7869478604166668 0.6279296875 0.8518656083333334 0.642578125 0.8651141270833332 0.640625 0.8796875 0.595703125 0.8624644229166667 0.587890625 0.8452413479166666 0.5654296875
11 0.7065104166666667 0.658203125 0.6584257395833333 0.62109375 0.5488995291666666 0.5517578125 0.5448924729166666 0.552734375 0.5408854166666667 0.5703125 0.5422211020833333 0.5947265625 0.6009912624999999 0.673828125 0.6570900541666667 0.673828125 0.7065104166666667 0.658203125
11 0.5463541666666667 0.6123046875 0.5109085645833333 0.4873046875 0.50523726875 0.5029296875 0.4953125 0.6123046875 0.5151620375 0.62890625 0.5307581020833333 0.630859375 0.5449363416666666 0.623046875 0.5463541666666667 0.6123046875
11 0.62578125 0.7255859375 0.6244097229166666 0.7119140625 0.5434895833333333 0.5947265625 0.5434895833333333 0.61328125 0.5750347229166667 0.7197265625 0.5997222229166667 0.7353515625 0.6175520833333333 0.7353515625 0.62578125 0.7255859375
4 0.5390997020833334 0.1572265625 0.5556175604166668 0.1611328125 0.5845238104166667 0.158203125 0.6010416666666667 0.142578125 0.5955357145833333 0.1220703125 0.5721354166666667 0.109375 0.5569940479166667 0.1083984375 0.5432291666666667 0.1123046875 0.5239583333333333 0.1279296875 0.5267113104166666 0.1484375 0.5390997020833334 0.1572265625
1 0.48359375 0.158203125 0.48514093125 0.1748046875 0.4975183833333333 0.1796875 0.5083486520833334 0.169921875 0.5098958333333333 0.1572265625 0.49132965624999997 0.1552734375 0.48359375 0.158203125
1 0.5463541666666667 0.2138671875 0.5402199083333333 0.2109375 0.5202835645833334 0.2119140625 0.51875 0.224609375 0.5279513895833333 0.2333984375 0.5356192125 0.234375 0.5448206020833334 0.224609375 0.5463541666666667 0.2138671875
1 0.4574479166666666 0.232421875 0.46953125 0.212890625 0.4574479166666666 0.2080078125 0.4393229166666667 0.2109375 0.44838541666666665 0.2314453125 0.4574479166666666 0.232421875
1 0.4864583333333333 0.318359375 0.49270833333333336 0.3173828125 0.5020833333333333 0.2978515625 0.47708333333333336 0.2958984375 0.47708333333333336 0.310546875 0.4864583333333333 0.318359375
1 0.47992050416666665 0.4052734375 0.48752741250000003 0.4052734375 0.4981770833333333 0.3837890625 0.46927083333333336 0.3837890625 0.47079221458333337 0.396484375 0.47992050416666665 0.4052734375
1 0.6725090583333333 0.365234375 0.684375 0.3427734375 0.6621263583333333 0.33984375 0.6502604166666667 0.3447265625 0.6561933875 0.3623046875 0.6725090583333333 0.365234375
1 0.7370751104166666 0.421875 0.752288925 0.42578125 0.7598958333333333 0.4033203125 0.7340323458333333 0.404296875 0.7309895833333333 0.4111328125 0.7370751104166666 0.421875
1 0.8011837125 0.3173828125 0.793726325 0.314453125 0.77284564375 0.3173828125 0.7713541666666667 0.3251953125 0.78030303125 0.3359375 0.7952178020833334 0.3388671875 0.8041666666666667 0.3271484375 0.8011837125 0.3173828125
1 0.7153645833333333 0.244140625 0.7169117645833333 0.26171875 0.7308363979166667 0.2666015625 0.7385723041666666 0.2607421875 0.7416666666666667 0.2470703125 0.7339307604166667 0.2431640625 0.7153645833333333 0.244140625
1 0.5239583333333333 0.5185546875 0.5269791666666667 0.5361328125 0.53453125 0.5419921875 0.54359375 0.541015625 0.5541666666666667 0.5263671875 0.55265625 0.51953125 0.5239583333333333 0.5185546875
3 0.7169270833333333 0.2646484375 0.7169270833333333 0.25390625 0.7014289520833333 0.2431640625 0.6802951395833333 0.2431640625 0.6671456791666667 0.25130175781249997 0.6619791666666667 0.259765625 0.6690237708333334 0.2685546875 0.69579326875 0.2734375 0.7169270833333333 0.2646484375
3 0.6652049729166667 0.2744140625 0.6465305770833333 0.2685546875 0.6307291666666667 0.279296875 0.6307291666666667 0.28515625 0.6450940854166666 0.29296875 0.65945900625 0.29296875 0.6752604166666667 0.283203125 0.6652049729166667 0.2744140625
4 0.45249256041666663 0.263671875 0.4471354166666667 0.267578125 0.4471354166666667 0.279296875 0.45918898750000003 0.29296875 0.5007068458333334 0.29296875 0.5542782729166666 0.279296875 0.5877604166666667 0.265625 0.5971354166666667 0.2578125 0.5971354166666667 0.25 0.5890997020833333 0.2392578125 0.5743675604166667 0.2353515625 0.5127604166666667 0.2578125 0.45249256041666663 0.263671875
7 0.5501157416666668 0.3203125 0.5473958333333333 0.330078125 0.5582754624999999 0.3388671875 0.5800347229166667 0.337890625 0.5990740750000001 0.3310546875 0.6208333333333333 0.3037109375 0.6439525458333333 0.2626953125 0.6453125 0.25 0.63851273125 0.2431640625 0.6303530083333333 0.2392578125 0.6113136583333334 0.2431640625 0.59227430625 0.2822265625 0.5501157416666668 0.3203125
3 0.37291087916666665 0.1708984375 0.3617534729166667 0.1708984375 0.35617476875 0.1767578125 0.3533854166666667 0.1962890625 0.37988425833333334 0.20703125 0.39662037083333335 0.2041015625 0.4161458333333333 0.189453125 0.37291087916666665 0.1708984375
2 0.4127053520833333 0.214404296875 0.40373177083333334 0.21999804687500002 0.4058216375 0.2265625 0.4201812479166666 0.22932031249999998 0.42541531458333337 0.2241923828125 0.42840755208333337 0.21673535156249998 0.4127053520833333 0.214404296875
2 0.3703125 0.4052734375 0.3734722229166667 0.4140625 0.38769097291666665 0.4150390625 0.39401041666666664 0.4111328125 0.3829513895833333 0.400390625 0.37505208333333334 0.400390625 0.3703125 0.4052734375
2 0.8565848208333333 0.607421875 0.8546875 0.6123046875 0.86796875 0.6142578125 0.86796875 0.6083984375 0.8565848208333333 0.607421875
2 0.3577083333333333 0.4716796875 0.35598958333333336 0.478515625 0.36114583333333333 0.4794921875 0.3731770833333333 0.4697265625 0.3577083333333333 0.4716796875
0 0.5510911916666666 0.3933857421875 0.557671875 0.3882587890625 0.5525540770833334 0.381267578125 0.5408555958333333 0.378470703125 0.5298893229166667 0.39431835937500004 0.5510911916666666 0.3933857421875
3 0.7661458333333333 0.2802734375 0.7748842583333333 0.2939453125 0.7981867291666667 0.2958984375 0.80546875 0.291015625 0.8025559416666667 0.283203125 0.79090470625 0.27734375 0.7661458333333333 0.2802734375
10 0.6215773812500001 0.58984375 0.6244791666666667 0.578125 0.6201264875 0.5703125 0.60126488125 0.5634765625 0.5882068458333334 0.564453125 0.5838541666666667 0.572265625 0.5925595229166666 0.58203125 0.61142113125 0.5908203125 0.6215773812500001 0.58984375
5 0.4746334875 0.3623046875 0.471875 0.37109375 0.48704668125 0.37109375 0.5463541666666667 0.341796875 0.5366994604166667 0.3349609375 0.5118730708333333 0.337890625 0.4746334875 0.3623046875
5 0.5135416666666667 0.365234375 0.5204605791666667 0.3671875 0.5605902770833333 0.3603515625 0.5813470187499999 0.3525390625 0.5841145833333333 0.3447265625 0.5758118875 0.33984375 0.5592064958333334 0.3408203125 0.5426011020833333 0.34375 0.5204605791666667 0.35546875 0.5135416666666667 0.361328125 0.5135416666666667 0.365234375
5 0.6283854166666667 0.3671875 0.6003596229166667 0.3564453125 0.5723338291666666 0.35546875 0.56953125 0.3623046875 0.6003596229166667 0.3779296875 0.6129712291666666 0.3935546875 0.6269841270833333 0.3955078125 0.6283854166666667 0.3671875
0 0.735300925 0.2958984375 0.7414351854166666 0.29296875 0.74296875 0.27734375 0.7153645833333333 0.28515625 0.7184317124999999 0.291015625 0.735300925 0.2958984375
7 0.7857182020833334 0.4140625 0.7885416666666667 0.388671875 0.7828947374999999 0.37890625 0.7518366229166666 0.3564453125 0.7348958333333333 0.3525390625 0.7348958333333333 0.359375 0.7588952854166667 0.3828125 0.7786595395833333 0.4111328125 0.7857182020833334 0.4140625
10 0.6346354166666667 0.3134765625 0.6346354166666667 0.32421875 0.6466666666666666 0.333984375 0.7081597229166667 0.3388671875 0.7776736104166667 0.3623046875 0.7950520833333333 0.3583984375 0.7923784729166666 0.349609375 0.76430555625 0.3193359375 0.7375694437500001 0.302734375 0.7175173604166667 0.296875 0.6921180562499999 0.294921875 0.6600347229166666 0.298828125 0.6346354166666667 0.3134765625
0 0.42549019583333336 0.259765625 0.44869791666666664 0.2587890625 0.44715073541666667 0.2529296875 0.4316789208333333 0.2509765625 0.42239583333333336 0.25390625 0.42549019583333336 0.259765625
7 0.76467261875 0.537109375 0.8109672625000001 0.556640625 0.83139136875 0.55859375 0.8341145833333333 0.5537109375 0.8273065479166667 0.5439453125 0.7782886895833333 0.513671875 0.7537797625 0.4814453125 0.7428869041666667 0.4775390625 0.7388020833333333 0.48046875 0.7415252979166667 0.5009765625 0.76467261875 0.537109375
4 0.6812806375 0.4931640625 0.66560968125 0.4921875 0.6385416666666667 0.505859375 0.6399663 0.5107421875 0.6755821083333333 0.5078125 0.6855545333333333 0.5029296875 0.6869791666666667 0.4970703125 0.6812806375 0.4931640625
5 0.565480325 0.490234375 0.5513020833333333 0.5 0.5527199083333334 0.50390625 0.5980902770833333 0.51953125 0.60234375 0.5126953125 0.5995081020833334 0.498046875 0.565480325 0.490234375
7 0.5370949083333334 0.44140625 0.5356770833333333 0.4501953125 0.5611979166666666 0.47265625 0.5725405083333333 0.4716796875 0.58671875 0.462890625 0.5725405083333333 0.4443359375 0.5370949083333334 0.44140625
10 0.5580729166666667 0.4873046875 0.5580729166666667 0.4697265625 0.5406622020833333 0.455078125 0.5305059520833333 0.453125 0.5174479166666667 0.462890625 0.5174479166666667 0.470703125 0.5319568458333334 0.4853515625 0.5493675604166667 0.4892578125 0.5580729166666667 0.4873046875
7 0.4896070083333333 0.5 0.4732007583333333 0.5 0.4627604166666667 0.5107421875 0.4627604166666667 0.53125 0.4761837125 0.5341796875 0.49258996250000003 0.5224609375 0.49557291666666664 0.50390625 0.4896070083333333 0.5
7 0.46796875 0.48828125 0.47093523541666665 0.498046875 0.4961503625 0.5 0.5020833333333333 0.4873046875 0.5006000895833334 0.4716796875 0.48725090625 0.4716796875 0.46796875 0.48828125
0 0.8502083333333333 0.3046875 0.85625 0.294921875 0.8471875 0.29296875 0.8260416666666667 0.2998046875 0.8260416666666667 0.3046875 0.8502083333333333 0.3046875
8 0.8186921291666667 0.5048828125 0.815625 0.513671875 0.82022569375 0.5166015625 0.8340277770833333 0.515625 0.8432291666666667 0.5078125 0.8340277770833333 0.5009765625 0.8186921291666667 0.5048828125
0 0.7453125 0.599609375 0.7468923604166666 0.6064453125 0.7579513895833333 0.609375 0.76585069375 0.60546875 0.7690104166666667 0.5966796875 0.7579513895833333 0.5947265625 0.7453125 0.599609375
10 0.8034778229166667 0.4521484375 0.8212785625 0.4560546875 0.8637264791666667 0.421875 0.8705729166666667 0.4091796875 0.8623571916666666 0.4052734375 0.8212785625 0.4072265625 0.7897849458333333 0.421875 0.7856770833333333 0.4267578125 0.7911542333333333 0.4423828125 0.8034778229166667 0.4521484375
0 0.8257057291666666 0.4376650390625 0.8389953333333333 0.439529296875 0.8460299479166667 0.4339365234375 0.8421220104166667 0.42974218750000004 0.82883240625 0.432072265625 0.8257057291666666 0.4376650390625
7 0.25442708333333336 0.65625 0.25850694375 0.689453125 0.2911458333333333 0.7431640625 0.3115451395833333 0.763671875 0.325144675 0.765625 0.33738425833333335 0.76171875 0.35234375 0.75 0.35098379583333333 0.7412109375 0.3129050916666667 0.6904296875 0.3033854166666667 0.6435546875 0.27890625 0.6416015625 0.2653067125 0.646484375 0.25442708333333336 0.65625
7 0.5103494625 0.6318359375 0.5048723125 0.638671875 0.5062416 0.6650390625 0.5007644479166667 0.6884765625 0.46927083333333336 0.736328125 0.47885584583333335 0.75 0.49939516041666665 0.7548828125 0.519934475 0.7509765625 0.5336273520833333 0.7333984375 0.5432123645833333 0.7138671875 0.5541666666666667 0.66015625 0.5541666666666667 0.6416015625 0.5432123645833333 0.630859375 0.5103494625 0.6318359375
4 0.3690104166666667 0.708984375 0.37977072500000003 0.716796875 0.45778296875 0.71484375 0.4900638958333333 0.7080078125 0.4981341270833333 0.697265625 0.49947916666666664 0.685546875 0.49275397291666667 0.6806640625 0.4819936645833333 0.6806640625 0.42415700208333335 0.6962890625 0.37573561041666664 0.697265625 0.3690104166666667 0.7001953125 0.3690104166666667 0.708984375
4 0.3445654458333333 0.7314453125 0.40370896458333333 0.7451171875 0.449410775 0.748046875 0.46822916666666664 0.732421875 0.46822916666666664 0.7236328125 0.45613162916666666 0.7177734375 0.38085806041666664 0.7177734375 0.3512863 0.7109375 0.33784459166666664 0.7119140625 0.33515625 0.72265625 0.3445654458333333 0.7314453125
2 0.07083333333333333 0.7109375 0.07231657708333333 0.7236328125 0.08714900416666667 0.7275390625 0.10494791666666667 0.7265625 0.093081975 0.7119140625 0.082699275 0.7080078125 0.07083333333333333 0.7109375
2 0.0734375 0.6748046875 0.07508680625 0.6845703125 0.09322916666666667 0.68359375 0.08663194375000001 0.673828125 0.0734375 0.6748046875
7 0.14388661249999998 0.6455078125 0.14114583333333333 0.67578125 0.14936816875 0.6982421875 0.16170167291666668 0.71484375 0.19185023958333333 0.7412109375 0.20555413333333333 0.7451171875 0.22199880416666667 0.736328125 0.22473958333333333 0.724609375 0.19459101875 0.6884765625 0.18636868125 0.6455078125 0.16992401041666666 0.6337890625 0.15347933749999998 0.6357421875 0.14388661249999998 0.6455078125