9 0.7721354170918366 0.1181640625 0.7942708329081634 0.1083984375 0.7994791670918366 0.087890625 0.7916666670918366 0.08203125 0.77734375 0.0810546875 0.7669270829081634 0.0849609375 0.7552083329081634 0.0986328125 0.7565104170918366 0.1123046875 0.73828125 0.1357421875 0.7447916670918366 0.14453125 0.7721354170918366 0.1181640625
9 0.6432291670918368 0.6083984375 0.671875 0.5859375 0.67578125 0.578125 0.671875 0.568359375 0.66015625 0.5615234375 0.6484375 0.5634765625 0.6432291670918368 0.5703125 0.6458333329081632 0.58984375 0.63671875 0.6005859375 0.63671875 0.60546875 0.6432291670918368 0.6083984375
9 0.69921875 0.595703125 0.70703125 0.591796875 0.70703125 0.5771484375 0.69921875 0.5703125 0.6822916670918366 0.5703125 0.6744791670918366 0.583984375 0.6536458329081634 0.6015625 0.6536458329081634 0.609375 0.6614583329081634 0.61328125 0.6796875 0.595703125 0.69921875 0.595703125
9 0.4140625 0.6435546875 0.39973958290816325 0.6416015625 0.39453125 0.64453125 0.39583333290816325 0.6611328125 0.39973958290816325 0.6640625 0.41145833290816325 0.662109375 0.4140625 0.6435546875
9 0.37890625 0.6669921875 0.38802083290816325 0.646484375 0.38020833290816325 0.6328125 0.36848958290816325 0.634765625 0.36197916709183675 0.6572265625 0.35026041709183675 0.66796875 0.34765625 0.6767578125 0.3515625 0.6796875 0.36979166709183675 0.66796875 0.37890625 0.6669921875
9 0.2838541670918367 0.4873046875 0.2799479170918367 0.484375 0.2591145829081633 0.4873046875 0.2565104170918367 0.5 0.26953125 0.5078125 0.2786458329081633 0.501953125 0.2838541670918367 0.4873046875
9 0.27734375 0.4453125 0.28125 0.453125 0.296875 0.43359375 0.2916666670918367 0.4248046875 0.27734375 0.4453125
9 0.24869791709183672 0.3310546875 0.24609375 0.3212890625 0.23307291709183672 0.3203125 0.22786458290816328 0.326171875 0.22526041709183672 0.3388671875 0.23046875 0.3427734375 0.24088541709183672 0.341796875 0.24869791709183672 0.3310546875
9 0.16796875 0.2978515625 0.14322916709183675 0.3203125 0.140625 0.3330078125 0.14973958290816325 0.337890625 0.15755208290816325 0.3330078125 0.16796875 0.2978515625
1 0.6809895829081634 0.353515625 0.6783854170918366 0.3447265625 0.65625 0.3349609375 0.640625 0.3359375 0.62890625 0.345703125 0.6276041670918368 0.361328125 0.6458333329081632 0.37109375 0.6614583329081634 0.3701171875 0.6809895829081634 0.353515625
1 0.7447916670918366 0.4951171875 0.7447916670918366 0.4833984375 0.7174479170918366 0.4697265625 0.6979166670918366 0.47265625 0.6901041670918366 0.478515625 0.6888020829081634 0.4951171875 0.703125 0.5048828125 0.7200520829081634 0.5078125 0.7447916670918366 0.4951171875
2 0.7526041670918366 0.517578125 0.7434895829081634 0.5205078125 0.7434895829081634 0.53515625 0.7565104170918366 0.5361328125 0.76171875 0.5224609375 0.7526041670918366 0.517578125
4 0.66796875 0.224609375 0.6966145829081634 0.19921875 0.7408854170918366 0.1806640625 0.7486979170918366 0.1650390625 0.7486979170918366 0.1533203125 0.7447916670918366 0.146484375 0.7213541670918366 0.1318359375 0.6940104170918366 0.123046875 0.6627604170918366 0.1201171875 0.6236979170918368 0.12890625 0.6067708329081632 0.1435546875 0.59765625 0.162109375 0.5963541670918368 0.185546875 0.6067708329081632 0.2060546875 0.6302083329081632 0.220703125 0.66796875 0.224609375
4 0.7786458329081634 0.3515625 0.8098958329081634 0.34765625 0.8763020829081634 0.3173828125 0.90625 0.29296875 0.9283854170918366 0.2568359375 0.9270833329081634 0.240234375 0.9205729170918366 0.2294921875 0.8841145829081634 0.2021484375 0.8372395829081634 0.185546875 0.78515625 0.1796875 0.7421875 0.18359375 0.7044270829081634 0.1962890625 0.6744791670918366 0.220703125 0.6627604170918366 0.2470703125 0.6627604170918366 0.28125 0.6888020829081634 0.322265625 0.7278645829081634 0.3447265625 0.7786458329081634 0.3515625
7 0.9986979170918366 0.5107421875 0.99609375 0.26171875 0.98046875 0.26171875 0.9596354170918366 0.267578125 0.94140625 0.287109375 0.8971354170918366 0.4580078125 0.8919270829081634 0.5009765625 0.90625 0.5166015625 0.9361979170918366 0.5205078125 0.9986979170918366 0.5107421875
7 0.8098958329081634 0.5771484375 0.8359375 0.57421875 0.8515625 0.5703125 0.8671875 0.560546875 0.87890625 0.533203125 0.8932291670918366 0.4599609375 0.890625 0.44140625 0.8802083329081634 0.4306640625 0.8346354170918366 0.416015625 0.80859375 0.416015625 0.7877604170918366 0.4248046875 0.78125 0.4384765625 0.76171875 0.537109375 0.7630208329081634 0.5615234375 0.7721354170918366 0.5712890625 0.7825520829081634 0.5751953125 0.8098958329081634 0.5771484375
11 0.8893229170918366 0.6689453125 0.8958333329081634 0.685546875 0.94140625 0.712890625 0.9791666670918366 0.7265625 0.9986979170918366 0.6650390625 0.9986979170918366 0.609375 0.8828125 0.5439453125 0.8763020829081634 0.5537109375 0.86328125 0.60546875 0.8619791670918366 0.6201171875 0.8871523431122449 0.6370439453125 0.8958333329081634 0.6484375 0.8893229170918366 0.6689453125
11 0.9856770829081634 0.919921875 0.9934895829081634 0.865234375 0.9830729170918366 0.85546875 0.9544270829081634 0.8408203125 0.9557291670918366 0.7998046875 0.8385416670918366 0.7255859375 0.8307291670918366 0.73046875 0.8177083329081634 0.7861328125 0.8098958329081634 0.841796875 0.9505208329081634 0.9365234375 0.9674479170918366 0.9423828125 0.9856770829081634 0.919921875
11 0.6783854170918366 0.87109375 0.7786458329081634 0.8251953125 0.7552083329081634 0.7216796875 0.7473958329081634 0.712890625 0.625 0.732421875 0.5390625 0.73828125 0.5078125 0.7529296875 0.39973958290816325 0.76953125 0.39973958290816325 0.7763671875 0.4140625 0.7939453125 0.49869791709183675 0.8818359375 0.6783854170918366 0.87109375
7 0.46223958290816325 0.7373046875 0.5078125 0.7392578125 0.54296875 0.734375 0.5703125 0.72265625 0.6119791670918368 0.693359375 0.6236979170918368 0.671875 0.6236979170918368 0.6396484375 0.61328125 0.6201171875 0.59765625 0.60546875 0.5677083329081632 0.587890625 0.50390625 0.5732421875 0.45833333290816325 0.57421875 0.43619791709183675 0.578125 0.42578125 0.5859375 0.41666666709183675 0.6044921875 0.41536458290816325 0.6376953125 0.42447916709183675 0.68359375 0.4375 0.712890625 0.46223958290816325 0.7373046875
7 0.41276041709183675 0.583984375 0.42708333290816325 0.58203125 0.43489583290816325 0.57421875 0.43619791709183675 0.5595703125 0.42578125 0.486328125 0.41666666709183675 0.48046875 0.39713541709183675 0.4833984375 0.37890625 0.5009765625 0.37369791709183675 0.5146484375 0.37239583290816325 0.5390625 0.38151041709183675 0.560546875 0.40494791709183675 0.5810546875 0.41276041709183675 0.583984375
7 0.390625 0.60546875 0.390625 0.5947265625 0.38411458290816325 0.5654296875 0.37239583290816325 0.5615234375 0.36067708290816325 0.57421875 0.36458333290816325 0.5986328125 0.37239583290816325 0.607421875 0.38541666709183675 0.6103515625 0.390625 0.60546875
10 0.48177083290816325 0.5244140625 0.48177083290816325 0.5029296875 0.46223958290816325 0.4755859375 0.4453125 0.4736328125 0.43098958290816325 0.49609375 0.4296875 0.51953125 0.43880208290816325 0.5322265625 0.45703125 0.5263671875 0.48177083290816325 0.5244140625
4 0.76953125 0.705078125 0.84375 0.66796875 0.8463541670918366 0.64453125 0.8411458329081634 0.611328125 0.83203125 0.6044921875 0.8177083329081634 0.60546875 0.703125 0.6669921875 0.6940104170918366 0.673828125 0.69921875 0.6865234375 0.75 0.70703125 0.76953125 0.705078125
4 0.6796875 0.80859375 0.7018229170918366 0.8037109375 0.73046875 0.755859375 0.734375 0.7412109375 0.7174479170918366 0.7294921875 0.6783854170918366 0.73046875 0.55078125 0.7373046875 0.51953125 0.7490234375 0.51953125 0.7578125 0.5286458329081632 0.7705078125 0.5638020829081632 0.8056640625 0.6796875 0.80859375
4 0.5143229170918368 0.810546875 0.52734375 0.771484375 0.5169270829081632 0.765625 0.47786458290816325 0.7744140625 0.44921875 0.7763671875 0.421875 0.787109375 0.4296875 0.8046875 0.44791666709183675 0.822265625 0.45442708290816325 0.822265625 0.5143229170918368 0.810546875
0 0.6497395829081632 0.6083984375 0.6380208329081632 0.6142578125 0.6354166670918368 0.619140625 0.640625 0.6240234375 0.65625 0.6162109375 0.6497395829081632 0.6083984375
0 0.63671875 0.60546875 0.6328125 0.603515625 0.6223958329081632 0.607421875 0.6236979170918368 0.6171875 0.6354166670918368 0.619140625 0.6393229170918368 0.6142578125 0.63671875 0.60546875
3 0.3229166670918367 0.7255859375 0.33072916709183675 0.6953125 0.32421875 0.693359375 0.2838541670918367 0.7060546875 0.28515625 0.71484375 0.3072916670918367 0.7294921875 0.3151041670918367 0.73046875 0.3229166670918367 0.7255859375
11 0.109375 0.8232421875 0.125 0.837890625 0.2513020829081633 0.8271484375 0.2630208329081633 0.8212890625 0.24088541709183672 0.73046875 0.18880208290816328 0.693359375 0.17838541709183672 0.6962890625 0.16145833290816325 0.6923828125 0.15625 0.6953125 0.11979166709183674 0.740234375 0.10026041709183674 0.783203125 0.09635416709183674 0.7998046875 0.11197916709183674 0.8037109375 0.11979166709183674 0.81640625 0.109375 0.8232421875
3 0.26953125 0.7314453125 0.2721354170918367 0.7412109375 0.28515625 0.7470703125 0.2903645829081633 0.7314453125 0.26953125 0.7314453125
3 0.3111979170918367 0.7509765625 0.3125 0.7626953125 0.32942708290816325 0.767578125 0.33072916709183675 0.75 0.3111979170918367 0.7509765625
3 0.3020833329081633 0.8037109375 0.3020833329081633 0.8134765625 0.31640625 0.8193359375 0.32421875 0.8037109375 0.3020833329081633 0.8037109375
3 0.37890625 0.845703125 0.3828125 0.83203125 0.36197916709183675 0.8291015625 0.35807291709183675 0.830078125 0.36067708290816325 0.841796875 0.36979166709183675 0.84765625 0.37890625 0.845703125
3 0.35286458290816325 0.685546875 0.35286458290816325 0.66796875 0.32421875 0.66796875 0.3216145829081633 0.6728515625 0.3359375 0.685546875 0.34244791709183675 0.6884765625 0.35286458290816325 0.685546875
3 0.33072916709183675 0.615234375 0.3111979170918367 0.6181640625 0.3098958329081633 0.6240234375 0.3255208329081633 0.634765625 0.3359375 0.619140625 0.33072916709183675 0.615234375
3 0.34375 0.6162109375 0.35026041709183675 0.6015625 0.32682291709183675 0.599609375 0.32421875 0.6044921875 0.32942708290816325 0.61328125 0.33463541709183675 0.6171875 0.34375 0.6162109375
3 0.3151041670918367 0.5751953125 0.31640625 0.5625 0.29296875 0.5625 0.2916666670918367 0.5673828125 0.30078125 0.5751953125 0.3098958329081633 0.578125 0.3151041670918367 0.5751953125
3 0.30859375 0.5478515625 0.30859375 0.55859375 0.3229166670918367 0.5634765625 0.328125 0.55078125 0.30859375 0.5478515625
3 0.2942708329081633 0.5302734375 0.29296875 0.5400390625 0.3072916670918367 0.5458984375 0.3151041670918367 0.533203125 0.2942708329081633 0.5302734375
3 0.25 0.498046875 0.2526041670918367 0.4833984375 0.24609375 0.478515625 0.20442708290816328 0.4716796875 0.19791666709183672 0.48046875 0.1953125 0.490234375 0.21223958290816328 0.505859375 0.23046875 0.5078125 0.25 0.498046875
3 0.2747395829081633 0.466796875 0.2799479170918367 0.453125 0.2760416670918367 0.4501953125 0.25390625 0.44140625 0.2265625 0.4423828125 0.22395833290816328 0.44921875 0.2421875 0.474609375 0.2591145829081633 0.474609375 0.2747395829081633 0.466796875
3 0.24088541709183672 0.529296875 0.23307291709183672 0.529296875 0.23307291709183672 0.54296875 0.24739583290816328 0.5498046875 0.24739583290816328 0.5361328125 0.24088541709183672 0.529296875
1 0.24739583290816328 0.4111328125 0.24739583290816328 0.4013671875 0.234375 0.3935546875 0.2265625 0.3916015625 0.21744791709183672 0.396484375 0.21614583290816328 0.40625 0.22786458290816328 0.41796875 0.23828125 0.41796875 0.24739583290816328 0.4111328125
1 0.20182291709183672 0.3330078125 0.19921875 0.3251953125 0.18229166709183672 0.318359375 0.171875 0.3212890625 0.17447916709183672 0.33984375 0.18359375 0.34375 0.19401041709183672 0.3427734375 0.20182291709183672 0.3330078125
3 0.23567708290816328 0.3818359375 0.23177083290816328 0.3486328125 0.21875 0.3359375 0.19140625 0.35546875 0.19140625 0.3662109375 0.20963541709183672 0.388671875 0.22005208290816328 0.3896484375 0.23567708290816328 0.3818359375
3 0.2916666670918367 0.4013671875 0.2903645829081633 0.361328125 0.2682291670918367 0.361328125 0.24348958290816328 0.3740234375 0.24609375 0.3896484375 0.2643229170918367 0.412109375 0.2721354170918367 0.4150390625 0.2916666670918367 0.4013671875
3 0.33723958290816325 0.4111328125 0.32421875 0.4052734375 0.3046875 0.4052734375 0.2942708329081633 0.412109375 0.2994791670918367 0.43359375 0.3216145829081633 0.4453125 0.33854166709183675 0.421875 0.33723958290816325 0.4111328125
7 0.35026041709183675 0.4677734375 0.33333333290816325 0.4365234375 0.31640625 0.455078125 0.3151041670918367 0.4638671875 0.32421875 0.4873046875 0.33333333290816325 0.49609375 0.35026041709183675 0.4677734375
10 0.2708333329081633 0.609375 0.265625 0.5771484375 0.25390625 0.5576171875 0.24348958290816328 0.5595703125 0.23307291709183672 0.58203125 0.23697916709183672 0.60546875 0.24739583290816328 0.6240234375 0.25390625 0.6259765625 0.2708333329081633 0.609375
0 0.18359375 0.587890625 0.18359375 0.58203125 0.1640625 0.5751953125 0.16015625 0.58203125 0.16796875 0.591796875 0.17447916709183672 0.5927734375 0.18359375 0.587890625
0 0.19140625 0.5771484375 0.18880208290816328 0.5654296875 0.18489583290816328 0.5625 0.17708333290816328 0.564453125 0.17708333290816328 0.5751953125 0.18098958290816328 0.580078125 0.1875 0.580078125 0.19140625 0.5771484375
7 0.7864583329081634 0.416015625 0.81640625 0.392578125 0.8229166670918366 0.3671875 0.8059895829081634 0.3544921875 0.7864583329081634 0.3544921875 0.765625 0.3603515625 0.7434895829081634 0.3740234375 0.7421875 0.38671875 0.7526041670918366 0.400390625 0.77734375 0.416015625 0.7864583329081634 0.416015625
7 0.7421875 0.392578125 0.73828125 0.376953125 0.7291666670918366 0.3701171875 0.71875 0.34765625 0.7057291670918366 0.3505859375 0.6953125 0.3642578125 0.6940104170918366 0.3798828125 0.7044270829081634 0.3935546875 0.7213541670918366 0.3974609375 0.7421875 0.392578125
7 0.12239583290816326 0.5888671875 0.16015625 0.576171875 0.1640625 0.5712890625 0.16145833290816325 0.552734375 0.140625 0.4970703125 0.09895833290816326 0.490234375 0.08463541709183674 0.4912109375 0.08203125 0.4951171875 0.08072916709183674 0.5341796875 0.1015625 0.5810546875 0.11197916709183674 0.587890625 0.12239583290816326 0.5888671875
7 0.16145833290816325 0.4501953125 0.18229166709183672 0.4267578125 0.19921875 0.388671875 0.20052083290816328 0.3798828125 0.19270833290816328 0.3701171875 0.17447916709183672 0.3583984375 0.16536458290816328 0.357421875 0.10807291709183674 0.42578125 0.109375 0.435546875 0.125 0.4462890625 0.14583333290816325 0.4541015625 0.16145833290816325 0.4501953125
7 0.14322916709183675 0.380859375 0.14322916709183675 0.369140625 0.12239583290816326 0.357421875 0.11458333290816326 0.359375 0.09244791709183674 0.380859375 0.07682291709183674 0.41015625 0.07421875 0.423828125 0.0859375 0.4296875 0.1015625 0.4287109375 0.14322916709183675 0.380859375
4 0.08854166709183674 0.455078125 0.08984375 0.4384765625 0.07291666709183674 0.427734375 0.020833332908163266 0.4541015625 0.014322917091836735 0.4609375 0.014322917091836735 0.4892578125 0.03515625 0.4970703125 0.05989583290816327 0.4951171875 0.08854166709183674 0.455078125
3 0.06901041709183674 0.5068359375 0.0625 0.494140625 0.0390625 0.4970703125 0.03776041709183674 0.501953125 0.05338541709183673 0.515625 0.06770833290816326 0.515625 0.06901041709183674 0.5068359375