11 0.37239583290816325 0.8466796875 0.4765625 0.865234375 0.5859375 0.8525390625 0.66796875 0.810546875 0.6653645829081634 0.8076171875 0.6158854170918368 0.806640625 0.3033854170918367 0.8046875 0.3059895829081633 0.8115234375 0.37239583290816325 0.8466796875
11 0.42057291709183675 0.697265625 0.38411458290816325 0.662109375 0.3671875 0.6533203125 0.31640625 0.6474609375 0.2721354170918367 0.662109375 0.2526041670918367 0.6748046875 0.25 0.685546875 0.24348958290816328 0.6875 0.23958333290816328 0.697265625 0.28125 0.79296875 0.3059895829081633 0.8017578125 0.34244791709183675 0.8017578125 0.39322916709183675 0.7841796875 0.421875 0.7548828125 0.42317708290816325 0.7080078125 0.42057291709183675 0.697265625
11 0.49609375 0.6044921875 0.5247395829081632 0.6279296875 0.5182291670918368 0.6357421875 0.49479166709183675 0.6376953125 0.5325520829081632 0.6640625 0.54296875 0.6650390625 0.5677083329081632 0.6005859375 0.5716145829081632 0.5771484375 0.5091145829081632 0.5 0.37630208290816325 0.4560546875 0.234375 0.474609375 0.23177083290816328 0.4794921875 0.2786458329081633 0.5078125 0.2955729170918367 0.494140625 0.33072916709183675 0.501953125 0.36197916709183675 0.5205078125 0.38932291709183675 0.521484375 0.40494791709183675 0.5380859375 0.45572916709183675 0.5556640625 0.48958333290816325 0.5830078125 0.49609375 0.6044921875
11 0.35677083290816325 0.30078125 0.34635416709183675 0.275390625 0.328125 0.2509765625 0.2825520829081633 0.2236328125 0.23697916709183672 0.2138671875 0.18098958290816328 0.2138671875 0.12369791709183674 0.23046875 0.09765625 0.2470703125 0.07682291709183674 0.2685546875 0.06119791709183673 0.3056640625 0.06380208290816326 0.3466796875 0.09114583290816326 0.3798828125 0.12369791709183674 0.4013671875 0.17838541709183672 0.4189453125 0.23307291709183672 0.41796875 0.2825520829081633 0.4072265625 0.33854166709183675 0.3779296875 0.34895833290816325 0.365234375 0.35807291709183675 0.341796875 0.35677083290816325 0.30078125
8 0.625 0.1259765625 0.6002604170918368 0.109375 0.5651041670918368 0.099609375 0.5221354170918368 0.1015625 0.48697916709183675 0.1162109375 0.46223958290816325 0.138671875 0.45442708290816325 0.158203125 0.45442708290816325 0.19140625 0.47005208290816325 0.216796875 0.49739583290816325 0.23828125 0.52734375 0.24609375 0.5716145829081632 0.2451171875 0.6080729170918368 0.23046875 0.62890625 0.212890625 0.6432291670918368 0.18359375 0.6419270829081632 0.1513671875 0.625 0.1259765625
1 0.9153645829081634 0.248046875 0.921875 0.25390625 0.94140625 0.2587890625 0.9583333329081634 0.25390625 0.9700520829081634 0.2451171875 0.9674479170918366 0.2333984375 0.9505208329081634 0.224609375 0.9296875 0.228515625 0.9153645829081634 0.2412109375 0.9153645829081634 0.248046875
1 0.3515625 0.251953125 0.37239583290816325 0.255859375 0.39322916709183675 0.2451171875 0.39192708290816325 0.2353515625 0.36979166709183675 0.22265625 0.35677083290816325 0.2236328125 0.34765625 0.2294921875 0.34244791709183675 0.2451171875 0.3515625 0.251953125
1 0.42447916709183675 0.3369140625 0.4375 0.333984375 0.45182291709183675 0.3232421875 0.45052083290816325 0.31640625 0.42838541709183675 0.3046875 0.4140625 0.3056640625 0.40234375 0.3173828125 0.40234375 0.328125 0.42447916709183675 0.3369140625
1 0.9075520829081634 0.404296875 0.9283854170918366 0.400390625 0.94140625 0.3896484375 0.9361979170918366 0.380859375 0.9205729170918366 0.373046875 0.9010416670918366 0.3759765625 0.8854166670918366 0.38671875 0.8854166670918366 0.39453125 0.9075520829081634 0.404296875
1 0.8828125 0.50390625 0.90625 0.4951171875 0.91015625 0.4853515625 0.8984375 0.4765625 0.8841145829081634 0.4736328125 0.8697916670918366 0.4775390625 0.85546875 0.48828125 0.8580729170918366 0.498046875 0.8828125 0.50390625
3 0.39973958290816325 0.2236328125 0.41015625 0.224609375 0.41927083290816325 0.220703125 0.43880208290816325 0.193359375 0.41927083290816325 0.1796875 0.40755208290816325 0.181640625 0.39973958290816325 0.1923828125 0.39322916709183675 0.216796875 0.39973958290816325 0.2236328125
3 0 0.4423828125 0.0078125 0.44921875 0.03385416709183674 0.4599609375 0.046875 0.4619140625 0.07291666709183674 0.45703125 0.07682291709183674 0.453125 0.06119791709183673 0.431640625 0.03515625 0.42578125 0.0026041670918367345 0.43359375 0 0.4423828125
3 0.05859375 0.470703125 0.06640625 0.4814453125 0.09375 0.498046875 0.11067708290816326 0.4990234375 0.13411458290816325 0.4873046875 0.11067708290816326 0.46875 0.10026041709183674 0.451171875 0.09114583290816326 0.44921875 0.05989583290816327 0.46484375 0.05859375 0.470703125
8 0.6744791670918366 0.9150390625 0.6875 0.9287109375 0.7122395829081634 0.931640625 0.7265625 0.9287109375 0.734375 0.921875 0.73828125 0.904296875 0.7200520829081634 0.8857421875 0.6940104170918366 0.884765625 0.67578125 0.8974609375 0.6744791670918366 0.9150390625
8 0.94140625 0.9296875 0.9557291670918366 0.9306640625 0.9700520829081634 0.921875 0.97265625 0.91015625 0.9635416670918366 0.8984375 0.9466145829081634 0.8955078125 0.9296875 0.904296875 0.9309895829081634 0.9208984375 0.94140625 0.9296875
3 0.8958333329081634 0.7021484375 0.8984375 0.6923828125 0.8893229170918366 0.6826171875 0.8763020829081634 0.6943359375 0.8580729170918366 0.6962890625 0.8619791670918366 0.703125 0.8854166670918366 0.70703125 0.8958333329081634 0.7021484375
10 0.42838541709183675 0.6884765625 0.43880208290816325 0.6884765625 0.45572916709183675 0.6806640625 0.45703125 0.6708984375 0.43489583290816325 0.654296875 0.42838541709183675 0.654296875 0.421875 0.6640625 0.42057291709183675 0.6796875 0.42838541709183675 0.6884765625
11 0.5377604170918368 0.419921875 0.52734375 0.439453125 0.5182291670918368 0.48046875 0.546875 0.4736328125 0.5546875 0.466796875 0.69140625 0.412109375 0.7122395829081634 0.3994140625 0.7083333329081634 0.3955078125 0.6419270829081632 0.380859375 0.5911458329081632 0.38671875 0.5716145829081632 0.3935546875 0.5377604170918368 0.419921875
0 0.5286458329081632 0.4599609375 0.5286458329081632 0.4765625 0.5403645829081632 0.4755859375 0.5559895829081632 0.466796875 0.5377604170918368 0.4580078125 0.5286458329081632 0.4599609375
3 0.4140625 0.376953125 0.43489583290816325 0.3828125 0.47916666709183675 0.3828125 0.47395833290816325 0.365234375 0.45052083290816325 0.34765625 0.39453125 0.333984375 0.38541666709183675 0.337890625 0.390625 0.3583984375 0.4140625 0.376953125
9 0.4609375 0.25 0.44401041709183675 0.2529296875 0.4375 0.2587890625 0.43619791709183675 0.2685546875 0.44270833290816325 0.2763671875 0.44921875 0.279296875 0.46484375 0.27734375 0.47265625 0.26953125 0.47005208290816325 0.2568359375 0.48828125 0.23828125 0.48828125 0.2333984375 0.48046875 0.2314453125 0.4609375 0.25
9 0.7591145829081634 0.369140625 0.765625 0.375 0.7877604170918366 0.3662109375 0.80078125 0.365234375 0.8111979170918366 0.35546875 0.80859375 0.345703125 0.7994791670918366 0.3388671875 0.78515625 0.3388671875 0.7734375 0.3466796875 0.7591145829081634 0.369140625
9 0.7981770829081634 0.404296875 0.8138020829081634 0.41015625 0.82421875 0.4072265625 0.83203125 0.400390625 0.8307291670918366 0.3818359375 0.8411458329081634 0.3671875 0.83203125 0.3642578125 0.81640625 0.3798828125 0.7981770829081634 0.38671875 0.7981770829081634 0.404296875
9 0.49479166709183675 0.34375 0.47395833290816325 0.3662109375 0.48046875 0.3740234375 0.49739583290816325 0.3583984375 0.5286458329081632 0.3466796875 0.5286458329081632 0.3349609375 0.5169270829081632 0.3271484375 0.50390625 0.328125 0.49348958290816325 0.3359375 0.49479166709183675 0.34375
9 0.0703125 0.404296875 0.07291666709183674 0.412109375 0.0625 0.427734375 0.06901041709183674 0.435546875 0.08072916709183674 0.4228515625 0.09895833290816326 0.4208984375 0.10546875 0.412109375 0.09765625 0.40234375 0.0859375 0.3984375 0.078125 0.3984375 0.0703125 0.404296875
9 0.42317708290816325 0.1806640625 0.43098958290816325 0.1806640625 0.44661458290816325 0.169921875 0.44791666709183675 0.1591796875 0.43880208290816325 0.1494140625 0.421875 0.1484375 0.41145833290816325 0.15625 0.41145833290816325 0.16796875 0.42317708290816325 0.1806640625
3 0.9609375 0.2890625 0.9466145829081634 0.2822265625 0.9296875 0.2841796875 0.9192708329081634 0.3037109375 0.8958333329081634 0.318359375 0.8736979170918366 0.3173828125 0.8658854170918366 0.3125 0.8580729170918366 0.2822265625 0.8502604170918366 0.2734375 0.8333333329081634 0.275390625 0.8203125 0.2822265625 0.8033854170918366 0.306640625 0.8020833329081634 0.3291015625 0.8138020829081634 0.3505859375 0.8411458329081634 0.3662109375 0.8606770829081634 0.3701171875 0.9036458329081634 0.37109375 0.9453125 0.359375 0.9635416670918366 0.34765625 0.9739583329081634 0.3310546875 0.9713541670918366 0.302734375 0.9609375 0.2890625
3 0.9778645829081634 0.4482421875 0.9986979170918366 0.4365234375 0.9986979170918366 0.3876953125 0.96484375 0.404296875 0.9583333329081634 0.419921875 0.95703125 0.431640625 0.9700520829081634 0.447265625 0.9778645829081634 0.4482421875
3 0.73828125 0.408203125 0.75 0.41015625 0.7630208329081634 0.404296875 0.76953125 0.3876953125 0.7552083329081634 0.3681640625 0.73828125 0.369140625 0.7200520829081634 0.3798828125 0.7200520829081634 0.3896484375 0.73828125 0.408203125
7 0.6419270829081632 0.6962890625 0.6328125 0.689453125 0.62109375 0.7001953125 0.6223958329081632 0.7216796875 0.6341145829081632 0.7265625 0.64453125 0.716796875 0.6419270829081632 0.6962890625
9 0.6158854170918368 0.7509765625 0.6223958329081632 0.7451171875 0.6263020829081632 0.7265625 0.60546875 0.7275390625 0.5950520829081632 0.734375 0.5950520829081632 0.7451171875 0.6028645829081632 0.7509765625 0.6158854170918368 0.7509765625
9 0.4375 0.6640625 0.43880208290816325 0.671875 0.45572916709183675 0.6728515625 0.47005208290816325 0.6611328125 0.49088541709183675 0.654296875 0.4921875 0.646484375 0.48697916709183675 0.6416015625 0.47395833290816325 0.6396484375 0.46614583290816325 0.6435546875 0.45442708290816325 0.66015625 0.4375 0.6640625
9 0.36328125 0.6083984375 0.3671875 0.623046875 0.38932291709183675 0.62109375 0.38932291709183675 0.615234375 0.37760416709183675 0.60546875 0.36328125 0.6083984375
9 0.19010416709183672 0.814453125 0.19921875 0.8203125 0.20833333290816328 0.8203125 0.21614583290816328 0.8134765625 0.21744791709183672 0.8037109375 0.23177083290816328 0.796875 0.234375 0.791015625 0.22916666709183672 0.7880859375 0.19140625 0.8037109375 0.19010416709183672 0.814453125
9 0.84765625 0.740234375 0.8580729170918366 0.73828125 0.8736979170918366 0.70703125 0.8645833329081634 0.7041015625 0.8372395829081634 0.7197265625 0.8346354170918366 0.732421875 0.8385416670918366 0.7373046875 0.84765625 0.740234375
9 0.9375 0.6630859375 0.9088541670918366 0.6787109375 0.9075520829081634 0.6845703125 0.9166666670918366 0.6923828125 0.93359375 0.693359375 0.9361979170918366 0.677734375 0.9557291670918366 0.6611328125 0.9778645829081634 0.6611328125 0.9856770829081634 0.6572265625 0.9869791670918366 0.640625 0.953125 0.642578125 0.9375 0.6630859375
9 0.8294270829081634 0.7099609375 0.8385416670918366 0.7099609375 0.8645833329081634 0.689453125 0.8919270829081634 0.6806640625 0.8919270829081634 0.6728515625 0.8802083329081634 0.66796875 0.8658854170918366 0.6708984375 0.84765625 0.69140625 0.828125 0.69921875 0.8294270829081634 0.7099609375
9 0.85546875 0.63671875 0.8645833329081634 0.640625 0.8893229170918366 0.6279296875 0.9049479170918366 0.626953125 0.9114583329081634 0.615234375 0.8997395829081634 0.6083984375 0.8815104170918366 0.6103515625 0.8776041670918366 0.6220703125 0.8567708329081634 0.6318359375 0.85546875 0.63671875
9 0.72265625 0.6025390625 0.73046875 0.609375 0.7643229170918366 0.6220703125 0.7708333329081634 0.619140625 0.7682291670918366 0.611328125 0.7578125 0.607421875 0.7473958329081634 0.5947265625 0.734375 0.59375 0.7239583329081634 0.59765625 0.72265625 0.6025390625
9 0.9973958329081634 0.44921875 0.9908854170918366 0.4638671875 0.97265625 0.4765625 0.98046875 0.484375 0.9986979170918366 0.47265625 0.9973958329081634 0.44921875
10 0.1328125 0.6494140625 0.15364583290816325 0.6640625 0.16796875 0.6689453125 0.17838541709183672 0.6689453125 0.20052083290816328 0.646484375 0.19140625 0.626953125 0.18489583290816328 0.6240234375 0.15234375 0.62109375 0.13151041709183675 0.6337890625 0.1328125 0.6494140625
10 0.2109375 0.697265625 0.2265625 0.697265625 0.23958333290816328 0.6875 0.24739583290816328 0.6708984375 0.22786458290816328 0.65234375 0.19921875 0.6533203125 0.1796875 0.6748046875 0.18489583290816328 0.689453125 0.2109375 0.697265625
7 0.22135416709183672 0.775390625 0.23958333290816328 0.7958984375 0.24869791709183672 0.794921875 0.25390625 0.7783203125 0.265625 0.7626953125 0.2591145829081633 0.740234375 0.25390625 0.7373046875 0.24088541709183672 0.7392578125 0.21614583290816328 0.751953125 0.22135416709183672 0.775390625
4 0.7981770829081634 0.546875 0.7721354170918366 0.552734375 0.7578125 0.560546875 0.7486979170918366 0.57421875 0.7486979170918366 0.5859375 0.7786458329081634 0.62109375 0.8203125 0.6337890625 0.8333333329081634 0.6337890625 0.85546875 0.6259765625 0.8932291670918366 0.591796875 0.8919270829081634 0.580078125 0.8723958329081634 0.5595703125 0.8424479170918366 0.548828125 0.7981770829081634 0.546875
4 0.6432291670918368 0.5087890625 0.6223958329081632 0.5087890625 0.5924479170918368 0.517578125 0.5729166670918368 0.529296875 0.5598958329081632 0.544921875 0.55859375 0.556640625 0.5690104170918368 0.5703125 0.5872395829081632 0.5830078125 0.6080729170918368 0.5888671875 0.6614583329081634 0.58203125 0.6822916670918366 0.568359375 0.6901041670918366 0.552734375 0.6848958329081634 0.5302734375 0.6640625 0.5146484375 0.6432291670918368 0.5087890625
3 0.42057291709183675 0.4375 0.4375 0.4228515625 0.39583333290816325 0.40234375 0.38932291709183675 0.4033203125 0.38541666709183675 0.41015625 0.38541666709183675 0.431640625 0.40234375 0.4404296875 0.42057291709183675 0.4375
8 0.19270833290816328 0.3212890625 0.16015625 0.2978515625 0.11328125 0.294921875 0.07682291709183674 0.3173828125 0.07161458290816326 0.3349609375 0.07682291709183674 0.3603515625 0.09375 0.376953125 0.10807291709183674 0.3818359375 0.12239583290816326 0.384765625 0.15494791709183675 0.3818359375 0.17447916709183672 0.3740234375 0.19270833290816328 0.35546875 0.19661458290816328 0.34375 0.19270833290816328 0.3212890625
8 0.28125 0.5166015625 0.2799479170918367 0.53125 0.2864583329081633 0.544921875 0.3020833329081633 0.5576171875 0.3125 0.560546875 0.33333333290816325 0.5595703125 0.36848958290816325 0.537109375 0.35677083290816325 0.517578125 0.32421875 0.5009765625 0.2903645829081633 0.4970703125 0.28125 0.5166015625
8 0.45833333290816325 0.5595703125 0.4296875 0.5458984375 0.40494791709183675 0.5390625 0.37890625 0.5419921875 0.36979166709183675 0.5458984375 0.3671875 0.5546875 0.36588541709183675 0.58984375 0.3828125 0.6083984375 0.40104166709183675 0.6201171875 0.41927083290816325 0.625 0.43619791709183675 0.6240234375 0.46223958290816325 0.615234375 0.49088541709183675 0.5986328125 0.4921875 0.5888671875 0.48307291709183675 0.578125 0.45833333290816325 0.5595703125
3 0.08072916709183674 0.5517578125 0.11197916709183674 0.5498046875 0.12369791709183674 0.5390625 0.12109375 0.533203125 0.08723958290816326 0.5146484375 0.05729166709183673 0.5087890625 0.04817708290816327 0.5205078125 0.04817708290816327 0.529296875 0.08072916709183674 0.5517578125
11 0 0.671875 0.04296875 0.6865234375 0.07421875 0.6904296875 0.1171875 0.6884765625 0.15234375 0.67578125 0.15755208290816325 0.6689453125 0.15494791709183675 0.6650390625 0.1328125 0.6494140625 0.12630208290816325 0.6357421875 0.03645833290816326 0.552734375 0.024739582908163266 0.5439453125 0.0078125 0.546875 0 0.55078125 0 0.671875
4 0.7096354170918366 0.6083984375 0.6848958329081634 0.6123046875 0.6666666670918366 0.6064453125 0.6484375 0.6171875 0.6432291670918368 0.625 0.6432291670918368 0.6376953125 0.6510416670918368 0.646484375 0.6927083329081634 0.6728515625 0.71484375 0.6767578125 0.734375 0.6748046875 0.7630208329081634 0.6650390625 0.7708333329081634 0.658203125 0.7708333329081634 0.646484375 0.76171875 0.63671875 0.7096354170918366 0.6083984375
6 0.7421875 0.419921875 0.71484375 0.4248046875 0.6809895829081634 0.4248046875 0.6640625 0.4384765625 0.6497395829081632 0.4609375 0.6497395829081632 0.4755859375 0.66015625 0.4873046875 0.6822916670918366 0.494140625 0.7109375 0.4912109375 0.7408854170918366 0.4794921875 0.7486979170918366 0.47265625 0.7591145829081634 0.4541015625 0.7591145829081634 0.4365234375 0.7526041670918366 0.42578125 0.7421875 0.419921875
6 0.7526041670918366 0.46875 0.73046875 0.501953125 0.7291666670918366 0.513671875 0.7369791670918366 0.5244140625 0.7760416670918366 0.533203125 0.7994791670918366 0.5322265625 0.8359375 0.5048828125 0.83203125 0.4931640625 0.8151041670918366 0.48046875 0.7760416670918366 0.4619140625 0.7604166670918366 0.462890625 0.7526041670918366 0.46875
3 0.9830729170918366 0.619140625 0.9765625 0.607421875 0.9700520829081634 0.60546875 0.9557291670918366 0.6103515625 0.9427083329081634 0.623046875 0.9466145829081634 0.6298828125 0.9765625 0.6279296875 0.9830729170918366 0.619140625
3 0.9270833329081634 0.54296875 0.9166666670918366 0.5390625 0.8893229170918366 0.5478515625 0.8958333329081634 0.556640625 0.9127604170918366 0.55859375 0.92578125 0.55078125 0.9270833329081634 0.54296875
3 0.97265625 0.5986328125 0.9908854170918366 0.587890625 0.9908854170918366 0.583984375 0.9817708329081634 0.580078125 0.9479166670918366 0.572265625 0.9453125 0.58203125 0.9596354170918366 0.595703125 0.97265625 0.5986328125
3 0.9739583329081634 0.51953125 0.9869791670918366 0.5146484375 0.9739583329081634 0.5 0.9661458329081634 0.4970703125 0.9505208329081634 0.5 0.94921875 0.5126953125 0.9544270829081634 0.5185546875 0.9739583329081634 0.51953125
3 0.96484375 0.4951171875 0.9791666670918366 0.484375 0.9661458329081634 0.4775390625 0.9505208329081634 0.4775390625 0.9361979170918366 0.484375 0.9348958329081634 0.490234375 0.9453125 0.4970703125 0.96484375 0.4951171875
0 0.42447916709183675 0.3828125 0.42057291709183675 0.392578125 0.42838541709183675 0.3935546875 0.43359375 0.3857421875 0.43098958290816325 0.3818359375 0.42447916709183675 0.3828125
8 0.45182291709183675 0.7451171875 0.43619791709183675 0.73828125 0.42578125 0.744140625 0.43880208290816325 0.76171875 0.42447916709183675 0.775390625 0.42838541709183675 0.783203125 0.46223958290816325 0.78515625 0.49088541709183675 0.779296875 0.5013020829081632 0.7734375 0.49348958290816325 0.7578125 0.49869791709183675 0.7509765625 0.49609375 0.74609375 0.45182291709183675 0.7451171875
4 0.7747395829081634 0.7177734375 0.6770833329081634 0.716796875 0.6432291670918368 0.72265625 0.6354166670918368 0.728515625 0.6354166670918368 0.73828125 0.6432291670918368 0.7451171875 0.703125 0.7607421875 0.7395833329081634 0.759765625 0.7682291670918366 0.7529296875 0.79296875 0.7421875 0.8033854170918366 0.73046875 0.796875 0.72265625 0.7747395829081634 0.7177734375
4 0.5846354170918368 0.7646484375 0.5885416670918368 0.7939453125 0.60546875 0.8056640625 0.72265625 0.8056640625 0.7408854170918366 0.8017578125 0.7447916670918366 0.796875 0.7408854170918366 0.775390625 0.7265625 0.7646484375 0.6640625 0.759765625 0.5950520829081632 0.7607421875 0.5846354170918368 0.7646484375