9 0.328125 0.07421875 0.3515625 0.0703125 0.35807291709183675 0.0634765625 0.35807291709183675 0.0537109375 0.34635416709183675 0.04296875 0.33072916709183675 0.04296875 0.3203125 0.048828125 0.3190104170918367 0.0654296875 0.2916666670918367 0.0810546875 0.2994791670918367 0.08984375 0.328125 0.07421875
9 0.11197916709183674 0.1298828125 0.13541666709183675 0.107421875 0.125 0.1005859375 0.10026041709183674 0.1162109375 0.08333333290816326 0.115234375 0.0703125 0.1240234375 0.06901041709183674 0.130859375 0.07421875 0.13671875 0.08984375 0.125 0.11197916709183674 0.1298828125
9 0.12109375 0.2998046875 0.1328125 0.2939453125 0.13411458290816325 0.279296875 0.15104166709183675 0.2578125 0.13932291709183675 0.25390625 0.12760416709183675 0.263671875 0.09375 0.275390625 0.09114583290816326 0.287109375 0.09505208290816326 0.29296875 0.10546875 0.298828125 0.12109375 0.2998046875
9 0.36458333290816325 0.5361328125 0.3671875 0.5390625 0.37630208290816325 0.5390625 0.39583333290816325 0.5283203125 0.41015625 0.5283203125 0.41927083290816325 0.5234375 0.421875 0.5146484375 0.4140625 0.50390625 0.3984375 0.5009765625 0.38802083290816325 0.5078125 0.38541666709183675 0.5185546875 0.37109375 0.5283203125 0.37109375 0.533203125 0.36458333290816325 0.5361328125
9 0.09895833290816326 0.578125 0.109375 0.556640625 0.10026041709183674 0.55078125 0.07552083290816326 0.5556640625 0.06510416709183674 0.5634765625 0.06380208290816326 0.5703125 0.0703125 0.5791015625 0.0859375 0.5830078125 0.09895833290816326 0.578125
9 0.7252604170918366 0.546875 0.734375 0.5390625 0.734375 0.5283203125 0.7265625 0.5224609375 0.7057291670918366 0.5224609375 0.6953125 0.5400390625 0.6783854170918366 0.552734375 0.67578125 0.5576171875 0.6848958329081634 0.5625 0.7018229170918366 0.5498046875 0.7252604170918366 0.546875
9 0.8528645829081634 0.6953125 0.87109375 0.65625 0.8619791670918366 0.6513671875 0.8489583329081634 0.6650390625 0.82421875 0.6748046875 0.8229166670918366 0.685546875 0.828125 0.6923828125 0.8411458329081634 0.697265625 0.8528645829081634 0.6953125
9 0.9557291670918366 0.51171875 0.9466145829081634 0.498046875 0.95703125 0.482421875 0.9466145829081634 0.48046875 0.91796875 0.5078125 0.91796875 0.5185546875 0.92578125 0.5263671875 0.94921875 0.5263671875 0.9557291670918366 0.51171875
9 0.9114583329081634 0.44921875 0.9140625 0.4365234375 0.90625 0.427734375 0.8958333329081634 0.42578125 0.8802083329081634 0.4306640625 0.8763020829081634 0.4375 0.87890625 0.451171875 0.8684895829081634 0.46875 0.8828125 0.470703125 0.9114583329081634 0.44921875
1 0.8450520829081634 0.1884765625 0.82421875 0.18359375 0.80859375 0.19140625 0.80859375 0.212890625 0.828125 0.224609375 0.84375 0.212890625 0.8450520829081634 0.1884765625
1 0.43098958290816325 0.23828125 0.42578125 0.2265625 0.40755208290816325 0.21484375 0.38802083290816325 0.216796875 0.37630208290816325 0.228515625 0.37630208290816325 0.2421875 0.40234375 0.2529296875 0.42447916709183675 0.2451171875 0.43098958290816325 0.23828125
1 0.13020833290816325 0.154296875 0.12760416709183675 0.1435546875 0.09635416709183674 0.1259765625 0.08333333290816326 0.1279296875 0.07291666709183674 0.1396484375 0.0703125 0.1533203125 0.0859375 0.1640625 0.109375 0.166015625 0.13020833290816325 0.154296875
1 0.13541666709183675 0.2509765625 0.11588541709183674 0.23046875 0.09765625 0.224609375 0.08203125 0.2265625 0.06901041709183674 0.2412109375 0.0703125 0.2509765625 0.09635416709183674 0.2626953125 0.10677083290816326 0.263671875 0.13541666709183675 0.2509765625
1 0.14192708290816325 0.3310546875 0.13671875 0.3203125 0.11588541709183674 0.30859375 0.09244791709183674 0.310546875 0.08203125 0.3203125 0.08463541709183674 0.337890625 0.10416666709183674 0.3447265625 0.11979166709183674 0.3447265625 0.14192708290816325 0.3310546875
11 0.84765625 0.7568359375 0.8567708329081634 0.7529296875 0.8333333329081634 0.7333984375 0.5325520829081632 0.55078125 0.5247395829081632 0.556640625 0.51953125 0.6318359375 0.5182291670918368 0.6708984375 0.5377604170918368 0.6826171875 0.7942708329081634 0.759765625 0.84765625 0.7568359375
11 0.9283854170918366 0.85546875 0.9986979170918366 0.83984375 0.9986979170918366 0.818359375 0.76171875 0.7529296875 0.76171875 0.7587890625 0.8033854170918366 0.8046875 0.8619791670918366 0.83203125 0.9283854170918366 0.85546875
11 0.34505208290816325 0.6123046875 0.33854166709183675 0.5361328125 0.296875 0.3193359375 0.2864583329081633 0.3232421875 0.2513020829081633 0.357421875 0.19791666709183672 0.5390625 0.19661458290816328 0.5546875 0.20442708290816328 0.560546875 0.33854166709183675 0.61328125 0.34505208290816325 0.6123046875
3 0.37369791709183675 0.5400390625 0.36588541709183675 0.515625 0.34635416709183675 0.5078125 0.33723958290816325 0.5087890625 0.33463541709183675 0.5224609375 0.33854166709183675 0.529296875 0.35546875 0.5390625 0.37369791709183675 0.5400390625
7 0.12630208290816325 0.47265625 0.21614583290816328 0.4677734375 0.2421875 0.388671875 0.2552083329081633 0.3271484375 0.23046875 0.3359375 0.17447916709183672 0.4296875 0.10286458290816326 0.4619140625 0.10416666709183674 0.466796875 0.12630208290816325 0.47265625
7 0 0.62109375 0.04036458290816326 0.6630859375 0.05338541709183673 0.6689453125 0.0625 0.5634765625 0.05859375 0.5576171875 0.05989583290816327 0.47265625 0.05208333290816327 0.4697265625 0.009114582908163265 0.5068359375 0 0.515625 0 0.62109375
0 0.14713541709183675 0.5927734375 0.17578125 0.587890625 0.19270833290816328 0.5556640625 0.18880208290816328 0.544921875 0.11458333290816326 0.5341796875 0.1015625 0.5361328125 0.109375 0.556640625 0.10677083290816326 0.5654296875 0.12630208290816325 0.5869140625 0.14713541709183675 0.5927734375
4 0.3046875 0.30078125 0.32421875 0.29296875 0.34895833290816325 0.251953125 0.33203125 0.2431640625 0.3072916670918367 0.2412109375 0.2682291670918367 0.244140625 0.24739583290816328 0.255859375 0.24479166709183672 0.26171875 0.2747395829081633 0.2900390625 0.2877604170918367 0.2978515625 0.3046875 0.30078125
4 0.43359375 0.353515625 0.46223958290816325 0.3466796875 0.48828125 0.3251953125 0.49088541709183675 0.2802734375 0.5 0.2548828125 0.49739583290816325 0.248046875 0.48046875 0.2431640625 0.46354166709183675 0.2470703125 0.4453125 0.259765625 0.41276041709183675 0.2724609375 0.37630208290816325 0.29296875 0.33723958290816325 0.3251953125 0.33723958290816325 0.3349609375 0.34635416709183675 0.341796875 0.39453125 0.3515625 0.43359375 0.353515625
4 0.1953125 0.26953125 0.23046875 0.2685546875 0.296875 0.2216796875 0.2903645829081633 0.1982421875 0.2760416670918367 0.1884765625 0.1796875 0.181640625 0.109375 0.181640625 0.09114583290816326 0.193359375 0.08984375 0.203125 0.13932291709183675 0.2509765625 0.16666666709183672 0.263671875 0.1953125 0.26953125
6 0.2734375 0.177734375 0.2916666670918367 0.1708984375 0.33463541709183675 0.140625 0.33854166709183675 0.123046875 0.3255208329081633 0.1103515625 0.24479166709183672 0.111328125 0.23307291709183672 0.115234375 0.2109375 0.142578125 0.21223958290816328 0.1640625 0.22135416709183672 0.1728515625 0.23958333290816328 0.1796875 0.2734375 0.177734375
3 0.48046875 0.2353515625 0.49739583290816325 0.234375 0.5182291670918368 0.22265625 0.5299479170918368 0.193359375 0.515625 0.1787109375 0.5208333329081632 0.1728515625 0.5182291670918368 0.1650390625 0.5026041670918368 0.154296875 0.47916666709183675 0.1474609375 0.45963541709183675 0.1494140625 0.43880208290816325 0.16015625 0.42447916709183675 0.1767578125 0.421875 0.1953125 0.42578125 0.203125 0.46223958290816325 0.23046875 0.48046875 0.2353515625
4 0.6692708329081634 0.3154296875 0.7083333329081634 0.2998046875 0.73046875 0.2802734375 0.7369791670918366 0.2666015625 0.7369791670918366 0.234375 0.7239583329081634 0.212890625 0.7083333329081634 0.2080078125 0.6536458329081634 0.2265625 0.6067708329081632 0.2265625 0.5846354170918368 0.2431640625 0.5768229170918368 0.2587890625 0.578125 0.283203125 0.6015625 0.306640625 0.6223958329081632 0.314453125 0.6692708329081634 0.3154296875
3 0.24479166709183672 0.109375 0.2747395829081633 0.1083984375 0.296875 0.0908203125 0.2903645829081633 0.08203125 0.23697916709183672 0.0546875 0.22135416709183672 0.056640625 0.21223958290816328 0.068359375 0.1953125 0.1025390625 0.19791666709183672 0.11328125 0.20833333290816328 0.119140625 0.24479166709183672 0.109375
4 0.9661458329081634 0.2861328125 0.9986979170918366 0.2783203125 0.9986979170918366 0.185546875 0.91796875 0.2138671875 0.8606770829081634 0.2255859375 0.8489583329081634 0.2421875 0.8489583329081634 0.2734375 0.86328125 0.283203125 0.9231770829081634 0.2880859375 0.9661458329081634 0.2861328125
4 0.88671875 0.181640625 0.9231770829081634 0.171875 0.94921875 0.15234375 0.9622395829081634 0.1357421875 0.9661458329081634 0.1181640625 0.9596354170918366 0.1142578125 0.9440104170918366 0.119140625 0.8815104170918366 0.123046875 0.8020833329081634 0.134765625 0.8020833329081634 0.1494140625 0.8203125 0.171875 0.8515625 0.181640625 0.88671875 0.181640625
0 0.5065104170918368 0.4248046875 0.484375 0.3984375 0.44791666709183675 0.4208984375 0.44921875 0.4267578125 0.484375 0.43359375 0.5 0.4326171875 0.5065104170918368 0.4248046875
7 0.43098958290816325 0.4365234375 0.39453125 0.4375 0.38802083290816325 0.44140625 0.38802083290816325 0.453125 0.43489583290816325 0.482421875 0.43880208290816325 0.4736328125 0.43098958290816325 0.4365234375
0 0.18489583290816328 0.53125 0.19921875 0.5263671875 0.20833333290816328 0.4931640625 0.17447916709183672 0.498046875 0.15104166709183675 0.4970703125 0.1484375 0.5009765625 0.15364583290816325 0.5087890625 0.17708333290816328 0.529296875 0.18489583290816328 0.53125
8 0.12760416709183675 0.685546875 0.14322916709183675 0.681640625 0.15494791709183675 0.6728515625 0.16536458290816328 0.6337890625 0.15755208290816325 0.6064453125 0.14583333290816325 0.59375 0.11458333290816326 0.58984375 0.08723958290816326 0.5966796875 0.0703125 0.6103515625 0.05989583290816327 0.630859375 0.05859375 0.6611328125 0.06380208290816326 0.6708984375 0.078125 0.681640625 0.12760416709183675 0.685546875
7 0.06640625 0.4736328125 0.0703125 0.466796875 0.07421875 0.287109375 0.06510416709183674 0.2861328125 0.006510417091836735 0.333984375 0.00390625 0.349609375 0.014322917091836735 0.4228515625 0.03776041709183674 0.4501953125 0.06640625 0.4736328125
0 0.06380208290816326 0.4091796875 0.0703125 0.404296875 0.07161458290816326 0.390625 0.06119791709183673 0.3837890625 0.04947916709183673 0.3828125 0.04557291709183673 0.3857421875 0.04557291709183673 0.4033203125 0.05078125 0.408203125 0.06380208290816326 0.4091796875
8 0 0.8037109375 0.01171875 0.8037109375 0.03645833290816326 0.80078125 0.05859375 0.79296875 0.078125 0.7783203125 0.09505208290816326 0.7509765625 0.09895833290816326 0.7158203125 0.08723958290816326 0.6923828125 0.06119791709183673 0.6728515625 0.03385416709183674 0.6669921875 0.00390625 0.6689453125 0 0.6708984375 0 0.8037109375
0 0.41015625 0.4677734375 0.38671875 0.4521484375 0.37890625 0.4609375 0.36588541709183675 0.4873046875 0.39583333290816325 0.4853515625 0.41145833290816325 0.4775390625 0.41015625 0.4677734375
3 0.35026041709183675 0.3076171875 0.33072916709183675 0.2958984375 0.3033854170918367 0.3046875 0.3098958329081633 0.3193359375 0.33203125 0.3232421875 0.34505208290816325 0.3173828125 0.35026041709183675 0.3076171875
3 0.8268229170918366 0.41796875 0.8502604170918366 0.4267578125 0.8802083329081634 0.4287109375 0.9322916670918366 0.416015625 0.9544270829081634 0.40234375 0.9609375 0.3896484375 0.9557291670918366 0.375 0.84765625 0.333984375 0.8268229170918366 0.2939453125 0.7994791670918366 0.271484375 0.7864583329081634 0.2685546875 0.7565104170918366 0.271484375 0.73828125 0.2783203125 0.7213541670918366 0.2958984375 0.7200520829081634 0.318359375 0.7317708329081634 0.341796875 0.7786458329081634 0.3876953125 0.8268229170918366 0.41796875
3 0.54296875 0.2451171875 0.5442708329081632 0.2548828125 0.5520833329081632 0.2607421875 0.58984375 0.23828125 0.6067708329081632 0.21875 0.60546875 0.2119140625 0.5924479170918368 0.2001953125 0.5755208329081632 0.1943359375 0.5481770829081632 0.1982421875 0.5286458329081632 0.2099609375 0.5299479170918368 0.220703125 0.5520833329081632 0.2197265625 0.55859375 0.2255859375 0.54296875 0.2451171875
4 0.14322916709183675 0.1044921875 0.19661458290816328 0.0947265625 0.20703125 0.080078125 0.20833333290816328 0.0634765625 0.13020833290816325 0.0390625 0.07942708290816326 0 0.04166666709183673 0.0009765625 0.08984375 0.052734375 0.125 0.0986328125 0.14322916709183675 0.1044921875
7 0.44010416709183675 0.6103515625 0.44140625 0.5791015625 0.43359375 0.5625 0.41276041709183675 0.57421875 0.40234375 0.587890625 0.40234375 0.5986328125 0.41015625 0.6064453125 0.42578125 0.611328125 0.44010416709183675 0.6103515625