4 0.9619770000000001 0.1616341025390625 0.965977 0.1065719365234375 0.9579770000000001 0.0905861455078125 0.9449770000000001 0.083481349609375 0.906977 0.083481349609375 0.8329770000000001 0.1136767314453125 0.825977 0.12433392578125 0.824977 0.156305505859375 0.830977 0.184724689453125 0.845977 0.21669626953125 0.8609770000000001 0.234458259765625 0.881977 0.24689165234375 0.903977 0.2486678505859375 0.9159769999999999 0.245115453125 0.93869 0.225081705078125 0.951977 0.1953818828125 0.9619770000000001 0.1616341025390625
4 0.369 0.500888099609375 0.348 0.502664298828125 0.321 0.5186500888671876 0.302 0.5435168740234375 0.296 0.5648312607421875 0.29400000000000004 0.60746003515625 0.3 0.6394316162109375 0.313 0.6660746005859375 0.333 0.6891651865234375 0.348 0.68383658984375 0.368 0.6589698046875 0.381 0.623445826171875 0.389 0.571936056640625 0.383 0.5204262880859375 0.369 0.500888099609375
4 0.475 0.282415630859375 0.456 0.2593250439453125 0.443 0.26998223828125 0.437 0.2859680283203125 0.438 0.328596802734375 0.452 0.380106572265625 0.46699999999999997 0.3960923623046875 0.49100000000000005 0.3960923623046875 0.501 0.3676731796875 0.496 0.351687388671875 0.501 0.3481349912109375 0.507 0.328596802734375 0.495 0.29307282421875 0.475 0.282415630859375
5 0.482 0.07104795703125 0.487 0.0444049736328125 0.463 0.04795737109375 0.459 0.0550621669921875 0.459 0.07104795703125 0.46699999999999997 0.0817051513671875 0.482 0.07104795703125
3 0.736 0.257548845703125 0.725 0.257548845703125 0.7020000000000001 0.305506216796875 0.7 0.332149201171875 0.7040000000000001 0.351687388671875 0.733 0.3712255771484375 0.736 0.3872113671875 0.742 0.3872113671875 0.747 0.3570159853515625 0.758 0.3339253994140625 0.758 0.3108348134765625 0.746 0.2717584365234375 0.736 0.257548845703125
0 0.37 0.7513321494140625 0.36600000000000005 0.742451154296875 0.348 0.7371225576171875 0.348 0.7584369453125 0.35200000000000004 0.767317939453125 0.362 0.765541740234375 0.37 0.7513321494140625
2 0.661 0.573712255859375 0.662 0.58436944921875 0.6719999999999999 0.58436944921875 0.676 0.570159857421875 0.666 0.5630550625 0.661 0.573712255859375
3 0.27899999999999997 0.326820603515625 0.28400000000000003 0.317939609375 0.286 0.29307282421875 0.28 0.282415630859375 0.27199999999999996 0.2895204267578125 0.271 0.307282416015625 0.27499999999999997 0.326820603515625 0.27899999999999997 0.326820603515625
3 0.63 0.0799289521484375 0.619 0.07104795703125 0.609 0.0781527529296875 0.608 0.0905861455078125 0.621 0.119005328125 0.63 0.110124333984375 0.63 0.0799289521484375
3 0.859 0.5044404970703125 0.854 0.4920071044921875 0.833 0.4955595029296875 0.8300000000000001 0.50976909375 0.838 0.5293072822265625 0.8560000000000001 0.5293072822265625 0.859 0.5044404970703125
2 0.721 0.6163410302734375 0.72 0.6323268203125 0.739 0.6323268203125 0.736 0.61101243359375 0.727 0.609236234375 0.721 0.6163410302734375
3 0.556 0.497335701171875 0.564 0.5044404970703125 0.571 0.497335701171875 0.5730000000000001 0.476021314453125 0.569 0.46181172265625 0.56 0.4564831259765625 0.5499999999999999 0.4671403193359375 0.549 0.4795737119140625 0.556 0.497335701171875
0 0.495 0.4351687392578125 0.494 0.41563055078125 0.47000000000000003 0.426287744140625 0.46900000000000003 0.4547069267578125 0.473 0.46181172265625 0.487 0.451154529296875 0.495 0.4351687392578125
0 0.504 0.7637655419921875 0.503 0.7761989345703125 0.52 0.7886323271484375 0.525 0.78330373046875 0.525 0.7602131435546875 0.504 0.7637655419921875
4 0.526 0.9111900537109375 0.515 0.914742451171875 0.493 0.9928952041015625 0.492 0.99822380078125 0.593 0.99822380078125 0.584 0.960923623046875 0.526 0.9111900537109375
3 0.27899999999999997 0.1456483125 0.27 0.1456483125 0.265 0.1545293076171875 0.263 0.19715808203125 0.28700000000000003 0.184724689453125 0.293 0.1687388984375 0.27899999999999997 0.1456483125
7 0.24 0.721136767578125 0.249 0.7033747783203125 0.24500000000000002 0.682060390625 0.23299999999999998 0.68383658984375 0.225 0.698046181640625 0.222 0.7158081708984375 0.228 0.7246891650390626 0.24 0.721136767578125
0 0.135 0.770870337890625 0.135 0.793960923828125 0.151 0.7975133212890625 0.154 0.78152753125 0.151 0.770870337890625 0.135 0.770870337890625
7 0.388 0.426287744140625 0.38 0.424511544921875 0.371 0.4333925400390625 0.374 0.4564831259765625 0.38399999999999995 0.4600355244140625 0.388 0.4547069267578125 0.388 0.426287744140625
0 0.40599999999999997 0.3818827705078125 0.40800000000000003 0.4209591474609375 0.42 0.4103019541015625 0.42100000000000004 0.380106572265625 0.412 0.3747779755859375 0.40599999999999997 0.3818827705078125
4 0.354 0.2646536416015625 0.35200000000000004 0.2984014208984375 0.354 0.326820603515625 0.35800000000000004 0.3339253994140625 0.4 0.303730017578125 0.411 0.278863232421875 0.411 0.245115453125 0.40700000000000003 0.2362344580078125 0.39699999999999996 0.234458259765625 0.35900000000000004 0.255772646484375 0.354 0.2646536416015625
0 0.5519999999999999 0.4316163408203125 0.561 0.4227353466796875 0.5569999999999999 0.4103019541015625 0.536 0.39253996484375 0.5309999999999999 0.3960923623046875 0.53 0.4191829482421875 0.543 0.4209591474609375 0.5519999999999999 0.4316163408203125
7 0.445 0.77975133203125 0.451 0.8223801064453125 0.46599999999999997 0.82948490234375 0.46900000000000003 0.7779751328125 0.449 0.7744227353515625 0.445 0.77975133203125
4 0.216 0.536412078125 0.209 0.53463587890625 0.19199999999999998 0.550621669921875 0.188 0.5683836591796875 0.198 0.58259325 0.212 0.5648312607421875 0.216 0.536412078125
2 0.103 0.56127886328125 0.10099999999999999 0.5452930732421875 0.089 0.548845470703125 0.092 0.5630550625 0.103 0.56127886328125
0 0.251 0.4813499111328125 0.251 0.499111900390625 0.255 0.5062166962890625 0.268 0.4955595029296875 0.265 0.4831261103515625 0.251 0.4813499111328125
0 0.40399999999999997 0.721136767578125 0.40700000000000003 0.692717583984375 0.386 0.692717583984375 0.388 0.7282415634765625 0.40399999999999997 0.721136767578125
0 0.216 0.75666074609375 0.213 0.744227353515625 0.195 0.746003552734375 0.193 0.75666074609375 0.2 0.770870337890625 0.206 0.770870337890625 0.216 0.75666074609375
9 0.958 0.2149200712890625 0.9530000000000001 0.19715808203125 0.949 0.1989342802734375 0.947 0.207815275390625 0.945 0.2113676728515625 0.9430000000000001 0.21847246875 0.945 0.2255772646484375 0.947 0.2273534638671875 0.951 0.234458259765625 0.9560000000000001 0.234458259765625 0.961 0.229129662109375 0.96 0.21847246875 0.958 0.2149200712890625
9 0.736 0.3818827705078125 0.737 0.3872113671875 0.741 0.38898756640625 0.742 0.3872113671875 0.742 0.3712255771484375 0.741 0.3694493779296875 0.737 0.3712255771484375 0.736 0.3747779755859375 0.736 0.3818827705078125
9 0.7300000000000001 0.646536412109375 0.737 0.6429840146484375 0.737 0.63410301953125 0.736 0.6323268203125 0.729 0.6323268203125 0.727 0.63410301953125 0.727 0.6394316162109375 0.7300000000000001 0.646536412109375
9 0.898 0.960923623046875 0.899 0.92717584375 0.8929999999999999 0.9200710478515625 0.891 0.953818828125 0.898 0.960923623046875
9 0.679 0.9325044404296875 0.679 0.9218472470703125 0.674 0.9218472470703125 0.6729999999999999 0.9307282412109374 0.679 0.9325044404296875
9 0.44478300000000004 0.89746003515625 0.45337900000000003 0.8517921845703125 0.454022 0.88676909375 0.458634 0.8866749560546875 0.45820099999999997 0.837166962890625 0.452742 0.8371900537109375 0.452389 0.83748490234375 0.439123 0.895802841796875 0.44478300000000004 0.89746003515625