4 0.860977 0.23445825937500003 0.8819769999999999 0.2468916515625 0.9039769999999999 0.2486678515625 0.915977 0.245115453125 0.9386899999999999 0.2250817046875 0.951977 0.1953818828125 0.961977 0.16163410312499998 0.9659770000000001 0.1065719359375 0.957977 0.0905861453125 0.944977 0.08348135 0.9069769999999999 0.08348135 0.832977 0.11367673125 0.825977 0.124333925 0.8249770000000001 0.15630550625 0.8309770000000001 0.1847246890625 0.845977 0.2166962703125 0.860977 0.23445825937500003
4 0.333 0.6891651859375 0.348 0.6838365890625 0.368 0.6589698046875 0.381 0.6234458265625 0.389 0.57193605625 0.383 0.5204262875000001 0.369 0.5008881 0.348 0.5026642984375 0.321 0.5186500890625 0.302 0.5435168734375 0.29600000000000004 0.5648312609375 0.294 0.6074600359375 0.3 0.6394316156250001 0.313 0.6660746 0.333 0.6891651859375
4 0.491 0.3960923625 0.501 0.3676731796875 0.49600000000000005 0.35168738906249997 0.501 0.34813499062500003 0.507 0.328596803125 0.495 0.2930728234375 0.475 0.28241563125 0.456 0.25932504375 0.44299999999999995 0.2699822375 0.437 0.285968028125 0.438 0.328596803125 0.452 0.38010657187499997 0.46699999999999997 0.3960923625 0.491 0.3960923625
5 0.48200000000000004 0.07104795781249999 0.487 0.0444049734375 0.463 0.047957371875 0.45899999999999996 0.0550621671875 0.45899999999999996 0.07104795781249999 0.46699999999999997 0.0817051515625 0.48200000000000004 0.07104795781249999
3 0.736 0.38721136718750004 0.7420000000000001 0.38721136718750004 0.747 0.3570159859375 0.7579999999999999 0.3339254 0.7579999999999999 0.3108348140625 0.746 0.2717584375 0.736 0.2575488453125 0.725 0.2575488453125 0.702 0.3055062171875 0.7 0.33214920000000003 0.7040000000000001 0.35168738906249997 0.733 0.3712255765625 0.736 0.38721136718750004
0 0.37 0.7513321484375 0.366 0.7424511546875 0.348 0.7371225578125 0.348 0.7584369453125 0.35200000000000004 0.7673179390625 0.362 0.765541740625 0.37 0.7513321484375
2 0.666 0.5630550624999999 0.6609999999999999 0.57371225625 0.662 0.58436945 0.672 0.58436945 0.676 0.5701598578125 0.666 0.5630550624999999
3 0.284 0.317939609375 0.286 0.2930728234375 0.28 0.28241563125 0.272 0.2895204265625 0.271 0.30728241562499997 0.275 0.3268206046875 0.27899999999999997 0.3268206046875 0.284 0.317939609375
3 0.63 0.07992895156249999 0.619 0.07104795781249999 0.609 0.078152753125 0.608 0.0905861453125 0.621 0.119005328125 0.63 0.110124334375 0.63 0.07992895156249999
3 0.859 0.504440496875 0.854 0.4920071046875 0.833 0.49555950312499997 0.83 0.50976909375 0.838 0.5293072828125001 0.856 0.5293072828125001 0.859 0.504440496875
2 0.727 0.609236234375 0.721 0.6163410296875 0.7200000000000001 0.6323268203125 0.7390000000000001 0.6323268203125 0.736 0.6110124328125 0.727 0.609236234375
3 0.571 0.4973357015625 0.5730000000000001 0.4760213140625 0.5690000000000001 0.4618117234375 0.56 0.4564831265625 0.55 0.4671403203125 0.5489999999999999 0.47957371249999997 0.5559999999999999 0.4973357015625 0.5640000000000001 0.504440496875 0.571 0.4973357015625
0 0.495 0.4351687390625 0.494 0.41563055000000004 0.47 0.42628774375 0.46900000000000003 0.4547069265625 0.473 0.4618117234375 0.487 0.4511545296875 0.495 0.4351687390625
0 0.525 0.7602131437499999 0.504 0.7637655421875 0.503 0.776198934375 0.52 0.7886323265625 0.525 0.7833037296875001 0.525 0.7602131437499999
4 0.526 0.9111900531250001 0.515 0.9147424515625 0.493 0.9928952046875 0.492 0.9982238015625 0.593 0.9982238015625 0.584 0.9609236234375 0.526 0.9111900531250001
3 0.27899999999999997 0.14564831250000002 0.26999999999999996 0.14564831250000002 0.265 0.15452930781250002 0.263 0.19715808125 0.287 0.1847246890625 0.293 0.1687388984375 0.27899999999999997 0.14564831250000002
7 0.249 0.7033747781249999 0.245 0.682060390625 0.233 0.6838365890625 0.225 0.69804618125 0.222 0.7158081703125 0.228 0.724689165625 0.24000000000000002 0.7211367671875 0.249 0.7033747781249999
0 0.151 0.7708703375 0.13499999999999998 0.7708703375 0.13499999999999998 0.7939609234375 0.151 0.797513321875 0.154 0.78152753125 0.151 0.7708703375
7 0.388 0.42628774375 0.38 0.4245115453125 0.37100000000000005 0.433392540625 0.374 0.4564831265625 0.384 0.4600355234375 0.388 0.4547069265625 0.388 0.42628774375
0 0.412 0.374777975 0.40599999999999997 0.3818827703125 0.40800000000000003 0.420959146875 0.42 0.410301953125 0.42100000000000004 0.38010657187499997 0.412 0.374777975
4 0.4 0.30373001718750003 0.411 0.2788632328125 0.411 0.245115453125 0.40700000000000003 0.23623445781250002 0.397 0.23445825937500003 0.359 0.255772646875 0.354 0.264653640625 0.35200000000000004 0.2984014203125 0.354 0.3268206046875 0.358 0.3339254 0.4 0.30373001718750003
0 0.5609999999999999 0.422735346875 0.557 0.410301953125 0.5359999999999999 0.39253996406249997 0.531 0.3960923625 0.53 0.4191829484375 0.5429999999999999 0.420959146875 0.5519999999999999 0.43161634062500004 0.5609999999999999 0.422735346875
7 0.449 0.7744227359375 0.445 0.7797513328125001 0.45099999999999996 0.82238010625 0.466 0.8294849015624999 0.46900000000000003 0.7779751328125 0.449 0.7744227359375
4 0.21600000000000003 0.5364120781249999 0.209 0.5346358796875 0.192 0.5506216703125 0.188 0.568383659375 0.198 0.5825932500000001 0.21200000000000002 0.5648312609375 0.21600000000000003 0.5364120781249999
2 0.089 0.5488454703125 0.092 0.5630550624999999 0.103 0.5612788625 0.10099999999999999 0.5452930734375 0.089 0.5488454703125
0 0.265 0.483126109375 0.251 0.4813499109375 0.251 0.49911190000000005 0.255 0.5062166968749999 0.26799999999999996 0.49555950312499997 0.265 0.483126109375
0 0.386 0.692717584375 0.388 0.7282415624999999 0.40399999999999997 0.7211367671875 0.40700000000000003 0.692717584375 0.386 0.692717584375
0 0.21600000000000003 0.7566607453125 0.213 0.744227353125 0.19499999999999998 0.746003553125 0.193 0.7566607453125 0.2 0.7708703375 0.206 0.7708703375 0.21600000000000003 0.7566607453125
9 0.9450000000000001 0.2255772640625 0.947 0.22735346406249998 0.9510000000000001 0.23445825937500003 0.956 0.23445825937500003 0.961 0.22912966250000003 0.9600000000000001 0.21847246875 0.958 0.2149200703125 0.953 0.19715808125 0.949 0.19893428124999998 0.947 0.20781527500000002 0.9450000000000001 0.2113676734375 0.943 0.21847246875 0.9450000000000001 0.2255772640625
9 0.741 0.3889875671875 0.7420000000000001 0.38721136718750004 0.7420000000000001 0.3712255765625 0.741 0.369449378125 0.737 0.3712255765625 0.736 0.374777975 0.736 0.3818827703125 0.737 0.38721136718750004 0.741 0.3889875671875
9 0.737 0.6429840140625 0.737 0.6341030203125 0.736 0.6323268203125 0.729 0.6323268203125 0.727 0.6341030203125 0.727 0.6394316156250001 0.73 0.6465364124999999 0.737 0.6429840140625
9 0.893 0.9200710484375 0.891 0.953818828125 0.898 0.9609236234375 0.8989999999999999 0.9271758437500001 0.893 0.9200710484375
9 0.6739999999999999 0.9218472468750001 0.673 0.9307282421874999 0.679 0.932504440625 0.679 0.9218472468750001 0.6739999999999999 0.9218472468750001
9 0.45402200000000004 0.8867690937500001 0.458634 0.88667495625 0.45820099999999997 0.8371669624999999 0.452742 0.837190053125 0.452389 0.8374849015624999 0.43912300000000004 0.8958028421875 0.444783 0.8974600359375 0.453379 0.851792184375 0.45402200000000004 0.8867690937500001