4 0.9589004625 0.0905861453125 0.9457083833333333 0.08348135 0.9071469166666667 0.08348135 0.8320535375 0.11367673125 0.8249501083333333 0.124333925 0.8239353333333334 0.15630550625 0.8300239854166667 0.1847246890625 0.8452456166666666 0.2166962703125 0.8604672479166666 0.23445825937500003 0.88177753125 0.2468916515625 0.9041025916666666 0.2486678515625 0.9162798958333334 0.245115453125 0.9393284895833334 0.2250817046875 0.9528118104166666 0.1953818828125 0.9629595645833333 0.16163410312499998 0.9670186666666667 0.1065719359375 0.9589004625 0.0905861453125
4 0.32055043958333335 0.5186500890625 0.30113377291666665 0.5435168734375 0.29500219375000003 0.5648312609375 0.2929583333333333 0.6074600359375 0.2990899125 0.6394316156250001 0.312375 0.6660746 0.33281359583333336 0.6891651859375 0.34814254375 0.6838365890625 0.36858113958333333 0.6589698046875 0.38186622708333334 0.6234458265625 0.3900416666666667 0.57193605625 0.3839100875 0.5204262875000001 0.3696030708333333 0.5008881 0.34814254375 0.5026642984375 0.32055043958333335 0.5186500890625
4 0.4421369041666667 0.2699822375 0.43595833333333334 0.285968028125 0.43698809583333337 0.328596803125 0.4514047625 0.38010657187499997 0.4668511895833333 0.3960923625 0.4915654770833333 0.3960923625 0.5018630958333333 0.3676731796875 0.4967142854166667 0.35168738906249997 0.5018630958333333 0.34813499062500003 0.5080416666666667 0.328596803125 0.4956845229166667 0.2930728234375 0.4750892854166667 0.28241563125 0.4555238104166667 0.25932504375 0.4421369041666667 0.2699822375
5 0.4622559520833333 0.047957371875 0.4579583333333333 0.0550621671875 0.4579583333333333 0.07104795781249999 0.4665535708333334 0.0817051515625 0.48266964375000004 0.07104795781249999 0.48804166666666665 0.0444049734375 0.4622559520833333 0.047957371875
3 0.7010301729166667 0.3055062171875 0.6989583333333333 0.33214920000000003 0.7031020125 0.35168738906249997 0.7331436791666667 0.3712255765625 0.7362514375 0.38721136718750004 0.7424669541666666 0.38721136718750004 0.7476465520833333 0.3570159859375 0.7590416666666666 0.3339254 0.7590416666666666 0.3108348140625 0.74661063125 0.2717584375 0.7362514375 0.2575488453125 0.7248563208333334 0.2575488453125 0.7010301729166667 0.3055062171875
0 0.3469583333333333 0.7371225578125 0.3469583333333333 0.7584369453125 0.35133712083333335 0.7673179390625 0.3622840916666667 0.765541740625 0.37104166666666666 0.7513321484375 0.3666628791666667 0.7424511546875 0.3469583333333333 0.7371225578125
2 0.6724861104166667 0.58436945 0.6770416666666667 0.5701598578125 0.6656527770833333 0.5630550624999999 0.6599583333333333 0.57371225625 0.6610972229166666 0.58436945 0.6724861104166667 0.58436945
3 0.2870416666666667 0.2930728234375 0.28020833333333334 0.28241563125 0.27109722291666666 0.2895204265625 0.26995833333333336 0.30728241562499997 0.27451388958333334 0.3268206046875 0.27906944375 0.3268206046875 0.2847638895833333 0.317939609375 0.2870416666666667 0.2930728234375
3 0.60805303125 0.078152753125 0.6069583333333333 0.0905861453125 0.62118939375 0.119005328125 0.6310416666666666 0.110124334375 0.6310416666666666 0.07992895156249999 0.619 0.07104795781249999 0.60805303125 0.078152753125
3 0.83217385 0.49555950312499997 0.8289583333333332 0.50976909375 0.8375330458333334 0.5293072828125001 0.85682615 0.5293072828125001 0.8600416666666667 0.504440496875 0.8546824708333334 0.4920071046875 0.83217385 0.49555950312499997
2 0.7400416666666667 0.6323268203125 0.73671271875 0.6110124328125 0.7267258770833334 0.609236234375 0.7200679833333333 0.6163410296875 0.7189583333333334 0.6323268203125 0.7400416666666667 0.6323268203125
3 0.57186805625 0.4973357015625 0.5740416666666667 0.4760213140625 0.56969444375 0.4618117234375 0.55991319375 0.4564831265625 0.5490451395833333 0.4671403203125 0.5479583333333333 0.47957371249999997 0.5555659729166667 0.4973357015625 0.5642604166666667 0.504440496875 0.57186805625 0.4973357015625
0 0.46903846250000003 0.42628774375 0.46795833333333337 0.4547069265625 0.47227884583333335 0.4618117234375 0.48740064166666663 0.4511545296875 0.49604166666666666 0.4351687390625 0.4949615375 0.41563055000000004 0.46903846250000003 0.42628774375
0 0.52056818125 0.7886323265625 0.5260416666666666 0.7833037296875001 0.5260416666666666 0.7602131437499999 0.50305303125 0.7637655421875 0.5019583333333333 0.776198934375 0.52056818125 0.7886323265625
4 0.49197896041666667 0.9928952046875 0.49095833333333333 0.9982238015625 0.5940416666666667 0.9982238015625 0.5848560229166666 0.9609236234375 0.5256596541666666 0.9111900531250001 0.51443275625 0.9147424515625 0.49197896041666667 0.9928952046875
3 0.26409722291666665 0.15452930781250002 0.26195833333333335 0.19715808125 0.287625 0.1847246890625 0.29404166666666665 0.1687388984375 0.27906944375 0.14564831250000002 0.26944444375000004 0.14564831250000002 0.26409722291666665 0.15452930781250002
7 0.245733025 0.682060390625 0.23280709791666665 0.6838365890625 0.2241898145833333 0.69804618125 0.22095833333333334 0.7158081703125 0.22742129583333334 0.724689165625 0.2403472229166667 0.7211367671875 0.25004166666666666 0.7033747781249999 0.245733025 0.682060390625
0 0.15171271874999998 0.797513321875 0.15504166666666666 0.78152753125 0.15171271874999998 0.7708703375 0.13395833333333332 0.7708703375 0.13395833333333332 0.7939609234375 0.15171271874999998 0.797513321875
7 0.36995833333333333 0.433392540625 0.37332598125 0.4564831265625 0.38455147083333335 0.4600355234375 0.3890416666666667 0.4547069265625 0.3890416666666667 0.42628774375 0.38006127500000003 0.4245115453125 0.36995833333333333 0.433392540625
0 0.42090277708333335 0.410301953125 0.4220416666666667 0.38010657187499997 0.41179166666666667 0.374777975 0.4049583333333333 0.3818827703125 0.4072361104166667 0.420959146875 0.42090277708333335 0.410301953125
4 0.3530289541666667 0.3268206046875 0.3571701979166667 0.3339254 0.4006532479166667 0.30373001718750003 0.4120416666666667 0.2788632328125 0.4120416666666667 0.245115453125 0.40790042291666667 0.23623445781250002 0.39754731666666665 0.23445825937500003 0.35820550833333337 0.255772646875 0.3530289541666667 0.264653640625 0.35095833333333337 0.2984014203125 0.3530289541666667 0.3268206046875
0 0.55777285 0.410301953125 0.5353615583333333 0.39253996406249997 0.5300255375 0.3960923625 0.5289583333333333 0.4191829484375 0.5428319895833333 0.420959146875 0.5524368270833333 0.43161634062500004 0.5620416666666667 0.422735346875 0.55777285 0.410301953125
7 0.46678125000000004 0.8294849015624999 0.4700416666666667 0.7779751328125 0.44830555625 0.7744227359375 0.44395833333333334 0.7797513328125001 0.45047916666666665 0.82238010625 0.46678125000000004 0.8294849015624999
4 0.19125595208333335 0.5506216703125 0.1869583333333333 0.568383659375 0.19770238125 0.5825932500000001 0.21274404791666665 0.5648312609375 0.2170416666666667 0.5364120781249999 0.20952083333333332 0.5346358796875 0.19125595208333335 0.5506216703125
2 0.08795833333333333 0.5488454703125 0.0914047625 0.5630550624999999 0.10404166666666666 0.5612788625 0.10174404791666666 0.5452930734375 0.08795833333333333 0.5488454703125
0 0.25444852916666666 0.5062166968749999 0.2690416666666666 0.49555950312499997 0.26567401875 0.483126109375 0.24995833333333334 0.4813499109375 0.24995833333333334 0.49911190000000005 0.25444852916666666 0.5062166968749999
0 0.38495833333333335 0.692717584375 0.3871567458333333 0.7282415624999999 0.4047440479166667 0.7211367671875 0.4080416666666667 0.692717584375 0.38495833333333335 0.692717584375
0 0.19413949375 0.746003553125 0.19195833333333334 0.7566607453125 0.19959239166666667 0.7708703375 0.20613586875 0.7708703375 0.2170416666666667 0.7566607453125 0.21376992708333334 0.744227353125 0.19413949375 0.746003553125
9 0.9486527770833334 0.19893428124999998 0.9464212958333333 0.20781527500000002 0.9441898145833334 0.2113676734375 0.9419583333333333 0.21847246875 0.9441898145833334 0.2255772640625 0.9464212958333333 0.22735346406249998 0.9508842583333333 0.23445825937500003 0.9564629625 0.23445825937500003 0.9620416666666666 0.22912966250000003 0.960925925 0.21847246875 0.95869444375 0.2149200703125 0.9531157416666667 0.19715808125 0.9486527770833334 0.19893428124999998
9 0.7416944437499999 0.3889875671875 0.7430416666666667 0.38721136718750004 0.7430416666666667 0.3712255765625 0.7416944437499999 0.369449378125 0.73630555625 0.3712255765625 0.7349583333333333 0.374777975 0.7349583333333333 0.3818827703125 0.73630555625 0.38721136718750004 0.7416944437499999 0.3889875671875
9 0.7380416666666666 0.6341030203125 0.7368333333333333 0.6323268203125 0.728375 0.6323268203125 0.7259583333333333 0.6341030203125 0.7259583333333333 0.6394316156250001 0.7295833333333334 0.6465364124999999 0.7380416666666666 0.6429840140625 0.7380416666666666 0.6341030203125
9 0.8924791666666666 0.9200710484375 0.8899583333333333 0.953818828125 0.8987812500000001 0.9609236234375 0.9000416666666666 0.9271758437500001 0.8924791666666666 0.9200710484375
9 0.67330555625 0.9218472468750001 0.6719583333333333 0.9307282421874999 0.6800416666666667 0.932504440625 0.6800416666666667 0.9218472468750001 0.67330555625 0.9218472468750001
9 0.45457121041666665 0.8867690937500001 0.45967566666666665 0.88667495625 0.45919643125 0.8371669624999999 0.45315453541666667 0.837190053125 0.45276384166666667 0.8374849015624999 0.4380813333333334 0.8958028421875 0.44434569375 0.8974600359375 0.45385955208333334 0.851792184375 0.45457121041666665 0.8867690937500001