11 0.384 0.365579303125 0.394 0.3650168734375 0.397 0.3616422953125 0.28800000000000003 0.2412823390625 0.263 0.21934758125 0.242 0.233970753125 0.111 0.349268840625 0.109 0.35320585000000004 0.114 0.35545556875 0.224 0.36051743593749996 0.384 0.365579303125
11 0.418 0.7469066359375 0.425 0.8127109109375 0.439 0.8194600671875 0.5790000000000001 0.8222722156250001 0.693 0.8070866140625 0.709 0.8025871765625 0.734 0.7227221593750001 0.743 0.7120359953125 0.769 0.693475815625 0.779 0.6805399328124999 0.775 0.6782902140625 0.75 0.6782902140625 0.388 0.686726659375 0.354 0.691226096875 0.351 0.6929133859375 0.353 0.7007874015625 0.383 0.7182227218749999 0.418 0.7469066359375
10 0.521 0.19910011249999998 0.5359999999999999 0.19910011249999998 0.5489999999999999 0.193475815625 0.553 0.17885264375 0.541 0.1462317203125 0.532 0.1338582671875 0.509 0.1181102359375 0.49 0.11304836874999999 0.478 0.1124859390625 0.46699999999999997 0.11473565781249999 0.44299999999999995 0.1327334078125 0.437 0.1406074234375 0.438 0.158605175 0.45899999999999996 0.17435320625 0.49600000000000005 0.186726659375 0.521 0.19910011249999998
0 0.6739999999999999 0.2345331828125 0.7010000000000001 0.2255343078125 0.7010000000000001 0.21709786250000002 0.6739999999999999 0.2075365578125 0.667 0.20247469062499998 0.67 0.20078740156250002 0.657 0.194600675 0.638 0.1917885265625 0.631 0.1996625421875 0.631 0.2289088859375 0.64 0.23734533125 0.6549999999999999 0.2379077609375 0.6739999999999999 0.2345331828125
4 0.863 0.3295838015625 0.838 0.26715410624999997 0.794 0.2688413953125 0.7200000000000001 0.27784027031249997 0.685 0.2789651296875 0.6799999999999999 0.2812148484375 0.6890000000000001 0.31271091093750003 0.708 0.3503937015625 0.861 0.33464566875 0.863 0.3295838015625
7 0.693 0.5253093359375 0.732 0.5275590546875 0.7769999999999999 0.5253093359375 0.824 0.5196850390625001 0.8420000000000001 0.5134983125 0.841 0.5095613046875 0.8320000000000001 0.5050618671875 0.7040000000000001 0.4589426328125 0.6829999999999999 0.4623172109375 0.666 0.46850393749999997 0.6489999999999999 0.478627671875 0.641 0.4870641171875 0.64 0.50224971875 0.645 0.507874015625 0.663 0.5179977499999999 0.693 0.5253093359375
2 0.107 0.4589426328125 0.103 0.4505061875 0.094 0.4460067484375 0.087 0.44431945937500006 0.075 0.4476940375 0.076 0.45500562499999997 0.089 0.460629921875 0.099 0.4623172109375 0.107 0.4589426328125
2 0.169 0.5629921265625 0.16999999999999998 0.5556805406249999 0.166 0.5517435328125 0.15 0.5494938125 0.14 0.5528683921875001 0.13899999999999998 0.5568054 0.152 0.5641169859375 0.16299999999999998 0.5652418453125 0.169 0.5629921265625
2 0.127 0.6074240718749999 0.119 0.6001124859375 0.109 0.5973003375 0.1 0.598425196875 0.10200000000000001 0.6074240718749999 0.11 0.6119235093750001 0.126 0.6141732281250001 0.127 0.6074240718749999
3 0.9440000000000001 0.59955005625 0.98 0.5899887515625 0.999 0.5899887515625 0.999 0.537120359375 0.974 0.5275590546875 0.959 0.5264341953125 0.923 0.534870640625 0.917 0.5399325078125 0.9149999999999999 0.54724409375 0.9149999999999999 0.5832395953125 0.92 0.5911136109374999 0.928 0.5961754781249999 0.9440000000000001 0.59955005625
0 0.48000000000000004 0.32339707500000003 0.506 0.3115860515625 0.515 0.304274465625 0.522 0.2958380203125 0.52 0.286276715625 0.514 0.284026996875 0.505 0.2845894265625 0.47 0.2969628796875 0.448 0.3082114734375 0.447 0.31439819999999996 0.453 0.3188976375 0.464 0.322272215625 0.48000000000000004 0.32339707500000003
0 0.917 0.4476940375 0.9079999999999999 0.43025871718750003 0.865 0.43644544375 0.854 0.4415073109375 0.853 0.45163104687500005 0.857 0.45613048437500003 0.904 0.45163104687500005 0.917 0.4476940375
2 0.85 0.6096737906249999 0.841 0.605174353125 0.827 0.605174353125 0.8190000000000001 0.6102362203125 0.8200000000000001 0.6152980875 0.8260000000000001 0.6181102359375 0.8510000000000001 0.6147356578125 0.85 0.6096737906249999
5 0.07 0.1557930265625 0.081 0.1631046125 0.096 0.16760405 0.137 0.16535433125000001 0.152 0.16141732343749998 0.181 0.14454443125 0.187 0.13104611875 0.186 0.118672665625 0.16999999999999998 0.10236220468749999 0.13799999999999998 0.0866141734375 0.115 0.0798650171875 0.076 0.0787401578125 0.059000000000000004 0.08830146250000001 0.052000000000000005 0.10236220468749999 0.052000000000000005 0.123172103125 0.058 0.1316085484375 0.060000000000000005 0.1428571421875 0.07 0.1557930265625