11 0.38399999999999995 0.365579302734375 0.394 0.365016873046875 0.39699999999999996 0.361642294921875 0.288 0.24128233984375 0.263 0.21934758203125 0.24200000000000002 0.23397075390625 0.111 0.349268841796875 0.109 0.353205849609375 0.114 0.355455568359375 0.224 0.360517435546875 0.38399999999999995 0.365579302734375
11 0.418 0.74690663671875 0.425 0.8127109111328125 0.439 0.8194600673828125 0.579 0.8222722158203125 0.6930000000000001 0.8070866142578125 0.709 0.8025871767578125 0.734 0.72272216015625 0.7429999999999999 0.7120359951171875 0.7689999999999999 0.6934758154296875 0.779 0.6805399326171875 0.775 0.6782902138671875 0.75 0.6782902138671875 0.388 0.6867266591796874 0.354 0.6912260966796875 0.35100000000000003 0.6929133857421875 0.35300000000000004 0.7007874013671875 0.383 0.7182227216796875 0.418 0.74690663671875
10 0.521 0.1991001123046875 0.536 0.1991001123046875 0.549 0.1934758154296875 0.553 0.1788526435546875 0.541 0.146231720703125 0.532 0.133858267578125 0.509 0.118110236328125 0.49000000000000005 0.113048369140625 0.47800000000000004 0.112485939453125 0.46699999999999997 0.114735658203125 0.443 0.132733408203125 0.437 0.140607423828125 0.438 0.1586051748046875 0.459 0.1743532060546875 0.496 0.1867266591796875 0.521 0.1991001123046875
0 0.674 0.23453318359375 0.701 0.22553430859375 0.701 0.2170978623046875 0.674 0.2075365576171875 0.667 0.2024746904296875 0.6699999999999999 0.2007874013671875 0.6569999999999999 0.1946006748046875 0.638 0.1917885263671875 0.631 0.1996625419921875 0.631 0.22890888671875 0.64 0.23734533203125 0.655 0.23790776171875 0.674 0.23453318359375
4 0.863 0.3295838017578125 0.838 0.26715410546875 0.7939999999999999 0.26884139453125 0.72 0.27784026953125 0.6849999999999999 0.27896512890625 0.68 0.28121484765625 0.6890000000000001 0.3127109111328125 0.708 0.350393701171875 0.861 0.3346456689453125 0.863 0.3295838017578125
7 0.6930000000000001 0.5253093359375 0.7320000000000001 0.5275590546875 0.777 0.5253093359375 0.824 0.5196850390625 0.8420000000000001 0.5134983125 0.8410000000000001 0.5095613046875 0.832 0.5050618671875 0.7040000000000001 0.4589426318359375 0.6829999999999999 0.4623172099609375 0.666 0.4685039365234375 0.649 0.478627671875 0.641 0.4870641171875 0.64 0.50224971875 0.645 0.507874015625 0.663 0.51799775 0.6930000000000001 0.5253093359375
2 0.10700000000000001 0.4589426318359375 0.103 0.4505061865234375 0.094 0.4460067490234375 0.087 0.4443194599609375 0.075 0.4476940380859375 0.076 0.4550056240234375 0.089 0.4606299208984375 0.099 0.4623172099609375 0.10700000000000001 0.4589426318359375
2 0.169 0.5629921259765625 0.17 0.5556805400390625 0.166 0.5517435322265625 0.15 0.5494938134765625 0.14 0.5528683916015625 0.139 0.5568053994140625 0.152 0.5641169853515625 0.163 0.5652418447265625 0.169 0.5629921259765625
2 0.127 0.607424072265625 0.11900000000000001 0.600112486328125 0.109 0.597300337890625 0.1 0.598425197265625 0.10200000000000001 0.607424072265625 0.10999999999999999 0.611923509765625 0.126 0.614173228515625 0.127 0.607424072265625
3 0.944 0.599550056640625 0.9800000000000001 0.5899887509765624 0.999 0.5899887509765624 0.999 0.5371203603515625 0.974 0.5275590546875 0.959 0.5264341953125 0.9229999999999999 0.5348706416015625 0.917 0.5399325087890625 0.915 0.5472440947265625 0.915 0.5832395947265625 0.9199999999999999 0.5911136103515625 0.928 0.596175478515625 0.944 0.599550056640625
0 0.48 0.3233970751953125 0.506 0.3115860517578125 0.515 0.3042744658203125 0.522 0.2958380205078125 0.52 0.2862767158203125 0.514 0.2840269970703125 0.505 0.2845894267578125 0.47000000000000003 0.2969628798828125 0.448 0.3082114736328125 0.44699999999999995 0.3143982001953125 0.45299999999999996 0.3188976376953125 0.464 0.3222722158203125 0.48 0.3233970751953125
0 0.917 0.4476940380859375 0.9079999999999999 0.4302587177734375 0.865 0.4364454443359375 0.854 0.4415073115234375 0.853 0.4516310458984375 0.8570000000000001 0.4561304833984375 0.904 0.4516310458984375 0.917 0.4476940380859375
2 0.85 0.609673791015625 0.8410000000000001 0.605174353515625 0.8270000000000001 0.605174353515625 0.819 0.610236220703125 0.82 0.615298087890625 0.826 0.618110236328125 0.851 0.614735658203125 0.85 0.609673791015625
5 0.07 0.155793025390625 0.081 0.1631046123046875 0.09599999999999999 0.1676040498046875 0.137 0.1653543310546875 0.152 0.1614173232421875 0.181 0.144544431640625 0.187 0.131046119140625 0.18600000000000003 0.118672666015625 0.17 0.102362205078125 0.13799999999999998 0.0866141728515625 0.11499999999999999 0.0798650166015625 0.076 0.0787401572265625 0.059 0.0883014619140625 0.052 0.102362205078125 0.052 0.123172103515625 0.058 0.131608548828125 0.06 0.142857142578125 0.07 0.155793025390625