6 0.539361325 0.43884120156249995 0.5287049541666666 0.4452789703125 0.5239687895833334 0.4570815453125 0.5216007083333333 0.46995708125 0.5204166666666666 0.47693133125 0.5216007083333333 0.48766094375 0.5298889958333334 0.4957081546875 0.5437028104166667 0.5042918453125 0.5531751375 0.50643776875 0.5555432229166667 0.50536480625 0.5618581083333333 0.4951716734375 0.5642261895833334 0.4742489265625 0.5630421499999999 0.45815450625 0.5551485416666666 0.44581545 0.5468602520833333 0.43776824062499997 0.539361325 0.43884120156249995
6 0.5018697229166666 0.6056866953125 0.495682625 0.6121244640625 0.49220238125000004 0.6228540765624999 0.49220238125000004 0.6437768234375 0.495682625 0.6555793984375 0.5038031916666666 0.6722102999999999 0.5115370645833334 0.6765021453125 0.5231378770833334 0.6775751078125001 0.5254580375 0.6759656656249999 0.5467261895833333 0.6410944203125 0.5451794145833334 0.6266094421874999 0.5416991729166667 0.61373390625 0.5304850541666667 0.60085836875 0.52429795625 0.6003218890625 0.5018697229166666 0.6056866953125
6 0.35035875 0.6888412015625 0.34380872083333336 0.69581545 0.33687338958333335 0.71995708125 0.33648809583333333 0.723712446875 0.35498230416666665 0.7660944203125 0.37077944166666665 0.7660944203125 0.38118243333333335 0.758583690625 0.38850305625000003 0.7478540765624999 0.3931266104166667 0.7274678109375 0.3935119041666667 0.7097639484375 0.38850305625000003 0.69635193125 0.38118243333333335 0.6883047203125 0.3738618083333333 0.6856223171875 0.35498230416666665 0.6866952796875 0.35035875 0.6888412015625
4 0.3788832541666666 0.5048283265625 0.37177175208333335 0.5080472109375 0.29803669375 0.5901287546875 0.2954166666666667 0.5965665234374999 0.2954166666666667 0.6030042921875001 0.29803669375 0.6089055796875 0.32011978333333335 0.6228540765624999 0.3395828416666667 0.63036480625 0.3455714791666667 0.6309012875 0.3526829791666667 0.627682403125 0.3661574083333334 0.6051502140625 0.37476606874999996 0.57725321875 0.38487188958333335 0.532725321875 0.38636904791666665 0.52306866875 0.38562046875 0.511802575 0.3788832541666666 0.5048283265625
4 0.4491998333333333 0.354613734375 0.4443571 0.35193133125 0.44063191875 0.3524678109375 0.43727925625 0.3556866953125 0.4354166666666667 0.36266094375 0.43690673750000003 0.3889484984375 0.44249450833333337 0.42328326250000003 0.44733724166666666 0.43240343281250004 0.4570227104166667 0.43991416250000004 0.46931580625 0.4442060078125 0.49762717291666664 0.443133046875 0.5278011333333333 0.43562231718750005 0.5345064583333333 0.43133047187500007 0.5363690479166666 0.4275751078125 0.5359965291666666 0.41684549375 0.53227135 0.41094420625000005 0.4491998333333333 0.354613734375
4 0.462327125 0.660407725 0.45704801666666667 0.667381975 0.44762104166666666 0.6920600859375 0.43970238125 0.7226394843749999 0.43970238125 0.7339055796875 0.44347317291666666 0.74356223125 0.45440846458333334 0.759656653125 0.46986870625 0.7757510734374999 0.50229750625 0.799892703125 0.51172448125 0.8009656656249999 0.5170035895833334 0.7966738203125 0.5185119041666667 0.78594420625 0.51624943125 0.7773605156250001 0.46986870625 0.66094420625 0.4668520729166667 0.6593347640625 0.462327125 0.660407725
7 0.3406434229166667 0.8084763953125 0.3410289125 0.799892703125 0.3379450104166667 0.7864806859375 0.33678854999999996 0.741416309375 0.3348611125 0.7333690984375 0.32869331249999995 0.7221030046875 0.31173185833333333 0.717811159375 0.30093820833333335 0.7188841203125 0.2966978458333333 0.7306866953125 0.30016723333333334 0.7575107296875 0.2982397958333333 0.7746781109375 0.2982397958333333 0.794527896875 0.2889880958333333 0.8492489265625001 0.28937358124999996 0.8589055796875 0.29554138124999996 0.8648068671875 0.3148157604166667 0.8690987124999999 0.3252239229166667 0.86963519375 0.3360175729166667 0.866416309375 0.343727325 0.85783261875 0.3456547625 0.842274678125 0.3406434229166667 0.8084763953125
3 0.26837108125 0.41469957031250004 0.25980400625 0.4216738203125 0.2589880958333333 0.42650214531249997 0.2602119625 0.4307939921875 0.26673925833333334 0.43991416250000004 0.271634725 0.4538626609375 0.27979384375 0.4543991421875 0.28591318125 0.449034334375 0.29244047708333337 0.42650214531249997 0.29203252083333336 0.4222103 0.28917682916666665 0.4179184546875 0.28060975624999995 0.41201716718750003 0.2748983729166667 0.41201716718750003 0.26837108125 0.41469957031250004
0 0.6533597895833334 0.40933476406249997 0.6736954374999999 0.38626609375 0.6749404770833334 0.3798283265625 0.6703753291666666 0.37660944218750003 0.6624900791666666 0.3787553640625 0.6492096562499999 0.3937768234375 0.6458895520833334 0.4007510734375 0.6450595229166667 0.4045064375 0.6471345895833333 0.40933476406249997 0.6533597895833334 0.40933476406249997
2 0.6899107145833334 0.6330472109375 0.7048412708333333 0.634120171875 0.7125198416666667 0.6266094421874999 0.7142261895833334 0.6217811156249999 0.7133730145833332 0.598712446875 0.7116666666666667 0.5954935625 0.70782738125 0.5992489265625001 0.7005753958333333 0.616416309375 0.6886309520833334 0.6298283265625 0.6899107145833334 0.6330472109375
3 0.22145353333333334 0.68454935625 0.21604646666666666 0.6850858375 0.21113095208333332 0.6925965671875 0.21260560625 0.7027897000000001 0.22194508541666666 0.7070815453125 0.22538594583333332 0.7017167375 0.22636904791666668 0.6883047203125 0.22145353333333334 0.68454935625
2 0.57529761875 0.9704935625 0.5739761895833334 0.964592275 0.5598809520833333 0.9490343343750001 0.5559166666666666 0.949570815625 0.5532738104166667 0.956008584375 0.5532738104166667 0.9624463515624999 0.5603214291666667 0.973712446875 0.5686904770833333 0.97585836875 0.57529761875 0.9704935625
2 0.7538172895833333 0.990343346875 0.7600854041666667 0.990879828125 0.7663535208333333 0.9881974250000001 0.7717261895833333 0.97693133125 0.7703830229166667 0.966738196875 0.7663535208333333 0.9629828328125001 0.7632194625000001 0.964592275 0.7587422375 0.9742489265625001 0.7520263958333333 0.9817596562500001 0.7511309520833334 0.9876609437500001 0.7538172895833333 0.990343346875
10 0.9606547625 0.734442059375 0.9591549645833334 0.723712446875 0.9565303208333333 0.71995708125 0.9512810333333334 0.717811159375 0.9400325604166666 0.7188841203125 0.9299089333333334 0.7226394843749999 0.9107865291666666 0.7371244640625 0.88791463125 0.7687768234375 0.8781659541666667 0.792381975 0.8732916166666667 0.8133047203125001 0.8729166666666667 0.8283261796874999 0.8774160562500001 0.8412017171875 0.8819154458333334 0.847639484375 0.89278896875 0.8551502140625 0.90178775 0.8556866953125001 0.9077869354166667 0.8535407718749999 0.9119113750000001 0.8454935625 0.92053520625 0.815987125 0.9310337812499999 0.7961373390625 0.9464066958333334 0.759120171875 0.9587800166666667 0.7398068671875 0.9606547625 0.734442059375
4 0.6880546625 0.5509656656249999 0.6899029395833334 0.53594420625 0.6910119041666667 0.49463519375000004 0.6899029395833334 0.4780042921875 0.6839884520833334 0.45225321875 0.6777043125 0.4383047203125 0.6692022395833334 0.424892703125 0.6544160229166667 0.41416309062499995 0.6340849770833333 0.41094420625000005 0.6259525604166666 0.41469957031250004 0.6185594520833334 0.42274678125 0.6152325541666667 0.431866953125 0.6144932437499999 0.449034334375 0.61708083125 0.466738196875 0.61708083125 0.48658798281250004 0.61190565625 0.508583690625 0.606360825 0.5177038625 0.5963801291666667 0.526287553125 0.5753097729166666 0.5305793984375 0.5705042541666666 0.5364806859375 0.5682863229166667 0.544527896875 0.5679166666666667 0.55954935625 0.571982875 0.579935621875 0.5804849479166666 0.5981759656250001 0.5904656437500001 0.61266094375 0.60451255 0.6239270390625 0.6156022104166666 0.6282188843750001 0.6322367 0.6266094421874999 0.6492408479166667 0.615879828125 0.6692022395833334 0.5933476390625 0.6769650020833333 0.5815450640625001 0.6839884520833334 0.565987125 0.6880546625 0.5509656656249999
4 0.5610441770833333 0.39699570781250004 0.5654577687500001 0.3937768234375 0.57281375625 0.383583690625 0.5805375416666667 0.3669527890625 0.5842155333333333 0.348175965625 0.5845833333333333 0.3267167375 0.57943414375 0.2725321890625 0.5698713604166666 0.24409871249999998 0.5639865729166667 0.23229613750000003 0.5522169958333334 0.2162017171875 0.5430220125 0.20869098749999998 0.5316202354166667 0.2038626609375 0.5158048645833333 0.20225321875 0.5007250958333334 0.206008584375 0.48895551666666665 0.2124463515625 0.48012833541666666 0.21942060156249998 0.45475018125 0.246781115625 0.4470263979166667 0.2607296140625 0.4411416083333333 0.282188840625 0.44077381041666663 0.2966738203125 0.44298060625 0.30740343281250004 0.4510721916666667 0.32135193125 0.4650485625 0.3320815453125 0.4896911166666667 0.33261802500000004 0.5021962916666667 0.3374463515625 0.5099200770833333 0.3444206015625 0.52095405625 0.35944205937499996 0.5297812395833333 0.3798283265625 0.5408152166666667 0.39484978593750003 0.5474356041666667 0.39860514999999996 0.5610441770833333 0.39699570781250004
2 0.31741696041666667 0.9522532187499999 0.31047104583333335 0.9592274671875 0.30720238125 0.967811159375 0.30720238125 0.97693133125 0.31047104583333335 0.9865879828124999 0.3133311270833333 0.990343346875 0.321911375 0.9951716734374999 0.33212595624999997 0.9957081546875 0.33702895416666667 0.990879828125 0.34029761875000003 0.9833690984375 0.33948045208333333 0.9629828328125001 0.33662037083333335 0.956008584375 0.33294312291666667 0.9522532187499999 0.3288572895833333 0.9506437765625 0.31741696041666667 0.9522532187499999
4 0.12913014166666667 0.7086909875 0.14247835625 0.7183476390625 0.14733225 0.717811159375 0.16351190416666667 0.7043991421875 0.16068046458333332 0.699570815625 0.14450081041666665 0.6947424890625 0.1327705625 0.6883047203125 0.13034361458333332 0.69045064375 0.12872565 0.69635193125 0.12791666666666665 0.7060085843749999 0.12913014166666667 0.7086909875
3 0.12544158333333333 0.7837982828125 0.13270625625 0.782725321875 0.13770071875 0.776287553125 0.1381547625 0.7666309015625 0.13497646875 0.76126609375 0.12998200416666666 0.76126609375 0.11999307916666666 0.7687768234375 0.11863095208333332 0.7719957078124999 0.11999307916666666 0.7789699578125 0.12544158333333333 0.7837982828125
4 0.04113095208333333 0.7135193140625 0.04157312916666667 0.71995708125 0.0495323125 0.72693133125 0.05837585 0.7253218890625 0.06279761874999999 0.7204935625 0.059260206249999996 0.717274678125 0.04113095208333333 0.7135193140625
4 0.8570833333333333 0.8175965671875 0.8563440979166667 0.8041845500000001 0.8530175375 0.78594420625 0.8437770874999999 0.7666309015625 0.82788351875 0.7467811156249999 0.8182734520833334 0.729077253125 0.8105114770833333 0.7226394843749999 0.79979255625 0.7188841203125 0.7864863125 0.7204935625 0.7753977770833332 0.7301502140625 0.7713319770833333 0.7424892703125 0.7672661812499999 0.7687768234375 0.7628307666666667 0.77414163125 0.7428714000000001 0.789163090625 0.7380663666666667 0.7988197421875001 0.7340005708333333 0.8143776828125 0.7336309520833333 0.8240343343750001 0.7354790416666667 0.8342274671875 0.7388056020833333 0.842274678125 0.7484156687500001 0.8540772531249999 0.75691688125 0.859978540625 0.78944325625 0.8744635187500001 0.8031191208333334 0.8766094421874999 0.8238177229166667 0.8739270390625 0.8408201458333333 0.860515021875 0.8482125020833333 0.8497854078125 0.8533871541666667 0.8379828328125001 0.8570833333333333 0.8175965671875
4 0.732764375 0.848712446875 0.7338690479166666 0.815987125 0.732764375 0.806866953125 0.7294503541666667 0.7988197421875001 0.7213494166666667 0.7907725328125 0.7150896020833333 0.7902360515625 0.6941008104166666 0.7966738203125 0.6819494041666666 0.7956008578125 0.6742166916666666 0.7907725328125 0.6668522041666667 0.782725321875 0.6616970625 0.76716738125 0.6594877145833333 0.7392703859374999 0.6565419208333334 0.7333690984375 0.6517550020833334 0.729613734375 0.637762475 0.7306866953125 0.62082415 0.74356223125 0.6094091958333333 0.759120171875 0.6035176041666667 0.771459228125 0.5957848916666666 0.7988197421875001 0.5954166666666667 0.8143776828125 0.5968895645833334 0.8293991421875001 0.6035176041666667 0.85193133125 0.6108820916666667 0.865343346875 0.6318708854166667 0.890021459375 0.6598559395833333 0.9045064375 0.6775307104166667 0.907188840625 0.685999875 0.9061158796875001 0.6977830541666666 0.901287553125 0.7080933395833333 0.8943133046874999 0.7257681104166667 0.8707081546875 0.732764375 0.848712446875