6 0.5435714285714286 0.504291845703125 0.5521428571428572 0.5064377685546875 0.5542857142857143 0.505364806640625 0.56 0.495171673828125 0.5621428571428572 0.4742489267578125 0.5610714285714286 0.4581545068359375 0.5539285714285714 0.4458154501953125 0.5464285714285714 0.437768240234375 0.5396428571428571 0.4388412021484375 0.53 0.4452789697265625 0.5257142857142858 0.457081544921875 0.5235714285714286 0.46995708203125 0.5225 0.476931330078125 0.5235714285714286 0.4876609443359375 0.5310714285714286 0.495708154296875 0.5435714285714286 0.504291845703125
6 0.5121428571428571 0.6765021455078125 0.5228571428571429 0.677575107421875 0.525 0.6759656650390625 0.5446428571428571 0.6410944208984375 0.5432142857142858 0.6266094423828125 0.54 0.6137339052734375 0.5296428571428572 0.600858369140625 0.5239285714285714 0.600321888671875 0.5032142857142857 0.6056866953125 0.49750000000000005 0.6121244638671876 0.4942857142857143 0.6228540771484375 0.4942857142857143 0.64377682421875 0.49750000000000005 0.6555793994140625 0.505 0.67221030078125 0.5121428571428571 0.6765021455078125
6 0.38 0.75858369140625 0.3867857142857143 0.7478540771484375 0.3910714285714286 0.7274678115234375 0.3914285714285714 0.7097639482421875 0.3867857142857143 0.696351931640625 0.38 0.688304720703125 0.3732142857142857 0.6856223173828125 0.3557142857142857 0.686695279296875 0.3514285714285714 0.6888412021484375 0.34535714285714286 0.6958154501953125 0.33892857142857147 0.71995708203125 0.3385714285714286 0.7237124462890625 0.3557142857142857 0.7660944208984375 0.3703571428571429 0.7660944208984375 0.38 0.75858369140625
4 0.33964285714285714 0.630364806640625 0.34535714285714286 0.630901287109375 0.35214285714285715 0.6276824033203126 0.36500000000000005 0.60515021484375 0.3732142857142857 0.57725321875 0.3828571428571429 0.532725322265625 0.38428571428571423 0.523068669921875 0.3835714285714286 0.5118025751953125 0.37714285714285717 0.504828326171875 0.3703571428571429 0.5080472099609376 0.3 0.5901287548828125 0.2975 0.5965665234375 0.2975 0.6030042919921875 0.3 0.6089055791015625 0.32107142857142856 0.6228540771484375 0.33964285714285714 0.630364806640625
4 0.45821428571428574 0.4399141630859375 0.47000000000000003 0.4442060087890625 0.4971428571428571 0.443133046875 0.5260714285714285 0.4356223173828125 0.5325 0.4313304716796875 0.5342857142857143 0.427575107421875 0.5339285714285714 0.4168454931640625 0.5303571428571429 0.4109442060546875 0.45071428571428573 0.354613734375 0.4460714285714286 0.351931330078125 0.4425 0.3524678115234375 0.4392857142857143 0.3556866953125 0.4375 0.3626609443359375 0.43892857142857145 0.388948498046875 0.4442857142857143 0.42328326171875 0.4489285714285714 0.43240343359375 0.45821428571428574 0.4399141630859375
4 0.47035714285714286 0.7757510732421875 0.5010714285714285 0.7998927041015625 0.51 0.8009656650390625 0.515 0.7966738193359375 0.5164285714285715 0.7859442060546875 0.5142857142857142 0.7773605146484375 0.47035714285714286 0.6609442060546875 0.46749999999999997 0.659334763671875 0.46321428571428575 0.6604077255859375 0.45821428571428574 0.667381974609375 0.4492857142857143 0.6920600859375 0.4417857142857143 0.7226394853515625 0.4417857142857143 0.7339055791015625 0.4453571428571429 0.7435622314453125 0.4557142857142857 0.75965665234375 0.47035714285714286 0.7757510732421875
7 0.29107142857142854 0.8492489267578125 0.2914285714285714 0.8589055791015625 0.29714285714285715 0.8648068671875 0.315 0.869098712890625 0.3246428571428572 0.869635193359375 0.3346428571428572 0.86641630859375 0.34178571428571425 0.8578326181640625 0.3435714285714286 0.842274677734375 0.33892857142857147 0.80847639453125 0.3392857142857143 0.7998927041015625 0.3364285714285714 0.7864806865234375 0.33535714285714285 0.74141630859375 0.3335714285714286 0.7333690986328125 0.3278571428571429 0.72210300390625 0.31214285714285717 0.7178111591796875 0.30214285714285716 0.7188841201171875 0.2982142857142857 0.7306866953125 0.30142857142857143 0.7575107294921875 0.2996428571428571 0.774678111328125 0.2996428571428571 0.7945278974609375 0.29107142857142854 0.8492489267578125
3 0.2721428571428572 0.4538626611328125 0.2792857142857143 0.4543991416015625 0.28464285714285714 0.4490343349609375 0.2903571428571428 0.4265021455078125 0.29000000000000004 0.42221030078125 0.28750000000000003 0.417918455078125 0.28 0.4120171669921875 0.27499999999999997 0.4120171669921875 0.2692857142857143 0.4146995712890625 0.2617857142857143 0.4216738193359375 0.26107142857142857 0.4265021455078125 0.2621428571428572 0.4307939912109375 0.26785714285714285 0.4399141630859375 0.2721428571428572 0.4538626611328125
0 0.6717857142857142 0.3862660947265625 0.6728571428571428 0.379828326171875 0.6689285714285715 0.3766094423828125 0.6621428571428571 0.378755365234375 0.6507142857142858 0.39377682421875 0.6478571428571429 0.4007510732421875 0.6471428571428571 0.4045064375 0.6489285714285714 0.409334763671875 0.6542857142857144 0.409334763671875 0.6717857142857142 0.3862660947265625
2 0.7042857142857143 0.634120171875 0.7107142857142857 0.6266094423828125 0.7121428571428572 0.6217811162109375 0.7114285714285714 0.5987124462890625 0.71 0.5954935625 0.7067857142857142 0.5992489267578125 0.7007142857142857 0.61641630859375 0.6907142857142857 0.629828326171875 0.6917857142857143 0.6330472099609376 0.7042857142857143 0.634120171875
3 0.22428571428571428 0.688304720703125 0.2207142857142857 0.6845493564453125 0.2167857142857143 0.6850858369140626 0.21321428571428572 0.69259656640625 0.21428571428571427 0.70278969921875 0.22107142857142856 0.707081544921875 0.22357142857142856 0.70171673828125 0.22428571428571428 0.688304720703125
2 0.5732142857142857 0.9704935625 0.5721428571428572 0.9645922744140625 0.5607142857142857 0.9490343349609375 0.5575 0.9495708154296875 0.5553571428571429 0.956008583984375 0.5553571428571429 0.9624463515625 0.5610714285714286 0.9737124462890625 0.5678571428571428 0.975858369140625 0.5732142857142857 0.9704935625
2 0.7653571428571428 0.9881974248046875 0.7696428571428571 0.976931330078125 0.7685714285714285 0.966738197265625 0.7653571428571428 0.9629828330078125 0.7628571428571429 0.9645922744140625 0.7592857142857142 0.9742489267578125 0.7539285714285715 0.98175965625 0.7532142857142857 0.9876609443359375 0.755357142857143 0.99034334765625 0.7603571428571428 0.990879828125 0.7653571428571428 0.9881974248046875
10 0.8939285714285715 0.85515021484375 0.9025 0.8556866953125 0.9082142857142856 0.8535407724609375 0.9121428571428571 0.8454935625 0.9203571428571428 0.8159871240234375 0.9303571428571429 0.7961373388671875 0.945 0.759120171875 0.9567857142857142 0.7398068671875 0.9585714285714285 0.734442060546875 0.9571428571428571 0.7237124462890625 0.9546428571428572 0.71995708203125 0.9496428571428571 0.7178111591796875 0.9389285714285714 0.7188841201171875 0.9292857142857143 0.7226394853515625 0.9110714285714285 0.7371244638671876 0.8892857142857143 0.76877682421875 0.8799999999999999 0.792381974609375 0.8753571428571428 0.813304720703125 0.875 0.8283261806640625 0.8792857142857143 0.841201716796875 0.8835714285714286 0.8476394853515625 0.8939285714285715 0.85515021484375
4 0.5917857142857142 0.6126609443359375 0.6053571428571429 0.6239270390625 0.6160714285714286 0.6282188837890625 0.6321428571428571 0.6266094423828125 0.6485714285714286 0.615879828125 0.6678571428571429 0.5933476396484375 0.6753571428571429 0.581545064453125 0.682142857142857 0.5659871240234375 0.6860714285714286 0.5509656650390625 0.6878571428571428 0.5359442060546875 0.6889285714285714 0.494635193359375 0.6878571428571428 0.4780042919921875 0.682142857142857 0.45225321875 0.6760714285714285 0.438304720703125 0.6678571428571429 0.4248927041015625 0.6535714285714286 0.41416308984375 0.6339285714285714 0.4109442060546875 0.6260714285714285 0.4146995712890625 0.6189285714285715 0.42274678125 0.6157142857142858 0.431866953125 0.615 0.4490343349609375 0.6175 0.466738197265625 0.6175 0.486587982421875 0.6124999999999999 0.50858369140625 0.6071428571428571 0.5177038623046875 0.5975 0.5262875537109375 0.5771428571428572 0.5305793994140625 0.5725 0.5364806865234375 0.5703571428571429 0.5445278974609375 0.57 0.5595493564453125 0.5739285714285715 0.5799356220703125 0.5821428571428571 0.5981759658203125 0.5917857142857142 0.6126609443359375
4 0.4664285714285714 0.332081544921875 0.4903571428571429 0.332618025390625 0.5025 0.3374463515625 0.51 0.3444206005859375 0.5207142857142857 0.359442060546875 0.5292857142857142 0.379828326171875 0.54 0.39484978515625 0.5464285714285714 0.398605150390625 0.5596428571428571 0.3969957080078125 0.5639285714285714 0.39377682421875 0.5710714285714286 0.38358369140625 0.5785714285714286 0.3669527900390625 0.5821428571428571 0.3481759658203125 0.5825 0.32671673828125 0.5775 0.2725321884765625 0.5682142857142858 0.244098712890625 0.5625 0.2322961376953125 0.5510714285714285 0.216201716796875 0.5421428571428571 0.2086909873046875 0.5310714285714286 0.2038626611328125 0.5157142857142857 0.20225321875 0.5010714285714285 0.206008583984375 0.48964285714285716 0.2124463515625 0.4810714285714286 0.2194206005859375 0.4564285714285714 0.2467811162109375 0.4489285714285714 0.26072961328125 0.4432142857142857 0.2821888408203125 0.44285714285714284 0.2966738193359375 0.445 0.30740343359375 0.4528571428571429 0.321351931640625 0.4664285714285714 0.332081544921875
2 0.3221428571428571 0.995171673828125 0.33107142857142857 0.995708154296875 0.33535714285714285 0.990879828125 0.33821428571428575 0.9833690986328125 0.3375 0.9629828330078125 0.33499999999999996 0.956008583984375 0.3317857142857143 0.95225321875 0.3282142857142857 0.9506437763671876 0.3182142857142857 0.95225321875 0.31214285714285717 0.9592274677734375 0.3092857142857143 0.9678111591796875 0.3092857142857143 0.976931330078125 0.31214285714285717 0.986587982421875 0.31464285714285717 0.99034334765625 0.3221428571428571 0.995171673828125
4 0.14714285714285713 0.7178111591796875 0.16142857142857142 0.7043991416015625 0.15892857142857142 0.6995708154296875 0.14464285714285716 0.6947424892578125 0.13428571428571429 0.688304720703125 0.13214285714285715 0.6904506435546875 0.13071428571428573 0.696351931640625 0.13 0.706008583984375 0.1310714285714286 0.7086909873046875 0.14285714285714285 0.7183476396484375 0.14714285714285713 0.7178111591796875
3 0.13178571428571428 0.782725322265625 0.13571428571428573 0.7762875537109375 0.1360714285714286 0.7666309013671875 0.13357142857142856 0.7612660947265625 0.12964285714285714 0.7612660947265625 0.12178571428571429 0.76877682421875 0.12071428571428572 0.7719957080078125 0.12178571428571429 0.77896995703125 0.12607142857142858 0.783798283203125 0.13178571428571428 0.782725322265625
4 0.060714285714285714 0.7204935625 0.05785714285714286 0.717274677734375 0.04321428571428572 0.7135193134765625 0.043571428571428567 0.71995708203125 0.05 0.726931330078125 0.05714285714285714 0.725321888671875 0.060714285714285714 0.7204935625
4 0.75 0.8540772529296875 0.7582142857142857 0.859978541015625 0.7896428571428572 0.87446351953125 0.8028571428571429 0.8766094423828125 0.8228571428571428 0.8739270390625 0.8392857142857143 0.860515021484375 0.8464285714285714 0.849785408203125 0.8514285714285714 0.8379828330078125 0.8550000000000001 0.81759656640625 0.8542857142857143 0.8041845498046875 0.8510714285714286 0.7859442060546875 0.8421428571428572 0.7666309013671875 0.8267857142857143 0.7467811162109375 0.8174999999999999 0.7290772529296875 0.8099999999999999 0.7226394853515625 0.7996428571428571 0.7188841201171875 0.7867857142857143 0.7204935625 0.7760714285714286 0.73015021484375 0.7721428571428571 0.7424892705078125 0.7682142857142856 0.76877682421875 0.7639285714285714 0.774141630859375 0.744642857142857 0.78916308984375 0.74 0.7988197421875 0.7360714285714286 0.8143776826171875 0.7357142857142857 0.8240343349609375 0.7375 0.8342274677734375 0.7407142857142858 0.842274677734375 0.75 0.8540772529296875
4 0.6124999999999999 0.86534334765625 0.6328571428571429 0.890021458984375 0.66 0.9045064375 0.6771428571428572 0.9071888408203125 0.6853571428571429 0.9061158798828125 0.6967857142857142 0.9012875537109375 0.7067857142857142 0.8943133046875 0.7239285714285714 0.870708154296875 0.7307142857142858 0.8487124462890625 0.7317857142857144 0.8159871240234375 0.7307142857142858 0.806866953125 0.7275 0.7988197421875 0.7196428571428573 0.7907725322265625 0.7135714285714286 0.7902360517578125 0.6932142857142858 0.7966738193359375 0.6814285714285715 0.7956008583984375 0.6739285714285714 0.7907725322265625 0.6667857142857143 0.782725322265625 0.6617857142857143 0.7671673818359375 0.6596428571428571 0.73927038671875 0.6567857142857142 0.7333690986328125 0.6521428571428571 0.729613734375 0.6385714285714286 0.7306866953125 0.6221428571428571 0.7435622314453125 0.6110714285714286 0.759120171875 0.6053571428571429 0.7714592275390625 0.5978571428571429 0.7988197421875 0.5975 0.8143776826171875 0.5989285714285715 0.8293991416015625 0.6053571428571429 0.851931330078125 0.6124999999999999 0.86534334765625