6 0.53964285625 0.43884120156249995 0.53 0.4452789703125 0.5257142854166666 0.4570815453125 0.5235714291666667 0.46995708125 0.5225000000000001 0.47693133125 0.5235714291666667 0.48766094375 0.5310714291666667 0.4957081546875 0.5435714291666667 0.5042918453125 0.55214285625 0.50643776875 0.5542857145833333 0.50536480625 0.56 0.4951716734375 0.56214285625 0.4742489265625 0.5610714291666666 0.45815450625 0.5539285708333334 0.44581545 0.5464285708333333 0.43776824062499997 0.53964285625 0.43884120156249995
6 0.5032142854166667 0.6056866953125 0.4975 0.6121244640625 0.49428571458333337 0.6228540765624999 0.49428571458333337 0.6437768234375 0.4975 0.6555793984375 0.505 0.6722102999999999 0.51214285625 0.6765021453125 0.52285714375 0.6775751078125001 0.525 0.6759656656249999 0.54464285625 0.6410944203125 0.5432142854166667 0.6266094421874999 0.5399999999999999 0.61373390625 0.52964285625 0.60085836875 0.5239285708333333 0.6003218890625 0.5032142854166667 0.6056866953125
6 0.3514285708333333 0.6888412015625 0.34535714375000004 0.69581545 0.33892857083333333 0.71995708125 0.33857142916666666 0.723712446875 0.35571428541666666 0.7660944203125 0.37035714375 0.7660944203125 0.38 0.758583690625 0.38678571458333333 0.7478540765624999 0.39107142916666665 0.7274678109375 0.3914285708333333 0.7097639484375 0.38678571458333333 0.69635193125 0.38 0.6883047203125 0.3732142854166666 0.6856223171875 0.35571428541666666 0.6866952796875 0.3514285708333333 0.6888412015625
4 0.37714285625 0.5048283265625 0.37035714375 0.5080472109375 0.3 0.5901287546875 0.29750000000000004 0.5965665234374999 0.29750000000000004 0.6030042921875001 0.3 0.6089055796875 0.32107142916666664 0.6228540765624999 0.33964285625 0.63036480625 0.34535714375000004 0.6309012875 0.35214285625 0.627682403125 0.365 0.6051502140625 0.3732142854166666 0.57725321875 0.38285714375 0.532725321875 0.3842857145833333 0.52306866875 0.38357142916666664 0.511802575 0.37714285625 0.5048283265625
4 0.4507142854166667 0.354613734375 0.44607142916666664 0.35193133125 0.4425 0.3524678109375 0.4392857145833334 0.3556866953125 0.4375 0.36266094375 0.4389285708333333 0.3889484984375 0.4442857145833334 0.42328326250000003 0.4489285708333333 0.43240343281250004 0.4582142854166667 0.43991416250000004 0.47 0.4442060078125 0.49714285625 0.443133046875 0.5260714291666667 0.43562231718750005 0.5325 0.43133047187500007 0.5342857145833333 0.4275751078125 0.5339285708333333 0.41684549375 0.53035714375 0.41094420625000005 0.4507142854166667 0.354613734375
4 0.4632142854166667 0.660407725 0.4582142854166667 0.667381975 0.44928571458333333 0.6920600859375 0.4417857145833333 0.7226394843749999 0.4417857145833333 0.7339055796875 0.44535714375 0.74356223125 0.45571428541666664 0.759656653125 0.47035714375000004 0.7757510734374999 0.5010714291666667 0.799892703125 0.51 0.8009656656249999 0.515 0.7966738203125 0.5164285708333334 0.78594420625 0.5142857145833334 0.7773605156250001 0.47035714375000004 0.66094420625 0.4675 0.6593347640625 0.4632142854166667 0.660407725
7 0.33892857083333333 0.8084763953125 0.33928571458333334 0.799892703125 0.33642857083333333 0.7864806859375 0.33535714375 0.741416309375 0.33357142916666666 0.7333690984375 0.32785714375 0.7221030046875 0.31214285625000004 0.717811159375 0.30214285625 0.7188841203125 0.29821428541666667 0.7306866953125 0.3014285708333333 0.7575107296875 0.29964285625000003 0.7746781109375 0.29964285625000003 0.794527896875 0.2910714291666666 0.8492489265625001 0.29142857083333334 0.8589055796875 0.29714285625 0.8648068671875 0.315 0.8690987124999999 0.32464285625 0.86963519375 0.33464285625 0.866416309375 0.34178571458333334 0.85783261875 0.34357142916666666 0.842274678125 0.33892857083333333 0.8084763953125
3 0.26928571458333334 0.41469957031250004 0.26178571458333333 0.4216738203125 0.26107142916666665 0.42650214531249997 0.26214285625 0.4307939921875 0.26785714374999997 0.43991416250000004 0.27214285625 0.4538626609375 0.27928571458333334 0.4543991421875 0.28464285624999996 0.449034334375 0.29035714375 0.42650214531249997 0.29 0.4222103 0.2875 0.4179184546875 0.28 0.41201716718750003 0.275 0.41201716718750003 0.26928571458333334 0.41469957031250004
0 0.6542857145833333 0.40933476406249997 0.6717857145833332 0.38626609375 0.67285714375 0.3798283265625 0.6689285708333333 0.37660944218750003 0.66214285625 0.3787553640625 0.6507142854166666 0.3937768234375 0.64785714375 0.4007510734375 0.64714285625 0.4045064375 0.6489285708333333 0.40933476406249997 0.6542857145833333 0.40933476406249997
2 0.6917857145833334 0.6330472109375 0.7042857145833333 0.634120171875 0.7107142854166667 0.6266094421874999 0.7121428562500001 0.6217811156249999 0.7114285708333333 0.598712446875 0.7100000000000001 0.5954935625 0.7067857145833333 0.5992489265625001 0.7007142854166666 0.616416309375 0.6907142854166667 0.6298283265625 0.6917857145833334 0.6330472109375
3 0.22071428541666668 0.68454935625 0.21678571458333332 0.6850858375 0.21321428541666665 0.6925965671875 0.21428571458333331 0.7027897000000001 0.2210714291666667 0.7070815453125 0.22357142916666667 0.7017167375 0.22428571458333335 0.6883047203125 0.22071428541666668 0.68454935625
2 0.5732142854166666 0.9704935625 0.57214285625 0.964592275 0.5607142854166667 0.9490343343750001 0.5575 0.949570815625 0.55535714375 0.956008584375 0.55535714375 0.9624463515624999 0.5610714291666666 0.973712446875 0.5678571437500001 0.97585836875 0.5732142854166666 0.9704935625
2 0.7553571437500001 0.990343346875 0.76035714375 0.990879828125 0.76535714375 0.9881974250000001 0.76964285625 0.97693133125 0.7685714291666667 0.966738196875 0.76535714375 0.9629828328125001 0.76285714375 0.964592275 0.7592857145833333 0.9742489265625001 0.7539285708333333 0.9817596562500001 0.7532142854166667 0.9876609437500001 0.7553571437500001 0.990343346875
10 0.9585714291666666 0.734442059375 0.95714285625 0.723712446875 0.95464285625 0.71995708125 0.94964285625 0.717811159375 0.9389285708333334 0.7188841203125 0.9292857145833333 0.7226394843749999 0.9110714291666666 0.7371244640625 0.8892857145833334 0.7687768234375 0.88 0.792381975 0.87535714375 0.8133047203125001 0.875 0.8283261796874999 0.8792857145833334 0.8412017171875 0.8835714291666666 0.847639484375 0.8939285708333333 0.8551502140625 0.9025 0.8556866953125001 0.9082142854166667 0.8535407718749999 0.91214285625 0.8454935625 0.92035714375 0.815987125 0.93035714375 0.7961373390625 0.9450000000000001 0.759120171875 0.9567857145833333 0.7398068671875 0.9585714291666666 0.734442059375
4 0.6860714291666666 0.5509656656249999 0.68785714375 0.53594420625 0.6889285708333334 0.49463519375000004 0.68785714375 0.4780042921875 0.6821428562499999 0.45225321875 0.6760714291666667 0.4383047203125 0.66785714375 0.424892703125 0.6535714291666667 0.41416309062499995 0.6339285708333333 0.41094420625000005 0.6260714291666667 0.41469957031250004 0.6189285708333333 0.42274678125 0.6157142854166667 0.431866953125 0.615 0.449034334375 0.6174999999999999 0.466738196875 0.6174999999999999 0.48658798281250004 0.6125 0.508583690625 0.60714285625 0.5177038625 0.5975 0.526287553125 0.57714285625 0.5305793984375 0.5725 0.5364806859375 0.57035714375 0.544527896875 0.5700000000000001 0.55954935625 0.5739285708333333 0.579935621875 0.58214285625 0.5981759656250001 0.5917857145833333 0.61266094375 0.60535714375 0.6239270390625 0.6160714291666667 0.6282188843750001 0.63214285625 0.6266094421874999 0.6485714291666667 0.615879828125 0.66785714375 0.5933476390625 0.67535714375 0.5815450640625001 0.6821428562499999 0.565987125 0.6860714291666666 0.5509656656249999
4 0.5596428562500001 0.39699570781250004 0.5639285708333334 0.3937768234375 0.5710714291666666 0.383583690625 0.5785714291666667 0.3669527890625 0.58214285625 0.348175965625 0.5825 0.3267167375 0.5775 0.2725321890625 0.5682142854166667 0.24409871249999998 0.5625 0.23229613750000003 0.5510714291666667 0.2162017171875 0.54214285625 0.20869098749999998 0.5310714291666667 0.2038626609375 0.5157142854166666 0.20225321875 0.5010714291666667 0.206008584375 0.48964285625 0.2124463515625 0.4810714291666667 0.21942060156249998 0.4564285708333333 0.246781115625 0.4489285708333333 0.2607296140625 0.44321428541666663 0.282188840625 0.44285714375 0.2966738203125 0.445 0.30740343281250004 0.45285714375 0.32135193125 0.46642857083333333 0.3320815453125 0.49035714375 0.33261802500000004 0.5025 0.3374463515625 0.51 0.3444206015625 0.5207142854166666 0.35944205937499996 0.5292857145833333 0.3798283265625 0.5399999999999999 0.39484978593750003 0.5464285708333333 0.39860514999999996 0.5596428562500001 0.39699570781250004
2 0.31821428541666663 0.9522532187499999 0.31214285625000004 0.9592274671875 0.3092857145833333 0.967811159375 0.3092857145833333 0.97693133125 0.31214285625000004 0.9865879828124999 0.31464285625 0.990343346875 0.32214285625 0.9951716734374999 0.33107142916666665 0.9957081546875 0.33535714375 0.990879828125 0.3382142854166667 0.9833690984375 0.3375 0.9629828328125001 0.335 0.956008584375 0.33178571458333334 0.9522532187499999 0.32821428541666664 0.9506437765625 0.31821428541666663 0.9522532187499999
4 0.13107142916666667 0.7086909875 0.14285714375 0.7183476390625 0.14714285624999998 0.717811159375 0.16142857083333334 0.7043991421875 0.15892857083333334 0.699570815625 0.14464285625 0.6947424890625 0.13428571458333333 0.6883047203125 0.13214285625 0.69045064375 0.13071428541666666 0.69635193125 0.13 0.7060085843749999 0.13107142916666667 0.7086909875
3 0.12607142916666667 0.7837982828125 0.13178571458333332 0.782725321875 0.1357142854166667 0.776287553125 0.13607142916666665 0.7666309015625 0.13357142916666667 0.76126609375 0.12964285625 0.76126609375 0.12178571458333334 0.7687768234375 0.12071428541666666 0.7719957078124999 0.12178571458333334 0.7789699578125 0.12607142916666667 0.7837982828125
4 0.04321428541666667 0.7135193140625 0.04357142916666667 0.71995708125 0.05 0.72693133125 0.057142856250000006 0.7253218890625 0.060714285416666666 0.7204935625 0.05785714375 0.717274678125 0.04321428541666667 0.7135193140625
4 0.855 0.8175965671875 0.8542857145833334 0.8041845500000001 0.8510714291666667 0.78594420625 0.84214285625 0.7666309015625 0.8267857145833334 0.7467811156249999 0.8175 0.729077253125 0.81 0.7226394843749999 0.79964285625 0.7188841203125 0.7867857145833334 0.7204935625 0.7760714291666667 0.7301502140625 0.77214285625 0.7424892703125 0.7682142854166667 0.7687768234375 0.7639285708333333 0.77414163125 0.7446428562499999 0.789163090625 0.74 0.7988197421875001 0.7360714291666667 0.8143776828125 0.7357142854166666 0.8240343343750001 0.7375 0.8342274671875 0.7407142854166667 0.842274678125 0.75 0.8540772531249999 0.7582142854166667 0.859978540625 0.78964285625 0.8744635187500001 0.80285714375 0.8766094421874999 0.82285714375 0.8739270390625 0.8392857145833333 0.860515021875 0.8464285708333333 0.8497854078125 0.8514285708333333 0.8379828328125001 0.855 0.8175965671875
4 0.7307142854166667 0.848712446875 0.7317857145833333 0.815987125 0.7307142854166667 0.806866953125 0.7274999999999999 0.7988197421875001 0.7196428562499999 0.7907725328125 0.7135714291666667 0.7902360515625 0.6932142854166667 0.7966738203125 0.6814285708333333 0.7956008578125 0.6739285708333332 0.7907725328125 0.6667857145833334 0.782725321875 0.6617857145833334 0.76716738125 0.6596428562500001 0.7392703859374999 0.6567857145833333 0.7333690984375 0.65214285625 0.729613734375 0.6385714291666668 0.7306866953125 0.6221428562500001 0.74356223125 0.6110714291666667 0.759120171875 0.60535714375 0.771459228125 0.59785714375 0.7988197421875001 0.5975 0.8143776828125 0.5989285708333333 0.8293991421875001 0.60535714375 0.85193133125 0.6125 0.865343346875 0.63285714375 0.890021459375 0.66 0.9045064375 0.67714285625 0.907188840625 0.68535714375 0.9061158796875001 0.6967857145833333 0.901287553125 0.7067857145833333 0.8943133046874999 0.7239285708333333 0.8707081546875 0.7307142854166667 0.848712446875