9 0.37109375 0.595703125 0.36588541709183675 0.5986328125 0.36588541709183675 0.60546875 0.39973958290816325 0.5927734375 0.40234375 0.5869140625 0.37109375 0.595703125
9 0.34895833290816325 0.6162109375 0.34635416709183675 0.62109375 0.3515625 0.623046875 0.375 0.611328125 0.36588541709183675 0.609375 0.34895833290816325 0.6162109375
9 0.6341145829081632 0.646484375 0.62890625 0.64453125 0.6015625 0.6552734375 0.6002604170918368 0.6611328125 0.60546875 0.6630859375 0.6341145829081632 0.6513671875 0.6341145829081632 0.646484375
9 0.6940104170918366 0.62890625 0.6953125 0.625 0.6927083329081634 0.62109375 0.6861979170918366 0.6220703125 0.6575520829081634 0.634765625 0.6575520829081634 0.640625 0.6627604170918366 0.640625 0.6940104170918366 0.62890625
9 0.69921875 0.59765625 0.6953125 0.591796875 0.6692708329081634 0.6015625 0.6653645829081634 0.60546875 0.671875 0.609375 0.6966145829081634 0.6025390625 0.69921875 0.59765625
9 0.7018229170918366 0.603515625 0.69140625 0.603515625 0.66796875 0.61328125 0.6666666670918366 0.619140625 0.6705729170918366 0.6201171875 0.6940104170918366 0.6123046875 0.7018229170918366 0.603515625
9 0.8177083329081634 0.4658203125 0.8098958329081634 0.46484375 0.7838541670918366 0.4833984375 0.78515625 0.4892578125 0.79296875 0.48828125 0.8190104170918366 0.4697265625 0.8177083329081634 0.4658203125
9 0.15494791709183675 0.7333984375 0.15234375 0.7373046875 0.15755208290816325 0.7412109375 0.171875 0.7265625 0.171875 0.716796875 0.15494791709183675 0.7333984375
9 0.40885416709183675 0.4453125 0.40364583290816325 0.44140625 0.38151041709183675 0.4501953125 0.37760416709183675 0.453125 0.3828125 0.4580078125 0.40625 0.4501953125 0.40885416709183675 0.4453125
9 0.6705729170918366 0.3037109375 0.6640625 0.2998046875 0.66015625 0.3017578125 0.6223958329081632 0.3310546875 0.6236979170918368 0.3359375 0.62890625 0.3359375 0.6705729170918366 0.3037109375
9 0.7486979170918366 0.3251953125 0.7473958329081634 0.3310546875 0.7513020829081634 0.3310546875 0.7721354170918366 0.3095703125 0.765625 0.3076171875 0.7486979170918366 0.3251953125
9 0.2942708329081633 0.306640625 0.29296875 0.3125 0.296875 0.3134765625 0.32682291709183675 0.302734375 0.32421875 0.2939453125 0.2942708329081633 0.306640625
9 0.3138020829081633 0.267578125 0.3046875 0.2685546875 0.28125 0.28125 0.28125 0.2861328125 0.2877604170918367 0.2861328125 0.3138020829081633 0.2724609375 0.3138020829081633 0.267578125
9 0.06901041709183674 0.455078125 0.06770833290816326 0.4599609375 0.07421875 0.4619140625 0.08463541709183674 0.4423828125 0.078125 0.443359375 0.06901041709183674 0.455078125
9 0.15494791709183675 0.7333984375 0.15234375 0.7373046875 0.15755208290816325 0.7412109375 0.171875 0.7265625 0.171875 0.716796875 0.15494791709183675 0.7333984375
9 0.14192708290816325 0.59765625 0.1328125 0.59375 0.1171875 0.6015625 0.11328125 0.6064453125 0.11848958290816326 0.6171875 0.14192708290816325 0.6025390625 0.14192708290816325 0.59765625
9 0.13541666709183675 0.58203125 0.13541666709183675 0.578125 0.11848958290816326 0.5859375 0.11458333290816326 0.5947265625 0.13541666709183675 0.58203125
11 0.16015625 0.7138671875 0.17708333290816328 0.7255859375 0.30078125 0.7939453125 0.3072916670918367 0.79296875 0.35416666709183675 0.73828125 0.3359375 0.7236328125 0.21223958290816328 0.658203125 0.20572916709183672 0.6591796875 0.16145833290816325 0.7099609375 0.16015625 0.7138671875
11 0.018229167091836734 0.642578125 0.0013020829081632655 0.6474609375 0 0.783203125 0.109375 0.7880859375 0.11588541709183674 0.73046875 0.11848958290816326 0.6259765625 0.10807291709183674 0.623046875 0.05598958290816327 0.6240234375 0.04036458290816326 0.62890625 0.04427083290816327 0.63671875 0.03255208290816326 0.6474609375 0.018229167091836734 0.642578125
11 0.8515625 0.744140625 0.8580729170918366 0.75 0.9986979170918366 0.7822265625 0.9986979170918366 0.6884765625 0.8177083329081634 0.6484375 0.8098958329081634 0.6484375 0.8098958329081634 0.65625 0.8515625 0.744140625
8 0.7122395829081634 0.236328125 0.6888020829081634 0.2353515625 0.6731770829081634 0.2392578125 0.6575520829081634 0.248046875 0.6471354170918368 0.263671875 0.6458333329081632 0.275390625 0.6536458329081634 0.291015625 0.6731770829081634 0.3037109375 0.6861979170918366 0.306640625 0.7018229170918366 0.306640625 0.7252604170918366 0.2998046875 0.74609375 0.279296875 0.7434895829081634 0.2548828125 0.73046875 0.2431640625 0.7122395829081634 0.236328125
3 0.8203125 0.4677734375 0.8346354170918366 0.470703125 0.8658854170918366 0.462890625 0.8645833329081634 0.4453125 0.85546875 0.4267578125 0.8359375 0.423828125 0.8098958329081634 0.4345703125 0.8059895829081634 0.4462890625 0.8203125 0.4677734375
3 0.87890625 0.552734375 0.89453125 0.568359375 0.9166666670918366 0.5673828125 0.9283854170918366 0.5615234375 0.9348958329081634 0.5458984375 0.93359375 0.53515625 0.9270833329081634 0.5322265625 0.90234375 0.533203125 0.8828125 0.5390625 0.87890625 0.552734375
3 0.84375 0.525390625 0.8528645829081634 0.5263671875 0.8645833329081634 0.51953125 0.8671875 0.5078125 0.8606770829081634 0.5029296875 0.84765625 0.498046875 0.8359375 0.5048828125 0.8346354170918366 0.5166015625 0.84375 0.525390625
3 0.87109375 0.5048828125 0.87890625 0.4970703125 0.8776041670918366 0.4921875 0.859375 0.482421875 0.8489583329081634 0.4833984375 0.84765625 0.4912109375 0.8541666670918366 0.5 0.87109375 0.5048828125
0 0.8997395829081634 0.5048828125 0.9114583329081634 0.5029296875 0.91796875 0.4951171875 0.91796875 0.4853515625 0.9127604170918366 0.48046875 0.9036458329081634 0.48046875 0.8893229170918366 0.490234375 0.8893229170918366 0.501953125 0.8997395829081634 0.5048828125
1 0.9049479170918366 0.4716796875 0.9114583329081634 0.4501953125 0.8854166670918366 0.451171875 0.890625 0.4658203125 0.9049479170918366 0.4716796875
1 0.8216145829081634 0.40625 0.8216145829081634 0.39453125 0.7981770829081634 0.3955078125 0.7955729170918366 0.400390625 0.8033854170918366 0.4140625 0.8151041670918366 0.4169921875 0.8216145829081634 0.40625
1 0.7682291670918366 0.326171875 0.7734375 0.3408203125 0.7864583329081634 0.345703125 0.7916666670918366 0.337890625 0.7916666670918366 0.32421875 0.7682291670918366 0.326171875
1 0.36588541709183675 0.4267578125 0.37369791709183675 0.40625 0.3515625 0.40625 0.35416666709183675 0.4208984375 0.36588541709183675 0.4267578125
1 0.38541666709183675 0.3486328125 0.3828125 0.3525390625 0.38932291709183675 0.365234375 0.40104166709183675 0.369140625 0.40755208290816325 0.3486328125 0.38541666709183675 0.3486328125
1 0.19661458290816328 0.3671875 0.20703125 0.34765625 0.18489583290816328 0.3466796875 0.1875 0.3623046875 0.19661458290816328 0.3671875
3 0.40234375 0.427734375 0.41145833290816325 0.4443359375 0.43098958290816325 0.4482421875 0.47265625 0.4384765625 0.48828125 0.42578125 0.484375 0.40625 0.45572916709183675 0.3896484375 0.42578125 0.3935546875 0.40364583290816325 0.4169921875 0.40234375 0.427734375
3 0.41145833290816325 0.447265625 0.41276041709183675 0.4609375 0.42447916709183675 0.462890625 0.4296875 0.4580078125 0.42838541709183675 0.4521484375 0.41145833290816325 0.447265625
3 0.49088541709183675 0.48828125 0.484375 0.4833984375 0.46875 0.4873046875 0.46744791709183675 0.498046875 0.4765625 0.5048828125 0.48567708290816325 0.50390625 0.49088541709183675 0.48828125
3 0.47265625 0.51953125 0.4765625 0.5078125 0.47005208290816325 0.5009765625 0.45963541709183675 0.4990234375 0.44661458290816325 0.5048828125 0.45052083290816325 0.5185546875 0.45963541709183675 0.5224609375 0.47265625 0.51953125
3 0.45833333290816325 0.5224609375 0.45182291709183675 0.5205078125 0.44010416709183675 0.525390625 0.43880208290816325 0.533203125 0.44661458290816325 0.5400390625 0.4609375 0.537109375 0.45833333290816325 0.5224609375
3 0.33984375 0.6298828125 0.34635416709183675 0.623046875 0.34635416709183675 0.6123046875 0.33723958290816325 0.60546875 0.3190104170918367 0.6103515625 0.3177083329081633 0.6259765625 0.32682291709183675 0.630859375 0.33984375 0.6298828125
3 0.36067708290816325 0.5966796875 0.34895833290816325 0.59375 0.34244791709183675 0.59765625 0.34375 0.6083984375 0.3515625 0.6123046875 0.35807291709183675 0.6103515625 0.36067708290816325 0.5966796875
7 0.53515625 0.5185546875 0.53125 0.51171875 0.51953125 0.505859375 0.5078125 0.5078125 0.5013020829081632 0.513671875 0.5 0.5234375 0.51171875 0.548828125 0.5208333329081632 0.5869140625 0.5247395829081632 0.6337890625 0.53515625 0.642578125 0.5481770829081632 0.6435546875 0.5559895829081632 0.638671875 0.5598958329081632 0.6259765625 0.5403645829081632 0.572265625 0.53515625 0.5185546875
7 0.5455729170918368 0.56640625 0.5755208329081632 0.697265625 0.5859375 0.70703125 0.59765625 0.708984375 0.6067708329081632 0.7041015625 0.6106770829081632 0.6904296875 0.5885416670918368 0.6357421875 0.5807291670918368 0.5810546875 0.5677083329081632 0.5625 0.5559895829081632 0.560546875 0.5455729170918368 0.56640625
7 0.5260416670918368 0.6611328125 0.5 0.7158203125 0.46614583290816325 0.7587890625 0.46484375 0.7724609375 0.47135416709183675 0.7802734375 0.48177083290816325 0.783203125 0.5013020829081632 0.7763671875 0.52734375 0.7275390625 0.5677083329081632 0.6748046875 0.5690104170918368 0.6611328125 0.5611979170918368 0.65234375 0.5455729170918368 0.6513671875 0.5260416670918368 0.6611328125
7 0.203125 0.505859375 0.1953125 0.505859375 0.18489583290816328 0.5126953125 0.18489583290816328 0.5263671875 0.20963541709183672 0.5517578125 0.24088541709183672 0.5986328125 0.2630208329081633 0.6181640625 0.2799479170918367 0.62109375 0.2890625 0.61328125 0.2877604170918367 0.6025390625 0.234375 0.5498046875 0.21875 0.5146484375 0.203125 0.505859375
7 0.17708333290816328 0.4111328125 0.17838541709183672 0.4267578125 0.21484375 0.482421875 0.22786458290816328 0.5322265625 0.24088541709183672 0.544921875 0.2552083329081633 0.546875 0.2630208329081633 0.5400390625 0.26171875 0.52734375 0.20442708290816328 0.41796875 0.19270833290816328 0.4072265625 0.17708333290816328 0.4111328125
4 0.32421875 0.513671875 0.32421875 0.5244140625 0.33072916709183675 0.529296875 0.34244791709183675 0.529296875 0.40885416709183675 0.50390625 0.4140625 0.4990234375 0.41276041709183675 0.4921875 0.39713541709183675 0.484375 0.37239583290816325 0.486328125 0.34375 0.4970703125 0.32421875 0.513671875
4 0.3671875 0.314453125 0.34635416709183675 0.3115234375 0.30078125 0.3212890625 0.2734375 0.322265625 0.26171875 0.328125 0.2604166670918367 0.3408203125 0.26953125 0.3466796875 0.2838541670918367 0.3486328125 0.3359375 0.3349609375 0.37630208290816325 0.333984375 0.41536458290816325 0.3388671875 0.4296875 0.3310546875 0.43098958290816325 0.3203125 0.42057291709183675 0.3125 0.3671875 0.314453125
4 0.328125 0.287109375 0.32682291709183675 0.2939453125 0.33463541709183675 0.3037109375 0.37109375 0.3134765625 0.38671875 0.3115234375 0.42057291709183675 0.2919921875 0.41927083290816325 0.28125 0.41145833290816325 0.275390625 0.36328125 0.2744140625 0.33333333290816325 0.2822265625 0.328125 0.287109375
4 0.21744791709183672 0.4228515625 0.23177083290816328 0.4287109375 0.25390625 0.4306640625 0.2669270829081633 0.4248046875 0.2682291670918367 0.4150390625 0.22005208290816328 0.3828125 0.20442708290816328 0.390625 0.20442708290816328 0.4052734375 0.21744791709183672 0.4228515625
3 0.7786458329081634 0.310546875 0.8138020829081634 0.3076171875 0.82421875 0.2998046875 0.8216145829081634 0.2880859375 0.8098958329081634 0.2783203125 0.7825520829081634 0.2802734375 0.7643229170918366 0.29296875 0.7643229170918366 0.3046875 0.7786458329081634 0.310546875
3 0.66796875 0.3740234375 0.6966145829081634 0.3759765625 0.7057291670918366 0.37109375 0.70703125 0.361328125 0.6888020829081634 0.3447265625 0.6692708329081634 0.341796875 0.6575520829081634 0.3486328125 0.65625 0.3623046875 0.66796875 0.3740234375
10 0.5794270829081632 0.470703125 0.6015625 0.46875 0.6158854170918368 0.4580078125 0.61328125 0.447265625 0.5950520829081632 0.4384765625 0.578125 0.4423828125 0.5598958329081632 0.453125 0.5598958329081632 0.4619140625 0.5794270829081632 0.470703125
10 0.64453125 0.462890625 0.63671875 0.4501953125 0.6184895829081632 0.455078125 0.6171875 0.4619140625 0.6263020829081632 0.4677734375 0.63671875 0.46875 0.64453125 0.462890625
4 0.6795481772959183 0.401314453125 0.7081940102040817 0.402291015625 0.7407460931122449 0.405220703125 0.7433502602040817 0.393501953125 0.7355377602040817 0.382759765625 0.6717356772959183 0.375923828125 0.6535065102040817 0.380806640625 0.6548085931122449 0.392525390625 0.6795481772959183 0.401314453125
3 0.7161458329081634 0.404296875 0.7135416670918366 0.4130859375 0.71875 0.4189453125 0.7421875 0.41796875 0.73828125 0.4052734375 0.7161458329081634 0.404296875
4 0.7838541670918366 0.5712890625 0.796875 0.5439453125 0.7994791670918366 0.525390625 0.7369791670918366 0.5126953125 0.7291666670918366 0.52734375 0.72265625 0.5595703125 0.7747395829081634 0.572265625 0.7838541670918366 0.5712890625
4 0.7926484375 0.5732490234375 0.7861380204081633 0.5732490234375 0.7822317704081633 0.5781318359375 0.7744192704081633 0.6015693359375 0.8173880204081633 0.6123115234375 0.8265026045918367 0.5810615234375 0.7926484375 0.5732490234375
4 0.80859375 0.6357421875 0.8098958329081634 0.646484375 0.8502604170918366 0.6533203125 0.8606770829081634 0.6220703125 0.8203125 0.61328125 0.80859375 0.6357421875
10 0.6380208329081632 0.66796875 0.63671875 0.6796875 0.6432291670918368 0.685546875 0.7434895829081634 0.7109375 0.77734375 0.7119140625 0.7864583329081634 0.693359375 0.76171875 0.66796875 0.703125 0.646484375 0.6888020829081634 0.646484375 0.6640625 0.654296875 0.6380208329081632 0.66796875
10 0.6848958329081634 0.6953125 0.64453125 0.693359375 0.6184895829081632 0.7041015625 0.609375 0.712890625 0.6080729170918368 0.7236328125 0.61328125 0.7314453125 0.6666666670918366 0.748046875 0.703125 0.75 0.7265625 0.74609375 0.7395833329081634 0.7509765625 0.7552083329081634 0.748046875 0.7552083329081634 0.736328125 0.7434895829081634 0.7158203125 0.6848958329081634 0.6953125
3 0.34244791709183675 0.2724609375 0.35807291709183675 0.26171875 0.33984375 0.2568359375 0.32682291709183675 0.2568359375 0.31640625 0.26171875 0.3151041670918367 0.2685546875 0.32682291709183675 0.2734375 0.34244791709183675 0.2724609375
3 0.2578125 0.2890625 0.23567708290816328 0.2783203125 0.23046875 0.2802734375 0.22916666709183672 0.3037109375 0.234375 0.3017578125 0.2643229170918367 0.310546875 0.2578125 0.2890625
3 0.265625 0.32421875 0.2630208329081633 0.314453125 0.24479166709183672 0.3037109375 0.23046875 0.3037109375 0.2265625 0.3076171875 0.22786458290816328 0.3212890625 0.25390625 0.330078125 0.265625 0.32421875
6 0.0859375 0.466796875 0.09505208290816326 0.478515625 0.11458333290816326 0.482421875 0.13411458290816325 0.4716796875 0.140625 0.4599609375 0.140625 0.44140625 0.12890625 0.4296875 0.10286458290816326 0.4306640625 0.0859375 0.4482421875 0.0859375 0.466796875
6 0.10026041709183674 0.3623046875 0.08072916709183674 0.375 0.07421875 0.384765625 0.07421875 0.40625 0.08333333290816326 0.4208984375 0.09375 0.4267578125 0.1171875 0.42578125 0.140625 0.408203125 0.14583333290816325 0.3798828125 0.140625 0.369140625 0.12890625 0.361328125 0.11067708290816326 0.359375 0.10026041709183674 0.3623046875
2 0.06901041709183674 0.6796875 0.06770833290816326 0.6865234375 0.07291666709183674 0.689453125 0.0859375 0.6826171875 0.08072916709183674 0.67578125 0.06901041709183674 0.6796875
2 0.07291666709183674 0.6943359375 0.06640625 0.6865234375 0.0546875 0.69140625 0.05729166709183673 0.7001953125 0.07291666709183674 0.6943359375
2 0.45572916709183675 0.68359375 0.46223958290816325 0.6767578125 0.4609375 0.6708984375 0.45442708290816325 0.6669921875 0.4453125 0.66796875 0.44010416709183675 0.6787109375 0.44661458290816325 0.68359375 0.45572916709183675 0.68359375
2 0.49739583290816325 0.6494140625 0.5 0.642578125 0.49479166709183675 0.6357421875 0.48307291709183675 0.634765625 0.47786458290816325 0.638671875 0.4765625 0.64453125 0.48307291709183675 0.6513671875 0.49739583290816325 0.6494140625
2 0.53515625 0.6435546875 0.5260416670918368 0.6396484375 0.51953125 0.6435546875 0.5208333329081632 0.654296875 0.53125 0.6552734375 0.5364583329081632 0.650390625 0.53515625 0.6435546875
2 0.48307291709183675 0.7197265625 0.47786458290816325 0.71484375 0.46484375 0.716796875 0.46354166709183675 0.7236328125 0.46875 0.728515625 0.48046875 0.7265625 0.48307291709183675 0.7197265625
2 0.40755208290816325 0.78125 0.42057291709183675 0.7822265625 0.4296875 0.77734375 0.43229166709183675 0.765625 0.42447916709183675 0.7578125 0.41276041709183675 0.7568359375 0.40234375 0.7607421875 0.39973958290816325 0.7744140625 0.40755208290816325 0.78125
3 0.08854166709183674 0.49609375 0.09114583290816326 0.5078125 0.1015625 0.5107421875 0.11848958290816326 0.494140625 0.11197916709183674 0.4912109375 0.08854166709183674 0.49609375
3 0.09765625 0.5126953125 0.09244791709183674 0.5107421875 0.07682291709183674 0.5126953125 0.07682291709183674 0.521484375 0.08854166709183674 0.5224609375 0.09765625 0.5185546875 0.09765625 0.5126953125
3 0.08854166709183674 0.5283203125 0.08072916709183674 0.5224609375 0.05859375 0.5244140625 0.05859375 0.533203125 0.06640625 0.5380859375 0.07942708290816326 0.5361328125 0.08854166709183674 0.5283203125
3 0.06380208290816326 0.474609375 0.07291666709183674 0.466796875 0.07291666709183674 0.462890625 0.05598958290816327 0.4560546875 0.04557291709183673 0.46484375 0.04427083290816327 0.47265625 0.05598958290816327 0.474609375 0.06380208290816326 0.474609375
3 0.05989583290816327 0.4755859375 0.04296875 0.4736328125 0.03515625 0.4765625 0.03645833290816326 0.484375 0.05338541709183673 0.484375 0.06119791709183673 0.48046875 0.05989583290816327 0.4755859375
4 0.34505208290816325 0.47265625 0.33072916709183675 0.443359375 0.2734375 0.4619140625 0.2903645829081633 0.4892578125 0.34505208290816325 0.47265625
0 0.2981770829081633 0.6337890625 0.3111979170918367 0.62109375 0.3098958329081633 0.6123046875 0.2994791670918367 0.6123046875 0.2786458329081633 0.6259765625 0.2747395829081633 0.62890625 0.27734375 0.634765625 0.2981770829081633 0.6337890625
0 0.203125 0.6142578125 0.18098958290816328 0.6025390625 0.17447916709183672 0.6044921875 0.17447916709183672 0.6142578125 0.18229166709183672 0.62109375 0.203125 0.6220703125 0.203125 0.6142578125
2 0.91796875 0.7255859375 0.9049479170918366 0.7353515625 0.9049479170918366 0.740234375 0.921875 0.7431640625 0.9322916670918366 0.7314453125 0.91796875 0.7255859375
2 0.9088541670918366 0.73046875 0.90234375 0.72265625 0.8932291670918366 0.724609375 0.8958333329081634 0.732421875 0.9088541670918366 0.73046875
4 0.7513020829081634 0.796875 0.78515625 0.802734375 0.8359375 0.7998046875 0.8307291670918366 0.7861328125 0.7604166670918366 0.7666015625 0.7252604170918366 0.7490234375 0.7083333329081634 0.7509765625 0.7122395829081634 0.7646484375 0.7513020829081634 0.796875
3 0.7018229170918366 0.5888671875 0.7005208329081634 0.5966796875 0.7083333329081634 0.61328125 0.7239583329081634 0.6162109375 0.7552083329081634 0.60546875 0.7682291670918366 0.595703125 0.7760416670918366 0.578125 0.765625 0.572265625 0.7291666670918366 0.568359375 0.7174479170918366 0.5732421875 0.7018229170918366 0.5888671875
3 0.76953125 0.6337890625 0.7760416670918366 0.61328125 0.7721354170918366 0.6083984375 0.7669270829081634 0.609375 0.7252604170918366 0.623046875 0.7291666670918366 0.6337890625 0.7578125 0.6396484375 0.76953125 0.6337890625
0 0.7161458329081634 0.6298828125 0.7135416670918366 0.6220703125 0.6966145829081634 0.6142578125 0.6953125 0.6240234375 0.7161458329081634 0.6298828125
0 0.65234375 0.5888671875 0.6575520829081634 0.5966796875 0.671875 0.595703125 0.6770833329081634 0.591796875 0.6705729170918366 0.5869140625 0.65234375 0.5888671875
0 0.7591145829081634 0.5390625 0.7591145829081634 0.544921875 0.7747395829081634 0.5458984375 0.7838541670918366 0.53515625 0.7747395829081634 0.53125 0.7591145829081634 0.5390625