6 0.123 0.56 0.103 0.5506666669921875 0.09300000000000001 0.556 0.06899999999999999 0.588 0.061 0.6026666669921875 0.058 0.62 0.057 0.644 0.062 0.6653333330078125 0.079 0.6853333330078125 0.10099999999999999 0.692 0.124 0.6813333330078125 0.141 0.6626666669921875 0.148 0.64 0.149 0.604 0.139 0.58 0.123 0.56
6 0.244 0.5786666669921875 0.231 0.5586666669921875 0.212 0.5426666669921875 0.19599999999999998 0.5453333330078125 0.17200000000000001 0.58 0.16 0.6093333330078124 0.159 0.632 0.16399999999999998 0.656 0.17200000000000001 0.6693333330078125 0.195 0.684 0.212 0.6826666669921875 0.231 0.6706666669921875 0.24200000000000002 0.6546666669921875 0.249 0.6306666669921875 0.249 0.596 0.244 0.5786666669921875
6 0.33599999999999997 0.5746666669921875 0.319 0.544 0.303 0.5373333330078125 0.293 0.5373333330078125 0.28400000000000003 0.544 0.273 0.5573333330078125 0.262 0.5933333330078125 0.261 0.6293333330078125 0.265 0.6533333330078125 0.27899999999999997 0.6773333330078125 0.29000000000000004 0.6853333330078125 0.306 0.6853333330078125 0.318 0.6786666669921875 0.331 0.6613333330078125 0.34199999999999997 0.6306666669921875 0.34299999999999997 0.6013333330078126 0.33599999999999997 0.5746666669921875
6 0.42100000000000004 0.56 0.41 0.5413333330078125 0.39699999999999996 0.532 0.374 0.5346666669921875 0.36 0.5573333330078125 0.35300000000000004 0.5826666669921875 0.35100000000000003 0.6226666669921875 0.356 0.644 0.369 0.6706666669921875 0.383 0.6813333330078125 0.395 0.6826666669921875 0.40800000000000003 0.6773333330078125 0.42200000000000004 0.6613333330078125 0.432 0.6333333330078125 0.433 0.596 0.42100000000000004 0.56
6 0.506 0.5213333330078125 0.47600000000000003 0.524 0.462 0.5426666669921875 0.44699999999999995 0.5893333330078125 0.448 0.628 0.45999999999999996 0.6533333330078125 0.47700000000000004 0.6693333330078125 0.506 0.6706666669921875 0.521 0.66 0.533 0.6426666669921876 0.539 0.6093333330078124 0.5369999999999999 0.576 0.529 0.5493333330078125 0.506 0.5213333330078125
6 0.62 0.528 0.605 0.5186666669921876 0.5810000000000001 0.5226666669921874 0.569 0.5333333330078125 0.5569999999999999 0.556 0.561 0.6133333330078125 0.577 0.6533333330078125 0.591 0.6693333330078125 0.603 0.6746666669921875 0.624 0.6666666669921875 0.64 0.6386666669921875 0.646 0.6146666669921875 0.646 0.572 0.642 0.556 0.62 0.528
6 0.7300000000000001 0.5386666669921875 0.715 0.5266666669921874 0.697 0.5266666669921874 0.68 0.5426666669921875 0.6699999999999999 0.5693333330078125 0.6699999999999999 0.6266666669921875 0.678 0.648 0.6890000000000001 0.6626666669921875 0.707 0.6773333330078125 0.7300000000000001 0.6786666669921875 0.752 0.6613333330078125 0.761 0.6386666669921875 0.761 0.6013333330078126 0.752 0.572 0.7300000000000001 0.5386666669921875
6 0.791 0.5266666669921874 0.78 0.5346666669921875 0.771 0.552 0.7689999999999999 0.5853333330078125 0.785 0.6453333330078125 0.806 0.672 0.8300000000000001 0.6693333330078125 0.839 0.648 0.8430000000000001 0.6066666669921875 0.8410000000000001 0.5826666669921875 0.826 0.544 0.8099999999999999 0.528 0.791 0.5266666669921874
6 0.9 0.528 0.877 0.5226666669921874 0.862 0.536 0.8570000000000001 0.5533333330078125 0.862 0.6106666669921875 0.8799999999999999 0.6506666669921874 0.899 0.6693333330078125 0.914 0.6693333330078125 0.9219999999999999 0.664 0.931 0.6373333330078125 0.9319999999999999 0.6053333330078124 0.928 0.5773333330078125 0.916 0.548 0.9 0.528
6 0.8109999999999999 0.712 0.791 0.7013333330078125 0.7689999999999999 0.7066666669921875 0.758 0.7266666669921875 0.759 0.7853333330078125 0.772 0.824 0.793 0.8546666669921875 0.802 0.8586666669921875 0.8170000000000001 0.856 0.8290000000000001 0.832 0.833 0.7986666669921875 0.8310000000000001 0.756 0.821 0.728 0.8109999999999999 0.712
6 0.6569999999999999 0.6973333330078125 0.645 0.708 0.637 0.7373333330078125 0.637 0.7746666669921874 0.651 0.8173333330078125 0.6729999999999999 0.848 0.697 0.8493333330078126 0.709 0.828 0.714 0.7906666669921875 0.709 0.744 0.699 0.716 0.6839999999999999 0.7 0.6569999999999999 0.6973333330078125
6 0.569 0.7133333330078125 0.5519999999999999 0.704 0.536 0.7106666669921875 0.521 0.736 0.52 0.788 0.532 0.8293333330078125 0.5449999999999999 0.852 0.563 0.8546666669921875 0.577 0.848 0.5880000000000001 0.8186666669921875 0.591 0.7986666669921875 0.5880000000000001 0.7573333330078125 0.579 0.7293333330078124 0.569 0.7133333330078125
6 0.427 0.7226666669921875 0.41400000000000003 0.732 0.40399999999999997 0.7573333330078125 0.403 0.804 0.416 0.848 0.43399999999999994 0.868 0.456 0.864 0.46599999999999997 0.8493333330078126 0.475 0.8133333330078125 0.475 0.776 0.46599999999999997 0.744 0.443 0.7213333330078125 0.427 0.7226666669921875
6 0.311 0.728 0.298 0.7386666669921875 0.282 0.7733333330078125 0.281 0.8173333330078125 0.296 0.8666666669921875 0.311 0.8773333330078125 0.333 0.872 0.35 0.8386666669921875 0.35300000000000004 0.8133333330078125 0.35300000000000004 0.7866666669921875 0.34400000000000003 0.752 0.333 0.736 0.311 0.728
6 0.213 0.7426666669921875 0.2 0.764 0.195 0.7853333330078125 0.19599999999999998 0.8173333330078125 0.20299999999999999 0.84 0.215 0.8506666669921875 0.22699999999999998 0.8493333330078126 0.23500000000000001 0.84 0.247 0.8106666669921875 0.248 0.7773333330078125 0.243 0.7506666669921875 0.232 0.7386666669921875 0.213 0.7426666669921875
6 0.5680000000000001 0.4013333330078125 0.5519999999999999 0.3973333330078125 0.529 0.4 0.514 0.4133333330078125 0.508 0.428 0.507 0.4466666669921875 0.513 0.4693333330078125 0.527 0.492 0.54 0.5026666669921875 0.553 0.504 0.564 0.4986666669921875 0.5810000000000001 0.4733333330078125 0.586 0.4386666669921875 0.5800000000000001 0.4173333330078125 0.5680000000000001 0.4013333330078125
6 0.634 0.4053333330078125 0.619 0.4133333330078125 0.611 0.428 0.611 0.464 0.62 0.4853333330078125 0.635 0.504 0.644 0.5093333330078125 0.661 0.508 0.6819999999999999 0.48 0.6849999999999999 0.4413333330078125 0.6689999999999999 0.4106666669921875 0.653 0.404 0.634 0.4053333330078125
6 0.7549999999999999 0.3906666669921875 0.737 0.3906666669921875 0.7190000000000001 0.3986666669921875 0.707 0.4186666669921875 0.7050000000000001 0.444 0.723 0.492 0.7440000000000001 0.52 0.7549999999999999 0.5226666669921874 0.763 0.5186666669921876 0.7809999999999999 0.4893333330078125 0.789 0.46 0.788 0.4266666669921875 0.777 0.4026666669921875 0.7549999999999999 0.3906666669921875
6 0.8079999999999999 0.396 0.7979999999999999 0.4146666669921875 0.7979999999999999 0.4413333330078125 0.8150000000000001 0.4946666669921875 0.837 0.5186666669921876 0.8550000000000001 0.5133333330078125 0.875 0.4706666669921875 0.8809999999999999 0.4373333330078125 0.876 0.4106666669921875 0.861 0.3946666669921875 0.8280000000000001 0.388 0.8079999999999999 0.396
5 0.8170000000000001 0.34 0.8119999999999999 0.2586666669921875 0.802 0.224 0.787 0.208 0.765 0.208 0.747 0.2186666669921875 0.7429999999999999 0.228 0.742 0.244 0.761 0.288 0.763 0.312 0.759 0.3573333330078125 0.7679999999999999 0.3706666669921875 0.7829999999999999 0.3786666669921875 0.792 0.38 0.8079999999999999 0.372 0.8150000000000001 0.3586666669921875 0.8170000000000001 0.34
5 0.6920000000000001 0.22 0.6699999999999999 0.2186666669921875 0.6569999999999999 0.2253333330078125 0.649 0.236 0.648 0.2506666669921875 0.664 0.296 0.661 0.364 0.665 0.372 0.6829999999999999 0.3826666669921875 0.708 0.3773333330078125 0.7180000000000001 0.36 0.715 0.2626666669921875 0.708 0.2346666669921875 0.6920000000000001 0.22
5 0.634 0.3493333330078125 0.621 0.2933333330078125 0.626 0.268 0.624 0.256 0.61 0.2466666669921875 0.583 0.2453333330078125 0.563 0.2586666669921875 0.562 0.2706666669921875 0.578 0.2866666669921875 0.5810000000000001 0.3013333330078125 0.5800000000000001 0.3293333330078125 0.5730000000000001 0.3453333330078125 0.5730000000000001 0.356 0.592 0.3706666669921875 0.608 0.372 0.623 0.3666666669921875 0.634 0.3493333330078125
8 0.493 0.22 0.475 0.2226666669921875 0.45999999999999996 0.2333333330078125 0.446 0.2653333330078125 0.446 0.2933333330078125 0.46099999999999997 0.3346666669921875 0.493 0.3666666669921875 0.503 0.3653333330078125 0.516 0.3533333330078125 0.529 0.3253333330078125 0.5379999999999999 0.2893333330078125 0.535 0.2546666669921875 0.522 0.2333333330078125 0.493 0.22
10 0.319 0.2973333330078125 0.317 0.3146666669921875 0.323 0.3266666669921875 0.36 0.3413333330078125 0.40399999999999997 0.3373333330078125 0.426 0.324 0.429 0.3146666669921875 0.41500000000000004 0.2773333330078125 0.377 0.2346666669921875 0.35200000000000004 0.2506666669921875 0.319 0.2973333330078125
10 0.20700000000000002 0.2346666669921875 0.19199999999999998 0.248 0.167 0.28 0.157 0.3013333330078125 0.156 0.3213333330078125 0.162 0.3333333330078125 0.188 0.3413333330078125 0.244 0.332 0.264 0.3213333330078125 0.268 0.3133333330078125 0.266 0.2946666669921875 0.256 0.276 0.21699999999999997 0.2346666669921875 0.20700000000000002 0.2346666669921875
8 0.42200000000000004 0.408 0.40399999999999997 0.416 0.39 0.4306666669921875 0.38399999999999995 0.4453333330078125 0.383 0.468 0.387 0.476 0.411 0.4893333330078125 0.45299999999999996 0.4853333330078125 0.475 0.4706666669921875 0.482 0.4586666669921875 0.481 0.4386666669921875 0.474 0.424 0.445 0.4066666669921875 0.42200000000000004 0.408
2 0.314 0.4973333330078125 0.34 0.496 0.368 0.4826666669921875 0.362 0.4586666669921875 0.334 0.436 0.31 0.4493333330078125 0.29700000000000004 0.4733333330078125 0.29700000000000004 0.4893333330078125 0.314 0.4973333330078125