6 0.10099999999999999 0.692 0.12400000000000001 0.6813333328125 0.14100000000000001 0.6626666671875 0.14800000000000002 0.64 0.149 0.604 0.13899999999999998 0.58 0.123 0.5599999999999999 0.103 0.5506666671875 0.093 0.5559999999999999 0.06899999999999999 0.588 0.061000000000000006 0.6026666671875 0.058 0.62 0.057 0.644 0.062000000000000006 0.6653333328125 0.079 0.6853333328125 0.10099999999999999 0.692
6 0.19499999999999998 0.6839999999999999 0.21200000000000002 0.6826666671875 0.23099999999999998 0.6706666671875 0.242 0.6546666671875 0.249 0.6306666671875 0.249 0.596 0.24400000000000002 0.5786666671875 0.23099999999999998 0.5586666671875 0.21200000000000002 0.5426666671875 0.196 0.5453333328125 0.17200000000000001 0.58 0.16 0.6093333328125 0.15899999999999997 0.632 0.164 0.6559999999999999 0.17200000000000001 0.6693333328125 0.19499999999999998 0.6839999999999999
6 0.29 0.6853333328125 0.306 0.6853333328125 0.31799999999999995 0.6786666671875 0.331 0.6613333328125 0.34199999999999997 0.6306666671875 0.34299999999999997 0.6013333328125 0.336 0.5746666671875 0.319 0.544 0.303 0.5373333328125 0.293 0.5373333328125 0.284 0.544 0.27299999999999996 0.5573333328125 0.262 0.5933333328125 0.261 0.6293333328124999 0.265 0.6533333328125 0.27899999999999997 0.6773333328125 0.29 0.6853333328125
6 0.383 0.6813333328125 0.39499999999999996 0.6826666671875 0.40800000000000003 0.6773333328125 0.422 0.6613333328125 0.43200000000000005 0.6333333328124999 0.433 0.596 0.42100000000000004 0.5599999999999999 0.41000000000000003 0.5413333328125 0.397 0.532 0.374 0.5346666671875 0.36000000000000004 0.5573333328125 0.353 0.5826666671875 0.351 0.6226666671875 0.356 0.644 0.369 0.6706666671875 0.383 0.6813333328125
6 0.506 0.6706666671875 0.521 0.6599999999999999 0.533 0.6426666671875 0.539 0.6093333328125 0.537 0.576 0.529 0.5493333328125 0.506 0.5213333328124999 0.476 0.524 0.46199999999999997 0.5426666671875 0.447 0.5893333328125 0.448 0.628 0.46 0.6533333328125 0.47700000000000004 0.6693333328125 0.506 0.6706666671875
6 0.603 0.6746666671875 0.624 0.6666666671875 0.64 0.6386666671875 0.646 0.6146666671875 0.646 0.572 0.642 0.5559999999999999 0.62 0.528 0.605 0.5186666671875 0.581 0.5226666671875 0.5690000000000001 0.5333333328125 0.557 0.5559999999999999 0.5609999999999999 0.6133333328125 0.577 0.6533333328125 0.591 0.6693333328125 0.603 0.6746666671875
6 0.7070000000000001 0.6773333328125 0.73 0.6786666671875 0.752 0.6613333328125 0.7609999999999999 0.6386666671875 0.7609999999999999 0.6013333328125 0.752 0.572 0.73 0.5386666671875 0.715 0.5266666671875 0.697 0.5266666671875 0.6799999999999999 0.5426666671875 0.67 0.5693333328125 0.67 0.6266666671875 0.678 0.648 0.6890000000000001 0.6626666671875 0.7070000000000001 0.6773333328125
6 0.83 0.6693333328125 0.8390000000000001 0.648 0.843 0.6066666671875 0.841 0.5826666671875 0.8260000000000001 0.544 0.81 0.528 0.791 0.5266666671875 0.7799999999999999 0.5346666671875 0.771 0.5519999999999999 0.769 0.5853333328125 0.785 0.6453333328124999 0.8059999999999999 0.6719999999999999 0.83 0.6693333328125
6 0.914 0.6693333328125 0.922 0.6639999999999999 0.9309999999999999 0.6373333328124999 0.932 0.6053333328125 0.928 0.5773333328125 0.916 0.548 0.9 0.528 0.877 0.5226666671875 0.862 0.536 0.857 0.5533333328125 0.862 0.6106666671875 0.88 0.6506666671875 0.8989999999999999 0.6693333328125 0.914 0.6693333328125
6 0.8019999999999999 0.8586666671875 0.8170000000000001 0.8560000000000001 0.8290000000000001 0.8320000000000001 0.833 0.7986666671875 0.831 0.756 0.821 0.728 0.8109999999999999 0.712 0.791 0.7013333328125 0.769 0.7066666671874999 0.7579999999999999 0.7266666671875 0.759 0.7853333328125001 0.772 0.8240000000000001 0.7929999999999999 0.8546666671875001 0.8019999999999999 0.8586666671875
6 0.697 0.8493333328125001 0.709 0.828 0.7140000000000001 0.7906666671875 0.709 0.744 0.699 0.716 0.6839999999999999 0.7 0.657 0.6973333328125 0.645 0.708 0.637 0.7373333328125 0.637 0.7746666671875 0.651 0.8173333328125001 0.673 0.8480000000000001 0.697 0.8493333328125001
6 0.5630000000000001 0.8546666671875001 0.577 0.8480000000000001 0.588 0.8186666671875 0.591 0.7986666671875 0.588 0.7573333328125 0.5790000000000001 0.7293333328125 0.5690000000000001 0.7133333328125 0.5519999999999999 0.704 0.5359999999999999 0.7106666671874999 0.521 0.736 0.52 0.788 0.532 0.8293333328125 0.545 0.852 0.5630000000000001 0.8546666671875001
6 0.456 0.8640000000000001 0.466 0.8493333328125001 0.475 0.8133333328125 0.475 0.776 0.466 0.744 0.44299999999999995 0.7213333328125 0.427 0.7226666671875 0.414 0.732 0.40399999999999997 0.7573333328125 0.40299999999999997 0.8039999999999999 0.41600000000000004 0.8480000000000001 0.434 0.868 0.456 0.8640000000000001
6 0.333 0.8720000000000001 0.35 0.8386666671875 0.353 0.8133333328125 0.353 0.7866666671875 0.34400000000000003 0.752 0.333 0.736 0.311 0.728 0.298 0.7386666671875 0.28200000000000003 0.7733333328125 0.28099999999999997 0.8173333328125001 0.29600000000000004 0.8666666671875 0.311 0.8773333328125 0.333 0.8720000000000001
6 0.22699999999999998 0.8493333328125001 0.235 0.8400000000000001 0.247 0.8106666671875 0.24800000000000003 0.7773333328125 0.243 0.7506666671875 0.232 0.7386666671875 0.213 0.7426666671875 0.2 0.764 0.19499999999999998 0.7853333328125001 0.196 0.8173333328125001 0.20299999999999999 0.8400000000000001 0.215 0.8506666671875 0.22699999999999998 0.8493333328125001
6 0.5399999999999999 0.5026666671875 0.553 0.504 0.5640000000000001 0.49866666718749997 0.581 0.4733333328125 0.586 0.4386666671875 0.58 0.41733333281249996 0.568 0.40133333281250005 0.5519999999999999 0.3973333328125 0.529 0.4 0.514 0.41333333281250006 0.508 0.42800000000000005 0.507 0.44666666718750003 0.513 0.4693333328125 0.527 0.492 0.5399999999999999 0.5026666671875
6 0.644 0.5093333328125 0.6609999999999999 0.508 0.682 0.48 0.685 0.4413333328125 0.669 0.4106666671875 0.653 0.404 0.634 0.40533333281250006 0.619 0.41333333281250006 0.611 0.42800000000000005 0.611 0.46399999999999997 0.62 0.4853333328125 0.635 0.504 0.644 0.5093333328125
6 0.755 0.5226666671875 0.763 0.5186666671875 0.781 0.4893333328125 0.789 0.45999999999999996 0.788 0.4266666671875 0.7769999999999999 0.4026666671875 0.755 0.3906666671875 0.737 0.3906666671875 0.719 0.3986666671875 0.7070000000000001 0.4186666671875 0.705 0.44400000000000006 0.7230000000000001 0.492 0.744 0.52 0.755 0.5226666671875
6 0.855 0.5133333328125 0.875 0.47066666718750005 0.881 0.4373333328125 0.876 0.4106666671875 0.861 0.3946666671875 0.828 0.388 0.8079999999999999 0.396 0.798 0.4146666671875 0.798 0.4413333328125 0.815 0.49466666718749996 0.837 0.5186666671875 0.855 0.5133333328125
5 0.759 0.3573333328125 0.768 0.37066666718749997 0.7829999999999999 0.3786666671875 0.792 0.38 0.8079999999999999 0.372 0.815 0.3586666671875 0.8170000000000001 0.33999999999999997 0.8119999999999999 0.25866666718750003 0.8019999999999999 0.22400000000000003 0.787 0.20800000000000002 0.765 0.20800000000000002 0.747 0.2186666671875 0.743 0.22799999999999998 0.7420000000000001 0.244 0.7609999999999999 0.288 0.763 0.312 0.759 0.3573333328125
5 0.6649999999999999 0.372 0.6829999999999999 0.3826666671875 0.708 0.37733333281250003 0.718 0.36 0.715 0.2626666671875 0.708 0.2346666671875 0.6920000000000001 0.22000000000000003 0.67 0.2186666671875 0.657 0.2253333328125 0.6489999999999999 0.236 0.648 0.2506666671875 0.664 0.296 0.6609999999999999 0.364 0.6649999999999999 0.372
5 0.58 0.3293333328125 0.5730000000000001 0.3453333328125 0.5730000000000001 0.356 0.5920000000000001 0.37066666718749997 0.608 0.372 0.623 0.36666666718749996 0.634 0.3493333328125 0.621 0.29333333281249996 0.626 0.268 0.624 0.256 0.61 0.24666666718750002 0.583 0.24533333281249997 0.5630000000000001 0.25866666718750003 0.5619999999999999 0.2706666671875 0.578 0.2866666671875 0.581 0.30133333281249997 0.58 0.3293333328125
8 0.503 0.3653333328125 0.516 0.3533333328125 0.529 0.3253333328125 0.538 0.2893333328125 0.535 0.25466666718750003 0.522 0.23333333281250002 0.493 0.22000000000000003 0.475 0.2226666671875 0.46 0.23333333281250002 0.446 0.2653333328125 0.446 0.29333333281249996 0.461 0.3346666671875 0.493 0.36666666718749996 0.503 0.3653333328125
10 0.40399999999999997 0.3373333328125 0.426 0.324 0.429 0.31466666718749997 0.415 0.2773333328125 0.377 0.2346666671875 0.35200000000000004 0.2506666671875 0.319 0.29733333281249996 0.317 0.31466666718749997 0.323 0.3266666671875 0.36000000000000004 0.3413333328125 0.40399999999999997 0.3373333328125
10 0.24400000000000002 0.33199999999999996 0.264 0.3213333328125 0.26799999999999996 0.3133333328125 0.266 0.2946666671875 0.256 0.27599999999999997 0.217 0.2346666671875 0.207 0.2346666671875 0.192 0.248 0.16699999999999998 0.27999999999999997 0.157 0.30133333281249997 0.156 0.3213333328125 0.162 0.3333333328125 0.188 0.3413333328125 0.24400000000000002 0.33199999999999996
8 0.453 0.4853333328125 0.475 0.47066666718750005 0.48200000000000004 0.45866666718750004 0.481 0.4386666671875 0.47400000000000003 0.42400000000000004 0.445 0.4066666671875 0.422 0.40800000000000003 0.40399999999999997 0.41600000000000004 0.38999999999999996 0.4306666671875 0.384 0.4453333328125 0.383 0.46799999999999997 0.38699999999999996 0.476 0.411 0.4893333328125 0.453 0.4853333328125
2 0.368 0.48266666718750006 0.362 0.45866666718750004 0.33399999999999996 0.43600000000000005 0.31 0.4493333328125 0.297 0.4733333328125 0.297 0.4893333328125 0.314 0.49733333281250003 0.33999999999999997 0.496 0.368 0.48266666718750006