9 0.6784801145833333 0.27734375 0.6859375 0.2529296875 0.6859375 0.2470703125 0.6769886354166667 0.24609375 0.66953125 0.2802734375 0.6784801145833333 0.27734375
9 0.4902157729166667 0.369140625 0.521875 0.3388671875 0.5149925604166666 0.3359375 0.48470982083333336 0.3623046875 0.48333333333333334 0.3662109375 0.4902157729166667 0.369140625
9 0.09929591041666666 0.380859375 0.09791666666666667 0.3857421875 0.10481288541666665 0.3876953125 0.13515625 0.3701171875 0.13377700625 0.3662109375 0.1268807875 0.3662109375 0.09929591041666666 0.380859375
9 0.04242708333333333 0.376953125 0.06875 0.35546875 0.061822916666666665 0.3515625 0.036885416666666664 0.37109375 0.03411458333333333 0.3759765625 0.04242708333333333 0.376953125
9 0.16447916666666668 0.271484375 0.14479166666666668 0.2890625 0.14760416666666665 0.2939453125 0.15322916666666667 0.2939453125 0.17291666666666666 0.275390625 0.17151041666666667 0.2705078125 0.16447916666666668 0.271484375
9 0.4645182291666667 0.6796875 0.49322916666666666 0.6708984375 0.48639322916666666 0.658203125 0.4508463541666667 0.6650390625 0.44947916666666665 0.671875 0.4645182291666667 0.6796875
9 0.7338068187500001 0.67578125 0.7575520833333333 0.658203125 0.7561553020833334 0.6474609375 0.7282196979166666 0.66796875 0.7268229166666667 0.671875 0.7338068187500001 0.67578125
9 0.7386322458333333 0.6748046875 0.7372395833333333 0.681640625 0.7692708333333333 0.66015625 0.7581295291666666 0.6591796875 0.7386322458333333 0.6748046875
9 0.8168333333333333 0.6123046875 0.8140625 0.62109375 0.8279166666666666 0.6328125 0.8486979166666667 0.6064453125 0.8390000000000001 0.5986328125 0.8306875 0.59765625 0.8168333333333333 0.6123046875
1 0.7365203375 0.236328125 0.7239087291666666 0.232421875 0.7112971229166667 0.2373046875 0.7098958333333333 0.244140625 0.7197048604166666 0.255859375 0.73231646875 0.2578125 0.7393229166666667 0.2490234375 0.7365203375 0.236328125
1 0.7001562499999999 0.30859375 0.6903125 0.3046875 0.6734375 0.30859375 0.681875 0.3251953125 0.68609375 0.328125 0.6959375 0.3271484375 0.7015625 0.3173828125 0.7001562499999999 0.30859375
1 0.6370312499999999 0.4267578125 0.6454687499999999 0.416015625 0.646875 0.404296875 0.61875 0.404296875 0.62578125 0.42578125 0.6370312499999999 0.4267578125
1 0.5067708333333333 0.365234375 0.5081825666666666 0.37890625 0.5208881583333334 0.3896484375 0.5293585520833334 0.3818359375 0.53359375 0.3671875 0.5307702854166666 0.3642578125 0.5067708333333333 0.365234375
1 0.5345531791666667 0.4814453125 0.5458470395833334 0.484375 0.5557291666666667 0.4619140625 0.5317297145833334 0.4609375 0.52890625 0.4697265625 0.5345531791666667 0.4814453125
1 0.6533854166666667 0.4990234375 0.6533854166666667 0.4853515625 0.6253596229166667 0.4853515625 0.6239583333333333 0.49609375 0.63096478125 0.5068359375 0.6379712291666666 0.5107421875 0.6449776791666667 0.509765625 0.6533854166666667 0.4990234375
1 0.7978260875000001 0.4541015625 0.78529211875 0.44921875 0.7685801624999999 0.4521484375 0.7671875 0.4560546875 0.78250679375 0.4736328125 0.7936480979166666 0.474609375 0.79921875 0.466796875 0.7978260875000001 0.4541015625
1 0.8079710145833333 0.564453125 0.8135416666666667 0.556640625 0.8121490041666667 0.544921875 0.8037930249999999 0.5400390625 0.7829030791666667 0.541015625 0.7815104166666667 0.5458984375 0.7926517208333334 0.560546875 0.7968297104166666 0.564453125 0.8079710145833333 0.564453125
11 0.5485361833333333 0.7744140625 0.6010581145833334 0.78515625 0.7678152416666666 0.765625 0.7822587729166667 0.732421875 0.7861979166666667 0.66015625 0.7743804833333333 0.66015625 0.7520586625 0.6767578125 0.7297368416666666 0.6796875 0.5380317979166667 0.765625 0.53671875 0.7685546875 0.5485361833333333 0.7744140625
11 0.30234375 0.76171875 0.30234375 0.7666015625 0.3548076 0.783203125 0.5003947875 0.783203125 0.5305615020833333 0.76953125 0.5895833333333333 0.7216796875 0.5712209854166667 0.712890625 0.4728512645833333 0.6865234375 0.4492425333333333 0.6767578125 0.43743816666666663 0.6796875 0.39809027708333333 0.7021484375 0.35349600416666666 0.7333984375 0.30234375 0.76171875
11 0.8010553729166666 0.6865234375 0.7997395833333333 0.6923828125 0.8089501104166666 0.6953125 0.8615816895833334 0.7021484375 0.9997395833333333 0.6953125 0.9997395833333333 0.62109375 0.8010553729166666 0.6865234375
11 0.22109375 0.51171875 0.06549685833333334 0.5107421875 0.056266535416666666 0.513671875 0.054947916666666666 0.5185546875 0.11032986041666668 0.5986328125 0.1327463625 0.623046875 0.20658895416666667 0.5361328125 0.22109375 0.51171875
11 0 0.80573259375 0.13255208333333332 0.814453125 0.12726124166666666 0.7060546875 0.12329311041666666 0.703125 0.11667955833333334 0.7060546875 0.006894595833333334 0.7646484375 0 0.7688903609375 0 0.80573259375
0 0.17611536875 0.3759765625 0.19221206666666665 0.3671875 0.19757763333333334 0.359375 0.20026041666666666 0.34765625 0.19221206666666665 0.3291015625 0.135873625 0.3330078125 0.13050805833333332 0.3408203125 0.12916666666666668 0.36328125 0.14928753958333332 0.3759765625 0.17611536875 0.3759765625
6 0.5106770833333333 0.318359375 0.51200396875 0.3330078125 0.5531374 0.353515625 0.56640625 0.3525390625 0.6035590270833333 0.3388671875 0.6221354166666667 0.32421875 0.6075396833333334 0.283203125 0.5995783729166667 0.271484375 0.58896329375 0.2666015625 0.573040675 0.2724609375 0.5557911708333333 0.2919921875 0.5292534729166667 0.298828125 0.5106770833333333 0.318359375
6 0.42937940208333336 0.5185546875 0.4134022895833333 0.52734375 0.4094080104166667 0.5341796875 0.4067451583333333 0.5615234375 0.39609375 0.576171875 0.4000880291666667 0.5869140625 0.4120708625 0.5947265625 0.44535651458333336 0.60546875 0.46532790416666664 0.6064453125 0.47864216458333336 0.5966796875 0.490625 0.5791015625 0.4852992958333333 0.548828125 0.4746478875 0.5224609375 0.46266505208333336 0.5166015625 0.42937940208333336 0.5185546875
6 0.44895833333333335 0.494140625 0.446238425 0.4794921875 0.4312789354166667 0.4697265625 0.4135995375 0.478515625 0.4 0.494140625 0.4013599541666667 0.5048828125 0.4135995375 0.51171875 0.42583912083333336 0.5126953125 0.44895833333333335 0.494140625
3 0.4984375 0.40625 0.49707911041666664 0.4013671875 0.4767032666666667 0.390625 0.45768581041666667 0.3896484375 0.44817708333333334 0.39453125 0.44817708333333334 0.416015625 0.46040258958333335 0.4228515625 0.4834952145833334 0.41796875 0.4984375 0.40625
10 0.5564453125 0.583984375 0.5432074645833332 0.5859375 0.5259982645833333 0.5771484375 0.49555121458333334 0.583984375 0.4664279520833333 0.619140625 0.46510416666666665 0.630859375 0.47437066041666665 0.6376953125 0.5048177083333333 0.634765625 0.52335069375 0.6376953125 0.5352647562499999 0.6640625 0.568359375 0.6611328125 0.5789496520833333 0.654296875 0.5921875 0.634765625 0.5921875 0.619140625 0.5842447916666667 0.6064453125 0.5564453125 0.591796875 0.5564453125 0.583984375
6 0.6753053166666666 0.6171875 0.6794270833333333 0.5986328125 0.67393139375 0.58984375 0.6519486354166666 0.58984375 0.6395833333333333 0.599609375 0.6395833333333333 0.6083984375 0.6492007895833333 0.6181640625 0.6643139375 0.62109375 0.6753053166666666 0.6171875
0 0.6421875 0.5634765625 0.6435697125 0.5693359375 0.66015625 0.5673828125 0.678125 0.5595703125 0.678125 0.5537109375 0.6712139416666666 0.55078125 0.6421875 0.5634765625
0 0.51993055625 0.57421875 0.5171875 0.5791015625 0.5240451395833333 0.5830078125 0.5514756937499999 0.5908203125 0.5583333333333333 0.5888671875 0.55421875 0.5810546875 0.51993055625 0.57421875
7 0.7457465270833333 0.439453125 0.77548363125 0.4404296875 0.78359375 0.4365234375 0.7808903770833333 0.265625 0.7443948416666667 0.2685546875 0.73358135 0.2939453125 0.7268229166666667 0.328125 0.7268229166666667 0.3935546875 0.7322296625 0.4140625 0.7457465270833333 0.439453125
7 0.71299435 0.3623046875 0.6956082270833334 0.3681640625 0.6942708333333333 0.375 0.7156691375 0.435546875 0.7156691375 0.44921875 0.7223561083333333 0.45703125 0.7437544145833334 0.5263671875 0.7504413833333333 0.5361328125 0.7691649020833334 0.5341796875 0.7731770833333333 0.5283203125 0.73974223125 0.427734375 0.7277056854166666 0.4052734375 0.7196813208333332 0.3671875 0.71299435 0.3623046875
7 0.7325407604166667 0.564453125 0.73671875 0.546875 0.72139945625 0.4970703125 0.7130434791666667 0.4873046875 0.7060801624999999 0.48828125 0.7046875 0.509765625 0.7102581520833334 0.533203125 0.71861413125 0.5517578125 0.7325407604166667 0.564453125
7 0.7152648500000001 0.6650390625 0.7273825354166666 0.6650390625 0.7341145833333333 0.662109375 0.7314217645833333 0.6484375 0.6910294770833333 0.529296875 0.6869902479166666 0.5244140625 0.6708333333333333 0.525390625 0.67217974375 0.54296875 0.7098792104166667 0.65625 0.7152648500000001 0.6650390625
3 0.8252604166666667 0.6328125 0.8142485125000001 0.6220703125 0.78671875 0.6328125 0.78671875 0.6416015625 0.7977306541666667 0.650390625 0.8128720229166666 0.6513671875 0.8211309520833333 0.646484375 0.8252604166666667 0.6328125
8 0.9423051083333333 0.1748046875 0.9182627687499999 0.2197265625 0.9169270833333333 0.2548828125 0.9262768812500001 0.2783203125 0.9382980520833333 0.29296875 0.9663474458333333 0.314453125 0.9863827291666667 0.3125 0.9997395833333333 0.31640625 0.9997395833333333 0.1376953125 0.9943968416666666 0.13671875 0.9797043020833333 0.1435546875 0.9556619625 0.162109375 0.9503192208333334 0.173828125 0.9423051083333333 0.1748046875
2 0.61875 0.7607421875 0.61875 0.7666015625 0.6512820520833333 0.765625 0.6689035791666667 0.76171875 0.6716145833333333 0.7548828125 0.66212606875 0.7509765625 0.61875 0.7607421875
0 0.4222026208333334 0.7119140625 0.42083333333333334 0.716796875 0.42494119583333334 0.71875 0.44411122291666666 0.72265625 0.46328125 0.720703125 0.4591733875 0.7138671875 0.4222026208333334 0.7119140625
2 0.776953125 0.8251953125 0.7697916666666667 0.830078125 0.7712239583333333 0.8359375 0.7826822916666667 0.8349609375 0.7927083333333333 0.8271484375 0.7927083333333333 0.82421875 0.776953125 0.8251953125
2 0.8202672104166666 0.8134765625 0.8049479166666667 0.8203125 0.8091259062499999 0.8271484375 0.8202672104166666 0.8251953125 0.8369791666666667 0.8154296875 0.8341938395833334 0.810546875 0.8202672104166666 0.8134765625
8 0.2725956875 0.732421875 0.28745155 0.720703125 0.28880208333333335 0.7021484375 0.27394622083333336 0.6904296875 0.24828609583333333 0.6904296875 0.23478076458333333 0.6982421875 0.23072916666666668 0.705078125 0.23343023333333335 0.7236328125 0.25233769375000004 0.7333984375 0.2725956875 0.732421875
8 0.3263809979166667 0.4423828125 0.3130445083333333 0.44921875 0.30104166666666665 0.4658203125 0.30104166666666665 0.498046875 0.31704545416666663 0.5166015625 0.3370501895833333 0.5244140625 0.35038667916666666 0.5244140625 0.36505681875 0.5205078125 0.37972695624999997 0.5107421875 0.3890625 0.4921875 0.38772885 0.4755859375 0.37972695624999997 0.4619140625 0.36372316875 0.4482421875 0.34638573333333333 0.44140625 0.3263809979166667 0.4423828125
8 0.2638122958333333 0.5537109375 0.28529922291666665 0.5556640625 0.3067861520833333 0.5458984375 0.31484375 0.5185546875 0.30947201875 0.5087890625 0.2960426875 0.4990234375 0.27589869375000003 0.49609375 0.26246936249999997 0.5 0.24635416666666668 0.517578125 0.24635416666666668 0.537109375 0.2638122958333333 0.5537109375
6 0.24895833333333334 0.529296875 0.25316220208333334 0.54296875 0.27838541666666666 0.54296875 0.27838541666666666 0.5322265625 0.2685763895833333 0.5224609375 0.25876736041666665 0.521484375 0.24895833333333334 0.529296875
8 0.14088541666666668 0.4677734375 0.14625098333333333 0.4765625 0.16771324583333333 0.4853515625 0.18515133749999999 0.4853515625 0.19722386041666665 0.48046875 0.21197916666666666 0.4609375 0.210637775 0.4501953125 0.20393081666666665 0.4423828125 0.18112716250000002 0.43359375 0.15564072291666667 0.4375 0.14088541666666668 0.451171875 0.14088541666666668 0.4677734375
8 0.24948705833333334 0.400390625 0.25494791666666666 0.37890625 0.24539141458333333 0.369140625 0.2235479791666667 0.3681640625 0.21126104791666667 0.37890625 0.20989583333333334 0.392578125 0.22218276458333333 0.404296875 0.23856534166666668 0.40625 0.24948705833333334 0.400390625
1 0.10868055624999999 0.3876953125 0.10442708333333334 0.388671875 0.10726273125 0.400390625 0.11435185208333333 0.408203125 0.12144097291666665 0.408203125 0.12994791666666666 0.3896484375 0.10868055624999999 0.3876953125
1 0.04296875 0.427734375 0.0515625 0.419921875 0.054427083333333334 0.408203125 0.031510416666666666 0.40625 0.031510416666666666 0.4208984375 0.04296875 0.427734375
1 0.05226715625 0.333984375 0.062239583333333334 0.31640625 0.05796568541666667 0.3134765625 0.03802083333333333 0.314453125 0.04087009791666667 0.3291015625 0.05226715625 0.333984375
7 0.08393957708333333 0.470703125 0.10952136041666667 0.47265625 0.12837109375 0.4658203125 0.12163904583333333 0.44921875 0.12298545625 0.42578125 0.11894622708333333 0.421875 0.09201803541666667 0.4228515625 0.07451471041666666 0.4306640625 0.06508984375 0.439453125 0.06508984375 0.45703125 0.08393957708333333 0.470703125
7 0.02151747916666667 0.48828125 0.05361493541666666 0.4873046875 0.07768802916666666 0.48046875 0.084375 0.474609375 0.06431408958333333 0.455078125 0.06431408958333333 0.4375 0.06030190625 0.435546875 0.033554025 0.4443359375 0.006806143749999999 0.46484375 0.00546875 0.478515625 0.02151747916666667 0.48828125
3 0.43385416666666665 0.4228515625 0.4352395833333333 0.435546875 0.45740625 0.4326171875 0.46848958333333335 0.4248046875 0.4560208333333333 0.421875 0.4463229166666667 0.41015625 0.43385416666666665 0.4228515625
10 0.06875 0.7646484375 0.060608552083333336 0.7548828125 0.04975328958333333 0.75390625 0.029399670833333332 0.76171875 0.019901316666666665 0.7705078125 0.0171875 0.791015625 0.03754111875 0.78515625 0.061965460416666666 0.7861328125 0.06875 0.7646484375
0 0.10632523125 0.6630859375 0.09149305625 0.6552734375 0.051041666666666666 0.677734375 0.05239004583333333 0.6884765625 0.07261574166666666 0.7001953125 0.096886575 0.6962890625 0.11171875 0.677734375 0.10632523125 0.6630859375
7 0 0.6896734875 0.0312721625 0.6962890625 0.03800421041666667 0.6748046875 0.062239583333333334 0.6572265625 0.054161125000000004 0.646484375 0.03800421041666667 0.6376953125 0.009729610416666668 0.638671875 0 0.64308248125 0 0.6896734875
11 0 0.635670678125 0.0416351 0.6328125 0.08697916666666666 0.5712890625 0.08564551666666667 0.5673828125 0.04296875 0.568359375 0 0.570266271875 0 0.635670678125
11 0.38645833333333335 0.548828125 0.3396900625 0.546875 0.3062841520833333 0.5546875 0.30494791666666665 0.5595703125 0.33033640625 0.59375 0.34369877083333333 0.6103515625 0.3517161875 0.61328125 0.38645833333333335 0.548828125
0 0.3734375 0.5498046875 0.33967417708333336 0.546875 0.31806565000000003 0.552734375 0.31536458333333334 0.5576171875 0.3221172479166666 0.56640625 0.343725775 0.568359375 0.3572311041666667 0.5634765625 0.3734375 0.5498046875
4 0.7032520333333333 0.1416015625 0.6833396854166666 0.1474609375 0.6594448687500001 0.1611328125 0.6435149895833334 0.181640625 0.6421875 0.2109375 0.6700647875 0.2412109375 0.6873221541666666 0.2470703125 0.6992695624999999 0.2470703125 0.7072345020833333 0.2451171875 0.7125444604166666 0.236328125 0.7324568083333334 0.228515625 0.7470591979166666 0.205078125 0.7510416666666667 0.181640625 0.7470591979166666 0.1650390625 0.7298018291666666 0.146484375 0.7032520333333333 0.1416015625
7 0.7988473354166667 0.3466796875 0.80552851875 0.3447265625 0.8095372270833334 0.3369140625 0.8643229166666667 0.189453125 0.86165044375 0.181640625 0.8456156083333333 0.1806640625 0.8295807708333334 0.2021484375 0.8068647541666666 0.25 0.7868212083333332 0.3095703125 0.7828125 0.341796875 0.7988473354166667 0.3466796875