9 0.6783854166666666 0.27734375 0.6848958333333334 0.2529296875 0.6848958333333334 0.2470703125 0.6770833333333334 0.24609375 0.6705729166666666 0.2802734375 0.6783854166666666 0.27734375
9 0.4908854166666667 0.369140625 0.5208333333333334 0.3388671875 0.5143229166666666 0.3359375 0.4856770833333333 0.3623046875 0.484375 0.3662109375 0.4908854166666667 0.369140625
9 0.10026041666666667 0.380859375 0.09895833333333333 0.3857421875 0.10546875 0.3876953125 0.13411458333333334 0.3701171875 0.1328125 0.3662109375 0.12630208333333334 0.3662109375 0.10026041666666667 0.380859375
9 0.04296875 0.376953125 0.06770833333333333 0.35546875 0.061197916666666664 0.3515625 0.037760416666666664 0.37109375 0.03515625 0.3759765625 0.04296875 0.376953125
9 0.1640625 0.271484375 0.14583333333333334 0.2890625 0.1484375 0.2939453125 0.15364583333333334 0.2939453125 0.171875 0.275390625 0.17057291666666666 0.2705078125 0.1640625 0.271484375
9 0.46484375 0.6796875 0.4921875 0.6708984375 0.4856770833333333 0.658203125 0.4518229166666667 0.6650390625 0.4505208333333333 0.671875 0.46484375 0.6796875
9 0.734375 0.67578125 0.7565104166666666 0.658203125 0.7552083333333334 0.6474609375 0.7291666666666666 0.66796875 0.7278645833333334 0.671875 0.734375 0.67578125
9 0.7395833333333334 0.6748046875 0.73828125 0.681640625 0.7682291666666666 0.66015625 0.7578125 0.6591796875 0.7395833333333334 0.6748046875
9 0.8177083333333334 0.6123046875 0.8151041666666666 0.62109375 0.828125 0.6328125 0.84765625 0.6064453125 0.8385416666666666 0.5986328125 0.8307291666666666 0.59765625 0.8177083333333334 0.6123046875
1 0.7356770833333334 0.236328125 0.7239583333333334 0.232421875 0.7122395833333334 0.2373046875 0.7109375 0.244140625 0.7200520833333334 0.255859375 0.7317708333333334 0.2578125 0.73828125 0.2490234375 0.7356770833333334 0.236328125
1 0.69921875 0.30859375 0.6901041666666666 0.3046875 0.6744791666666666 0.30859375 0.6822916666666666 0.3251953125 0.6861979166666666 0.328125 0.6953125 0.3271484375 0.7005208333333334 0.3173828125 0.69921875 0.30859375
1 0.63671875 0.4267578125 0.64453125 0.416015625 0.6458333333333334 0.404296875 0.6197916666666666 0.404296875 0.6263020833333334 0.42578125 0.63671875 0.4267578125
1 0.5078125 0.365234375 0.5091145833333334 0.37890625 0.5208333333333334 0.3896484375 0.5286458333333334 0.3818359375 0.5325520833333334 0.3671875 0.5299479166666666 0.3642578125 0.5078125 0.365234375
1 0.53515625 0.4814453125 0.5455729166666666 0.484375 0.5546875 0.4619140625 0.5325520833333334 0.4609375 0.5299479166666666 0.4697265625 0.53515625 0.4814453125
1 0.65234375 0.4990234375 0.65234375 0.4853515625 0.6263020833333334 0.4853515625 0.625 0.49609375 0.6315104166666666 0.5068359375 0.6380208333333334 0.5107421875 0.64453125 0.509765625 0.65234375 0.4990234375
1 0.796875 0.4541015625 0.78515625 0.44921875 0.76953125 0.4521484375 0.7682291666666666 0.4560546875 0.7825520833333334 0.4736328125 0.79296875 0.474609375 0.7981770833333334 0.466796875 0.796875 0.4541015625
1 0.8072916666666666 0.564453125 0.8125 0.556640625 0.8111979166666666 0.544921875 0.8033854166666666 0.5400390625 0.7838541666666666 0.541015625 0.7825520833333334 0.5458984375 0.79296875 0.560546875 0.796875 0.564453125 0.8072916666666666 0.564453125
11 0.5494791666666666 0.7744140625 0.6015625 0.78515625 0.7669270833333334 0.765625 0.78125 0.732421875 0.78515625 0.66015625 0.7734375 0.66015625 0.7513020833333334 0.6767578125 0.7291666666666666 0.6796875 0.5390625 0.765625 0.5377604166666666 0.7685546875 0.5494791666666666 0.7744140625
11 0.3033854166666667 0.76171875 0.3033854166666667 0.7666015625 0.35546875 0.783203125 0.5 0.783203125 0.5299479166666666 0.76953125 0.5885416666666666 0.7216796875 0.5703125 0.712890625 0.47265625 0.6865234375 0.44921875 0.6767578125 0.4375 0.6796875 0.3984375 0.7021484375 0.3541666666666667 0.7333984375 0.3033854166666667 0.76171875
11 0.8020833333333334 0.6865234375 0.80078125 0.6923828125 0.8098958333333334 0.6953125 0.8619791666666666 0.7021484375 0.9986979166666666 0.6953125 0.9986979166666666 0.62109375 0.8020833333333334 0.6865234375
11 0.22005208333333334 0.51171875 0.06640625 0.5107421875 0.057291666666666664 0.513671875 0.055989583333333336 0.5185546875 0.11067708333333333 0.5986328125 0.1328125 0.623046875 0.20572916666666666 0.5361328125 0.22005208333333334 0.51171875
11 0 0.8056640625 0.13151041666666666 0.814453125 0.12630208333333334 0.7060546875 0.12239583333333333 0.703125 0.11588541666666667 0.7060546875 0.0078125 0.7646484375 0 0.76953125 0 0.8056640625
0 0.17578125 0.3759765625 0.19140625 0.3671875 0.19661458333333334 0.359375 0.19921875 0.34765625 0.19140625 0.3291015625 0.13671875 0.3330078125 0.13151041666666666 0.3408203125 0.13020833333333334 0.36328125 0.14973958333333334 0.3759765625 0.17578125 0.3759765625
6 0.51171875 0.318359375 0.5130208333333334 0.3330078125 0.5533854166666666 0.353515625 0.56640625 0.3525390625 0.6028645833333334 0.3388671875 0.62109375 0.32421875 0.6067708333333334 0.283203125 0.5989583333333334 0.271484375 0.5885416666666666 0.2666015625 0.5729166666666666 0.2724609375 0.5559895833333334 0.2919921875 0.5299479166666666 0.298828125 0.51171875 0.318359375
6 0.4296875 0.5185546875 0.4140625 0.52734375 0.41015625 0.5341796875 0.4075520833333333 0.5615234375 0.3971354166666667 0.576171875 0.4010416666666667 0.5869140625 0.4127604166666667 0.5947265625 0.4453125 0.60546875 0.46484375 0.6064453125 0.4778645833333333 0.5966796875 0.4895833333333333 0.5791015625 0.484375 0.548828125 0.4739583333333333 0.5224609375 0.4622395833333333 0.5166015625 0.4296875 0.5185546875
6 0.4479166666666667 0.494140625 0.4453125 0.4794921875 0.4309895833333333 0.4697265625 0.4140625 0.478515625 0.4010416666666667 0.494140625 0.40234375 0.5048828125 0.4140625 0.51171875 0.42578125 0.5126953125 0.4479166666666667 0.494140625
3 0.4973958333333333 0.40625 0.49609375 0.4013671875 0.4765625 0.390625 0.4583333333333333 0.3896484375 0.44921875 0.39453125 0.44921875 0.416015625 0.4609375 0.4228515625 0.4830729166666667 0.41796875 0.4973958333333333 0.40625
10 0.5559895833333334 0.583984375 0.54296875 0.5859375 0.5260416666666666 0.5771484375 0.49609375 0.583984375 0.4674479166666667 0.619140625 0.4661458333333333 0.630859375 0.4752604166666667 0.6376953125 0.5052083333333334 0.634765625 0.5234375 0.6376953125 0.53515625 0.6640625 0.5677083333333334 0.6611328125 0.578125 0.654296875 0.5911458333333334 0.634765625 0.5911458333333334 0.619140625 0.5833333333333334 0.6064453125 0.5559895833333334 0.591796875 0.5559895833333334 0.583984375
6 0.6744791666666666 0.6171875 0.6783854166666666 0.5986328125 0.6731770833333334 0.58984375 0.65234375 0.58984375 0.640625 0.599609375 0.640625 0.6083984375 0.6497395833333334 0.6181640625 0.6640625 0.62109375 0.6744791666666666 0.6171875
0 0.6432291666666666 0.5634765625 0.64453125 0.5693359375 0.66015625 0.5673828125 0.6770833333333334 0.5595703125 0.6770833333333334 0.5537109375 0.6705729166666666 0.55078125 0.6432291666666666 0.5634765625
0 0.5208333333333334 0.57421875 0.5182291666666666 0.5791015625 0.5247395833333334 0.5830078125 0.55078125 0.5908203125 0.5572916666666666 0.5888671875 0.5533854166666666 0.5810546875 0.5208333333333334 0.57421875
7 0.74609375 0.439453125 0.7747395833333334 0.4404296875 0.7825520833333334 0.4365234375 0.7799479166666666 0.265625 0.7447916666666666 0.2685546875 0.734375 0.2939453125 0.7278645833333334 0.328125 0.7278645833333334 0.3935546875 0.7330729166666666 0.4140625 0.74609375 0.439453125
7 0.7135416666666666 0.3623046875 0.6966145833333334 0.3681640625 0.6953125 0.375 0.7161458333333334 0.435546875 0.7161458333333334 0.44921875 0.72265625 0.45703125 0.7434895833333334 0.5263671875 0.75 0.5361328125 0.7682291666666666 0.5341796875 0.7721354166666666 0.5283203125 0.7395833333333334 0.427734375 0.7278645833333334 0.4052734375 0.7200520833333334 0.3671875 0.7135416666666666 0.3623046875
7 0.7317708333333334 0.564453125 0.7356770833333334 0.546875 0.7213541666666666 0.4970703125 0.7135416666666666 0.4873046875 0.70703125 0.48828125 0.7057291666666666 0.509765625 0.7109375 0.533203125 0.71875 0.5517578125 0.7317708333333334 0.564453125
7 0.71484375 0.6650390625 0.7265625 0.6650390625 0.7330729166666666 0.662109375 0.73046875 0.6484375 0.69140625 0.529296875 0.6875 0.5244140625 0.671875 0.525390625 0.6731770833333334 0.54296875 0.7096354166666666 0.65625 0.71484375 0.6650390625
3 0.82421875 0.6328125 0.8138020833333334 0.6220703125 0.7877604166666666 0.6328125 0.7877604166666666 0.6416015625 0.7981770833333334 0.650390625 0.8125 0.6513671875 0.8203125 0.646484375 0.82421875 0.6328125
8 0.9427083333333334 0.1748046875 0.9192708333333334 0.2197265625 0.91796875 0.2548828125 0.9270833333333334 0.2783203125 0.9388020833333334 0.29296875 0.9661458333333334 0.314453125 0.9856770833333334 0.3125 0.9986979166666666 0.31640625 0.9986979166666666 0.1376953125 0.9934895833333334 0.13671875 0.9791666666666666 0.1435546875 0.9557291666666666 0.162109375 0.9505208333333334 0.173828125 0.9427083333333334 0.1748046875
2 0.6197916666666666 0.7607421875 0.6197916666666666 0.7666015625 0.6510416666666666 0.765625 0.66796875 0.76171875 0.6705729166666666 0.7548828125 0.6614583333333334 0.7509765625 0.6197916666666666 0.7607421875
0 0.4231770833333333 0.7119140625 0.421875 0.716796875 0.42578125 0.71875 0.4440104166666667 0.72265625 0.4622395833333333 0.720703125 0.4583333333333333 0.7138671875 0.4231770833333333 0.7119140625
2 0.77734375 0.8251953125 0.7708333333333334 0.830078125 0.7721354166666666 0.8359375 0.7825520833333334 0.8349609375 0.7916666666666666 0.8271484375 0.7916666666666666 0.82421875 0.77734375 0.8251953125
2 0.8203125 0.8134765625 0.8059895833333334 0.8203125 0.8098958333333334 0.8271484375 0.8203125 0.8251953125 0.8359375 0.8154296875 0.8333333333333334 0.810546875 0.8203125 0.8134765625
8 0.2721354166666667 0.732421875 0.2864583333333333 0.720703125 0.2877604166666667 0.7021484375 0.2734375 0.6904296875 0.24869791666666666 0.6904296875 0.23567708333333334 0.6982421875 0.23177083333333334 0.705078125 0.234375 0.7236328125 0.2526041666666667 0.7333984375 0.2721354166666667 0.732421875
8 0.3268229166666667 0.4423828125 0.3138020833333333 0.44921875 0.3020833333333333 0.4658203125 0.3020833333333333 0.498046875 0.3177083333333333 0.5166015625 0.3372395833333333 0.5244140625 0.3502604166666667 0.5244140625 0.3645833333333333 0.5205078125 0.37890625 0.5107421875 0.3880208333333333 0.4921875 0.38671875 0.4755859375 0.37890625 0.4619140625 0.36328125 0.4482421875 0.3463541666666667 0.44140625 0.3268229166666667 0.4423828125
8 0.2643229166666667 0.5537109375 0.28515625 0.5556640625 0.3059895833333333 0.5458984375 0.3138020833333333 0.5185546875 0.30859375 0.5087890625 0.2955729166666667 0.4990234375 0.2760416666666667 0.49609375 0.2630208333333333 0.5 0.24739583333333334 0.517578125 0.24739583333333334 0.537109375 0.2643229166666667 0.5537109375
6 0.25 0.529296875 0.25390625 0.54296875 0.27734375 0.54296875 0.27734375 0.5322265625 0.2682291666666667 0.5224609375 0.2591145833333333 0.521484375 0.25 0.529296875
8 0.14192708333333334 0.4677734375 0.14713541666666666 0.4765625 0.16796875 0.4853515625 0.18489583333333334 0.4853515625 0.19661458333333334 0.48046875 0.2109375 0.4609375 0.20963541666666666 0.4501953125 0.203125 0.4423828125 0.18098958333333334 0.43359375 0.15625 0.4375 0.14192708333333334 0.451171875 0.14192708333333334 0.4677734375
8 0.24869791666666666 0.400390625 0.25390625 0.37890625 0.24479166666666666 0.369140625 0.22395833333333334 0.3681640625 0.21223958333333334 0.37890625 0.2109375 0.392578125 0.22265625 0.404296875 0.23828125 0.40625 0.24869791666666666 0.400390625
1 0.109375 0.3876953125 0.10546875 0.388671875 0.10807291666666667 0.400390625 0.11458333333333333 0.408203125 0.12109375 0.408203125 0.12890625 0.3896484375 0.109375 0.3876953125
1 0.04296875 0.427734375 0.05078125 0.419921875 0.053385416666666664 0.408203125 0.032552083333333336 0.40625 0.032552083333333336 0.4208984375 0.04296875 0.427734375
1 0.052083333333333336 0.333984375 0.061197916666666664 0.31640625 0.057291666666666664 0.3134765625 0.0390625 0.314453125 0.041666666666666664 0.3291015625 0.052083333333333336 0.333984375
7 0.08436067708333334 0.470703125 0.10910026041666666 0.47265625 0.12732942708333334 0.4658203125 0.12081901041666666 0.44921875 0.12212109374999999 0.42578125 0.11821484374999999 0.421875 0.09217317708333334 0.4228515625 0.07524609374999999 0.4306640625 0.06613151041666666 0.439453125 0.06613151041666666 0.45703125 0.08436067708333334 0.470703125
7 0.022135416666666668 0.48828125 0.053385416666666664 0.4873046875 0.07682291666666667 0.48046875 0.08333333333333333 0.474609375 0.06380208333333333 0.455078125 0.06380208333333333 0.4375 0.059895833333333336 0.435546875 0.033854166666666664 0.4443359375 0.0078125 0.46484375 0.006510416666666667 0.478515625 0.022135416666666668 0.48828125
3 0.4348958333333333 0.4228515625 0.4361979166666667 0.435546875 0.45703125 0.4326171875 0.4674479166666667 0.4248046875 0.4557291666666667 0.421875 0.4466145833333333 0.41015625 0.4348958333333333 0.4228515625
10 0.06770833333333333 0.7646484375 0.059895833333333336 0.7548828125 0.049479166666666664 0.75390625 0.029947916666666668 0.76171875 0.020833333333333332 0.7705078125 0.018229166666666668 0.791015625 0.037760416666666664 0.78515625 0.061197916666666664 0.7861328125 0.06770833333333333 0.7646484375
0 0.10546875 0.6630859375 0.09114583333333333 0.6552734375 0.052083333333333336 0.677734375 0.053385416666666664 0.6884765625 0.07291666666666667 0.7001953125 0.09635416666666667 0.6962890625 0.11067708333333333 0.677734375 0.10546875 0.6630859375
7 0 0.689453125 0.03125 0.6962890625 0.037760416666666664 0.6748046875 0.061197916666666664 0.6572265625 0.053385416666666664 0.646484375 0.037760416666666664 0.6376953125 0.010416666666666666 0.638671875 0 0.6435546875 0 0.689453125
11 0 0.6357421875 0.041666666666666664 0.6328125 0.0859375 0.5712890625 0.08463541666666667 0.5673828125 0.04296875 0.568359375 0 0.5703125 0 0.6357421875
11 0.3854166666666667 0.548828125 0.33984375 0.546875 0.3072916666666667 0.5546875 0.3059895833333333 0.5595703125 0.3307291666666667 0.59375 0.34375 0.6103515625 0.3515625 0.61328125 0.3854166666666667 0.548828125
0 0.3723958333333333 0.5498046875 0.33984375 0.546875 0.3190104166666667 0.552734375 0.31640625 0.5576171875 0.3229166666666667 0.56640625 0.34375 0.568359375 0.3567708333333333 0.5634765625 0.3723958333333333 0.5498046875
4 0.703125 0.1416015625 0.68359375 0.1474609375 0.66015625 0.1611328125 0.64453125 0.181640625 0.6432291666666666 0.2109375 0.6705729166666666 0.2412109375 0.6875 0.2470703125 0.69921875 0.2470703125 0.70703125 0.2451171875 0.7122395833333334 0.236328125 0.7317708333333334 0.228515625 0.74609375 0.205078125 0.75 0.181640625 0.74609375 0.1650390625 0.7291666666666666 0.146484375 0.703125 0.1416015625
7 0.7994791666666666 0.3466796875 0.8059895833333334 0.3447265625 0.8098958333333334 0.3369140625 0.86328125 0.189453125 0.8606770833333334 0.181640625 0.8450520833333334 0.1806640625 0.8294270833333334 0.2021484375 0.8072916666666666 0.25 0.7877604166666666 0.3095703125 0.7838541666666666 0.341796875 0.7994791666666666 0.3466796875