11 0.42502115 0.4287109375 0.517647525 0.4990234375 0.6248294729166666 0.490234375 0.6340921104166667 0.4853515625 0.6420315145833333 0.47265625 0.68172853125 0.4052734375 0.684375 0.392578125 0.517647525 0.248046875 0.5097081208333333 0.2578125 0.4236979166666667 0.421875 0.42502115 0.4287109375
11 0.3418074333333333 0.5224609375 0.33515625 0.5498046875 0.401668075 0.6005859375 0.4136402020833333 0.6025390625 0.49877533749999997 0.5869140625 0.50808699375 0.5810546875 0.53203125 0.513671875 0.49212415625 0.4814453125 0.4801520270833333 0.4765625 0.47217060833333335 0.4658203125 0.4495565875 0.4609375 0.3644214520833333 0.4755859375 0.3418074333333333 0.5224609375
11 0.5630055145833333 0.654296875 0.54301470625 0.6611328125 0.39375 0.744140625 0.39375 0.751953125 0.44572610208333335 0.8271484375 0.5710018375 0.7998046875 0.575 0.75 0.5630055145833333 0.654296875
11 0.83804235625 0.900390625 0.8527440604166666 0.900390625 0.8701188020833333 0.8935546875 0.88214746875 0.88671875 0.9312565083333334 0.871685546875 0.93656916875 0.8184531249999999 0.93828125 0.7353515625 0.9155604333333333 0.740234375 0.7765625 0.8017578125 0.7792355375 0.875 0.83804235625 0.900390625
11 0.7518781041666667 0.609375 0.74921875 0.6259765625 0.8103838999999999 0.681640625 0.8289993791666667 0.6904296875 0.8795271104166668 0.6787109375 0.9313845208333333 0.6474609375 0.9446812916666667 0.626953125 0.9446812916666667 0.5830078125 0.95 0.5634765625 0.8675600166666667 0.5224609375 0.8595819541666666 0.5224609375 0.7744826166666667 0.55078125 0.7518781041666667 0.609375
8 0.6448816875 0.8408203125 0.6232253083333333 0.85546875 0.6164576895833334 0.8681640625 0.6151041666666667 0.8857421875 0.6205182604166667 0.8974609375 0.63134645 0.9072265625 0.6557098770833334 0.916015625 0.6922550145833333 0.916015625 0.7139113937499999 0.904296875 0.7233860604166666 0.8916015625 0.7247395833333333 0.8583984375 0.7057902520833333 0.83984375 0.68954796875 0.8349609375 0.6678915895833334 0.833984375 0.6448816875 0.8408203125
8 0.8525794958333334 0.546875 0.8323903500000001 0.5517578125 0.8095093208333334 0.564453125 0.7987417770833333 0.5810546875 0.7973958333333333 0.59765625 0.8041255479166666 0.6162109375 0.8404660083333333 0.638671875 0.866038925 0.6416015625 0.8916118416666666 0.63671875 0.9091091 0.626953125 0.9239144729166667 0.60546875 0.9252604166666667 0.5869140625 0.9131469291666666 0.5673828125 0.8969956145833333 0.5556640625 0.8781524125 0.548828125 0.8525794958333334 0.546875
8 0.8681770833333334 0.794921875 0.8505729166666666 0.7998046875 0.8316145833333334 0.814453125 0.8221354166666667 0.8330078125 0.8221354166666667 0.849609375 0.82890625 0.865234375 0.8424479166666666 0.8779296875 0.8681770833333334 0.88671875 0.88984375 0.884765625 0.9088020833333333 0.876953125 0.9209895833333334 0.8681640625 0.93046875 0.8525390625 0.9277604166666666 0.8193359375 0.9128645833333333 0.802734375 0.8952604166666667 0.7958984375 0.8681770833333334 0.794921875
11 0 0.9455550671875 0.21598811666666667 0.970703125 0.24902924583333333 0.9453125 0.27017556666666664 0.921875 0.2794270833333333 0.880859375 0.27678379375 0.8662109375 0.0018816020833333333 0.8095703125 0 0.81003375 0 0.9455550671875
3 0.44869791666666664 0.9111328125 0.4472695708333333 0.9033203125 0.43441445624999997 0.896484375 0.4158459604166667 0.896484375 0.4015625 0.904296875 0.4015625 0.9130859375 0.4229876895833333 0.9208984375 0.4358428020833333 0.9189453125 0.44869791666666664 0.9111328125
3 0.17135416666666667 0.8056640625 0.16705729166666666 0.7939453125 0.126953125 0.7998046875 0.12552083333333333 0.80859375 0.13697916666666668 0.822265625 0.15559895833333334 0.82421875 0.16705729166666666 0.81640625 0.17135416666666667 0.8056640625
3 0.22838541666666667 0.6982421875 0.23138640833333335 0.712890625 0.25089285625 0.71484375 0.2598958333333333 0.7119140625 0.2583953375 0.6923828125 0.24939236041666665 0.69140625 0.22838541666666667 0.6982421875
3 0.2708333333333333 0.73046875 0.2755208333333333 0.712890625 0.26614583333333336 0.7099609375 0.25052083333333336 0.7158203125 0.2520833333333333 0.7314453125 0.2708333333333333 0.73046875
3 0.38149801666666666 0.6982421875 0.37399553541666664 0.6982421875 0.35749007916666664 0.708984375 0.35598958333333336 0.716796875 0.36649305625 0.7197265625 0.3859995041666667 0.7119140625 0.3875 0.705078125 0.38149801666666666 0.6982421875
3 0.39921875 0.6689453125 0.38620689583333334 0.6630859375 0.3572916666666667 0.669921875 0.3572916666666667 0.681640625 0.3674119979166666 0.689453125 0.38765265833333334 0.689453125 0.39921875 0.6748046875 0.39921875 0.6689453125
3 0.2765625 0.9287109375 0.2765625 0.9423828125 0.29025493333333335 0.9443359375 0.30546875 0.931640625 0.30546875 0.9248046875 0.30090460625 0.9228515625 0.2765625 0.9287109375
9 0.3485054354166667 0.6962890625 0.33515625 0.7060546875 0.3396059791666667 0.7119140625 0.35147192083333334 0.70703125 0.3692708333333333 0.6904296875 0.3633378625 0.6875 0.3485054354166667 0.6962890625
9 0.3481907895833333 0.7431640625 0.36796875 0.72265625 0.3588404604166667 0.720703125 0.34210526249999995 0.7353515625 0.3390625 0.7412109375 0.3481907895833333 0.7431640625
9 0.7287477354166667 0.70703125 0.72578125 0.712890625 0.7569293479166667 0.732421875 0.7598958333333333 0.7265625 0.7287477354166667 0.70703125
9 0.7808407729166666 0.7197265625 0.7868427583333334 0.7197265625 0.78984375 0.71484375 0.7598338291666666 0.6962890625 0.7583333333333333 0.703125 0.7808407729166666 0.7197265625
9 0.83663949375 0.6494140625 0.83515625 0.654296875 0.8470221916666667 0.6611328125 0.8588881333333334 0.666015625 0.8692708333333333 0.6650390625 0.84405570625 0.6455078125 0.83663949375 0.6494140625
9 0.9434027770833333 0.7236328125 0.9578125 0.724609375 0.95493055625 0.7177734375 0.91602430625 0.703125 0.9145833333333333 0.7099609375 0.9434027770833333 0.7236328125
9 0.9275841354166666 0.3232421875 0.9421875 0.296875 0.9405649041666667 0.28515625 0.9227163458333333 0.3134765625 0.92109375 0.3203125 0.9275841354166666 0.3232421875
9 0.879375 0.3017578125 0.89140625 0.2744140625 0.88625 0.2734375 0.8776562499999999 0.287109375 0.87421875 0.2998046875 0.879375 0.3017578125
9 0.35798611041666667 0.306640625 0.39401041666666664 0.2783203125 0.38392361041666667 0.2744140625 0.35222222291666666 0.2998046875 0.35078125 0.3037109375 0.35798611041666667 0.306640625
7 0.7183210791666668 0.3974609375 0.7019607833333333 0.3955078125 0.6910539208333333 0.3994140625 0.6815104166666667 0.40625 0.6815104166666667 0.412109375 0.6937806375 0.4404296875 0.7169577208333333 0.46875 0.73195465625 0.478515625 0.7564950979166666 0.4736328125 0.7714920333333333 0.4609375 0.77421875 0.4462890625 0.77421875 0.435546875 0.7633118875 0.4169921875 0.7496783083333334 0.408203125 0.7183210791666668 0.3974609375
7 0.92551415625 0.412109375 0.9438301291666666 0.4111328125 0.9565104166666667 0.3828125 0.9508747333333333 0.3486328125 0.9381944437499999 0.3369140625 0.9184695520833334 0.3330078125 0.9015625 0.3515625 0.9015625 0.3681640625 0.9170606312499999 0.404296875 0.92551415625 0.412109375
8 0.46057291666666667 0.716796875 0.4510416666666667 0.732421875 0.45240327291666665 0.75 0.46193452291666665 0.763671875 0.48235863125 0.7744140625 0.5055059520833333 0.7763671875 0.5232068458333333 0.7724609375 0.5436309520833333 0.7548828125 0.5463541666666667 0.7353515625 0.5422693458333333 0.724609375 0.5272916666666666 0.7109375 0.5123139875 0.705078125 0.4755505958333333 0.7080078125 0.46057291666666667 0.716796875
8 0.6303503791666666 0.66015625 0.5952651520833334 0.66796875 0.5709753791666666 0.69140625 0.5669270833333333 0.69921875 0.5709753791666666 0.7236328125 0.5844696979166667 0.7373046875 0.6114583333333333 0.748046875 0.6330492416666667 0.7490234375 0.6505918562499999 0.7451171875 0.6748816291666666 0.7294921875 0.6843276520833333 0.7158203125 0.6856770833333333 0.6953125 0.6735321979166666 0.6767578125 0.6613873104166667 0.66796875 0.6303503791666666 0.66015625
1 0.6361979166666667 0.517578125 0.62109375 0.515625 0.6075 0.51953125 0.6059895833333333 0.52734375 0.6135416666666667 0.5361328125 0.625625 0.5380859375 0.6361979166666667 0.5322265625 0.6361979166666667 0.517578125
1 0.7391989083333333 0.4951171875 0.7361979166666667 0.5009765625 0.7421998999999999 0.51171875 0.7482018854166667 0.5166015625 0.7602058541666668 0.517578125 0.7677083333333333 0.4951171875 0.7391989083333333 0.4951171875
1 0.8246354166666666 0.4765625 0.8321875 0.470703125 0.83671875 0.453125 0.8065104166666667 0.4541015625 0.8125520833333333 0.470703125 0.8246354166666666 0.4765625
1 0.8725183833333333 0.41796875 0.8833486520833334 0.4072265625 0.8848958333333333 0.3935546875 0.85859375 0.392578125 0.85859375 0.41015625 0.8725183833333333 0.41796875
4 0.5229222666666666 0.62109375 0.47578125 0.650390625 0.47712813541666665 0.6611328125 0.5054127458333333 0.6669921875 0.5283098125 0.666015625 0.5619819666666667 0.6513671875 0.5821852604166666 0.6357421875 0.5983478937500001 0.6142578125 0.6010416666666667 0.59375 0.5943072354166666 0.5771484375 0.5808383729166666 0.5712890625 0.5579413083333333 0.576171875 0.5417786729166667 0.6025390625 0.5229222666666666 0.62109375
1 0.50859375 0.3798828125 0.5041440208333333 0.37109375 0.4759624104166667 0.3740234375 0.4744791666666667 0.3818359375 0.4848618666666667 0.3916015625 0.4952445645833333 0.3935546875 0.5041440208333333 0.3896484375 0.50859375 0.3798828125
4 0.5691653750000001 0.40234375 0.5090220395833334 0.400390625 0.49432033333333336 0.4033203125 0.48362818541666663 0.4169921875 0.4822916666666667 0.4296875 0.5010029270833333 0.44140625 0.5304063354166667 0.453125 0.5584732270833332 0.4580078125 0.5958957479166667 0.4541015625 0.6212896 0.4453125 0.6440104166666667 0.4248046875 0.6426738979166667 0.416015625 0.626635675 0.3974609375 0.61728004375 0.3935546875 0.5999053020833334 0.3935546875 0.5691653750000001 0.40234375
10 0.26875 0.5869140625 0.28390625 0.609375 0.31008522708333336 0.623046875 0.34453125 0.6171875 0.34453125 0.599609375 0.3252414770833333 0.5771484375 0.2949289770833333 0.5595703125 0.28666193125 0.556640625 0.27563920416666665 0.5595703125 0.26875 0.5693359375 0.26875 0.5869140625
4 0.6009598208333333 0.623046875 0.6322767854166667 0.6240234375 0.67448660625 0.61328125 0.69082589375 0.603515625 0.6921875 0.5966796875 0.6799330354166667 0.5869140625 0.6540625 0.58203125 0.6132142854166667 0.5908203125 0.5995982145833333 0.603515625 0.596875 0.6201171875 0.6009598208333333 0.623046875
4 0.4879474770833333 0.537109375 0.5138020833333333 0.53515625 0.5110805458333333 0.505859375 0.4879474770833333 0.4912109375 0.46345363749999996 0.482421875 0.4525674875 0.482421875 0.4171875 0.5 0.4171875 0.5087890625 0.4389598 0.5224609375 0.4879474770833333 0.537109375
4 0.40579769791666664 0.556640625 0.4424342104166667 0.5712890625 0.48042763125000004 0.5751953125 0.50078125 0.5703125 0.49671052708333335 0.5498046875 0.48992598750000005 0.541015625 0.45736019791666666 0.529296875 0.42615131666666667 0.5283203125 0.39901315833333334 0.544921875 0.39765625 0.5498046875 0.40579769791666664 0.556640625
3 0.7350942458333333 0.6943359375 0.73359375 0.7021484375 0.7576016875 0.701171875 0.7651041666666667 0.6953125 0.7651041666666667 0.685546875 0.7576016875 0.6826171875 0.7350942458333333 0.6943359375
3 0.7079308708333334 0.69921875 0.7049479166666667 0.7099609375 0.7258285979166667 0.7109375 0.7362689395833333 0.7021484375 0.7377604166666667 0.69140625 0.7243371208333333 0.6884765625 0.7079308708333334 0.69921875
10 0.6657552083333333 0.6650390625 0.6700520833333333 0.6494140625 0.6600260416666667 0.638671875 0.6356770833333333 0.6357421875 0.6256510416666666 0.640625 0.62421875 0.650390625 0.6313802083333333 0.658203125 0.6557291666666667 0.666015625 0.6657552083333333 0.6650390625
1 0.4715672354166667 0.2880859375 0.45217803125 0.2861328125 0.4432291666666667 0.2900390625 0.4506865520833333 0.3076171875 0.46112689375000004 0.3095703125 0.4715672354166667 0.3046875 0.47604166666666664 0.2939453125 0.4715672354166667 0.2880859375
4 0.45904148333333333 0.2578125 0.45216557083333336 0.2548828125 0.38203125 0.2568359375 0.38203125 0.2724609375 0.41916118333333335 0.2861328125 0.4494152041666667 0.2783203125 0.46041666666666664 0.2685546875 0.45904148333333333 0.2578125
0 0.9276041666666667 0.4892578125 0.92913773125 0.4951171875 0.9475405083333333 0.49609375 0.9552083333333333 0.4873046875 0.9506076395833334 0.48046875 0.9383391208333334 0.4794921875 0.9276041666666667 0.4892578125
0 0.9080729166666667 0.408203125 0.9098379624999999 0.4169921875 0.9239583333333333 0.419921875 0.9204282416666667 0.408203125 0.9080729166666667 0.408203125
3 0.8208333333333333 0.6484375 0.8208333333333333 0.6572265625 0.8318923604166667 0.6611328125 0.8397916666666667 0.658203125 0.84453125 0.6435546875 0.8350520833333334 0.642578125 0.8208333333333333 0.6484375
2 0.20011837083333334 0.876953125 0.1984375 0.880859375 0.21692708333333333 0.8876953125 0.21356534166666666 0.8759765625 0.20011837083333334 0.876953125
2 0.19192708333333333 0.89453125 0.19369212916666667 0.900390625 0.2078125 0.904296875 0.2078125 0.89453125 0.19192708333333333 0.89453125
2 0.15619791666666666 0.9296875 0.1609375 0.9140625 0.14987847291666664 0.9130859375 0.13723958333333333 0.9208984375 0.14197916666666668 0.9296875 0.15619791666666666 0.9296875
2 0.08923611041666667 0.919921875 0.0984375 0.9013671875 0.08310185208333333 0.8974609375 0.07083333333333333 0.912109375 0.07083333333333333 0.9189453125 0.08923611041666667 0.919921875
2 0.0578125 0.8994140625 0.0578125 0.9091796875 0.07630208333333334 0.9072265625 0.07294034166666667 0.896484375 0.0578125 0.8994140625
1 0 0.463654790625 0.006729166666666666 0.4755859375 0.018479166666666665 0.478515625 0.03463541666666667 0.451171875 0.0037916666666666667 0.4462890625 0 0.4469193265625 0 0.463654790625
1 0.08776041666666666 0.537109375 0.08927083333333334 0.5439453125 0.10890625 0.5556640625 0.11796875 0.5390625 0.08776041666666666 0.537109375
8 0.07630208333333334 0.5126953125 0.07353451875 0.5029296875 0.06108047291666666 0.494140625 0.04585886458333333 0.4931640625 0.00849673125 0.5009765625 0.005729166666666666 0.5048828125 0.02648590625 0.505859375 0.06523182291666667 0.5234375 0.07630208333333334 0.5126953125
1 0.6259594291666667 0.4482421875 0.6229166666666667 0.4580078125 0.62900219375 0.462890625 0.6442160083333334 0.455078125 0.6518229166666667 0.4453125 0.63508771875 0.44140625 0.6259594291666667 0.4482421875
2 0.4537326395833333 0.4140625 0.460792825 0.4111328125 0.46432291666666664 0.3994140625 0.4502025458333333 0.404296875 0.4484375 0.4140625 0.4537326395833333 0.4140625
2 0.40546875 0.4892578125 0.40899884166666667 0.494140625 0.42135416666666664 0.4912109375 0.417824075 0.4873046875 0.40546875 0.4892578125
3 0 0.3277183984375 0.030042614583333335 0.3359375 0.05099431875 0.333984375 0.059375 0.3173828125 0.05518465833333333 0.30078125 0.032836175 0.2919921875 0.002107008333333333 0.29296875 0 0.2939508296875 0 0.3277183984375