4 0.1640625 0.2236328125 0.14322916666666666 0.2265625 0.10416666666666667 0.2197265625 0.09375 0.2236328125 0.08333333333333333 0.2353515625 0.0859375 0.267578125 0.10286458333333333 0.2919921875 0.11588541666666667 0.30078125 0.14192708333333334 0.3095703125 0.15625 0.310546875 0.171875 0.306640625 0.19140625 0.2939453125 0.19791666666666666 0.2724609375 0.1953125 0.25390625 0.18489583333333334 0.2353515625 0.17317708333333334 0.2265625 0.1640625 0.2236328125
11 0.10546875 0.2958984375 0.0859375 0.2822265625 0.08203125 0.2705078125 0.06640625 0.2626953125 0.052083333333333336 0.265625 0.032552083333333336 0.3125 0.03515625 0.328125 0.059895833333333336 0.3623046875 0.0703125 0.3701171875 0.15364583333333334 0.3828125 0.21223958333333334 0.359375 0.21744791666666666 0.3525390625 0.21223958333333334 0.345703125 0.18880208333333334 0.3349609375 0.16015625 0.3134765625 0.12760416666666666 0.30859375 0.10416666666666667 0.298828125 0.10546875 0.2958984375
11 0.10026041666666667 0.2958984375 0.09114583333333333 0.283203125 0.07682291666666667 0.2822265625 0.07552083333333333 0.27734375 0.08333333333333333 0.275390625 0.08333333333333333 0.2724609375 0.06901041666666667 0.263671875 0.053385416666666664 0.2646484375 0.032552083333333336 0.3134765625 0.03515625 0.328125 0.06380208333333333 0.3662109375 0.08463541666666667 0.373046875 0.15104166666666666 0.3837890625 0.20572916666666666 0.3623046875 0.21614583333333334 0.3544921875 0.21484375 0.3486328125 0.18880208333333334 0.3359375 0.16145833333333334 0.3134765625 0.11979166666666667 0.306640625 0.10546875 0.2958984375 0.10026041666666667 0.2958984375
4 0.09114583333333333 0.283203125 0.07291666666666667 0.29296875 0.0625 0.31640625 0.061197916666666664 0.3427734375 0.07161458333333333 0.357421875 0.10546875 0.3720703125 0.12239583333333333 0.3720703125 0.14322916666666666 0.369140625 0.15600130208333332 0.3643115234375 0.16536458333333334 0.359375 0.17838541666666666 0.349609375 0.18489583333333334 0.3349609375 0.16276041666666666 0.314453125 0.1171875 0.3037109375 0.09114583333333333 0.283203125
4 0.08984375 0.486328125 0.078125 0.46875 0.07552083333333333 0.453125 0.06640625 0.4453125 0.053385416666666664 0.4443359375 0.032552083333333336 0.4677734375 0.03125 0.494140625 0.03515625 0.50390625 0.06640625 0.5263671875 0.09505208333333333 0.533203125 0.13932291666666666 0.5341796875 0.15755208333333334 0.5244140625 0.16276041666666666 0.5146484375 0.16276041666666666 0.5009765625 0.15755208333333334 0.49609375 0.14453125 0.4912109375 0.11197916666666667 0.4912109375 0.08984375 0.486328125
4 0.16276041666666666 0.47265625 0.13541666666666666 0.4541015625 0.1328125 0.462890625 0.14973958333333334 0.48828125 0.16666666666666666 0.50390625 0.19010416666666666 0.515625 0.21223958333333334 0.5166015625 0.22395833333333334 0.513671875 0.24869791666666666 0.5 0.24869791666666666 0.494140625 0.24479166666666666 0.4931640625 0.22916666666666666 0.4951171875 0.19791666666666666 0.4892578125 0.16276041666666666 0.47265625
3 0.3072916666666667 0.2109375 0.30859375 0.1982421875 0.29296875 0.1845703125 0.2721354166666667 0.1767578125 0.26171875 0.181640625 0.2604166666666667 0.1962890625 0.2721354166666667 0.2099609375 0.2877604166666667 0.2138671875 0.3072916666666667 0.2109375
1 0.24739583333333334 0.2734375 0.24348958333333334 0.279296875 0.2578125 0.291015625 0.2669270833333333 0.2880859375 0.2760416666666667 0.275390625 0.2734375 0.271484375 0.24739583333333334 0.2734375
1 0.2955729166666667 0.349609375 0.29296875 0.3544921875 0.3033854166666667 0.3671875 0.3111979166666667 0.3662109375 0.3255208333333333 0.353515625 0.3190104166666667 0.349609375 0.2955729166666667 0.349609375
1 0.4700520833333333 0.3408203125 0.4674479166666667 0.3310546875 0.44140625 0.3310546875 0.4401041666666667 0.3359375 0.4518229166666667 0.349609375 0.45703125 0.3525390625 0.4635416666666667 0.3505859375 0.4700520833333333 0.3408203125
1 0.5651041666666666 0.2685546875 0.5572916666666666 0.265625 0.53515625 0.267578125 0.5338541666666666 0.2724609375 0.54296875 0.2841796875 0.5533854166666666 0.2890625 0.5625 0.279296875 0.5651041666666666 0.2685546875
1 0.5638020833333334 0.373046875 0.5625 0.3779296875 0.5703125 0.390625 0.5807291666666666 0.3955078125 0.5924479166666666 0.3857421875 0.5911458333333334 0.3740234375 0.5638020833333334 0.373046875
1 0.80078125 0.265625 0.8125 0.283203125 0.8229166666666666 0.2861328125 0.8333333333333334 0.2734375 0.8333333333333334 0.2646484375 0.8138020833333334 0.26171875 0.80078125 0.265625
1 0.9140625 0.3125 0.9140625 0.3203125 0.9283854166666666 0.3330078125 0.93359375 0.3330078125 0.9466145833333334 0.3212890625 0.94140625 0.3095703125 0.9140625 0.3125
1 0.80078125 0.4404296875 0.7981770833333334 0.4453125 0.8098958333333334 0.4599609375 0.8203125 0.4619140625 0.8333333333333334 0.443359375 0.8268229166666666 0.439453125 0.80078125 0.4404296875
0 0.52734375 0.25 0.51953125 0.25 0.5091145833333334 0.255859375 0.5078125 0.259765625 0.5169270833333334 0.26171875 0.53125 0.2587890625 0.5338541666666666 0.2548828125 0.52734375 0.25
9 0.4895833333333333 0.2900390625 0.4895833333333333 0.298828125 0.5052083333333334 0.2978515625 0.5013020833333334 0.283203125 0.51171875 0.2626953125 0.50390625 0.2646484375 0.4895833333333333 0.2900390625
9 0.41796875 0.24609375 0.4153645833333333 0.2392578125 0.3984375 0.2412109375 0.3997395833333333 0.251953125 0.3932291666666667 0.2666015625 0.4010416666666667 0.2646484375 0.4088541666666667 0.251953125 0.41796875 0.24609375
9 0.2643229166666667 0.24609375 0.26953125 0.248046875 0.2799479166666667 0.248046875 0.28515625 0.244140625 0.2825520833333333 0.2333984375 0.2890625 0.2158203125 0.27734375 0.2236328125 0.2747395833333333 0.2314453125 0.2643229166666667 0.2392578125 0.2643229166666667 0.24609375
9 0.90234375 0.3486328125 0.88671875 0.34375 0.8802083333333334 0.3515625 0.8697916666666666 0.3759765625 0.8723958333333334 0.3818359375 0.88671875 0.3603515625 0.9010416666666666 0.3564453125 0.90234375 0.3486328125
9 0.8697916666666666 0.3037109375 0.87109375 0.294921875 0.8802083333333334 0.2783203125 0.8697916666666666 0.2783203125 0.8580729166666666 0.3037109375 0.8567708333333334 0.3193359375 0.8723958333333334 0.3173828125 0.8763020833333334 0.310546875 0.8697916666666666 0.3037109375
9 0.9765625 0.341796875 0.9739583333333334 0.3359375 0.9596354166666666 0.353515625 0.9505208333333334 0.37109375 0.9622395833333334 0.3798828125 0.9765625 0.369140625 0.96875 0.3583984375 0.9765625 0.341796875
9 0.7200520833333334 0.6298828125 0.7369791666666666 0.6103515625 0.7526041666666666 0.6064453125 0.7552083333333334 0.6025390625 0.7513020833333334 0.5927734375 0.7356770833333334 0.5927734375 0.7317708333333334 0.595703125 0.73046875 0.607421875 0.71875 0.623046875 0.7200520833333334 0.6298828125
9 0.5364583333333334 0.56640625 0.5364583333333334 0.5810546875 0.5286458333333334 0.6025390625 0.5442708333333334 0.578125 0.5533854166666666 0.5751953125 0.5520833333333334 0.56640625 0.5364583333333334 0.56640625
9 0.37890625 0.64453125 0.375 0.611328125 0.3723958333333333 0.6083984375 0.3684895833333333 0.611328125 0.3658854166666667 0.640625 0.37890625 0.64453125
9 0.33203125 0.564453125 0.33203125 0.5478515625 0.3268229166666667 0.546875 0.3255208333333333 0.57421875 0.33203125 0.578125 0.3385416666666667 0.576171875 0.3385416666666667 0.572265625 0.33203125 0.564453125
9 0.2890625 0.6640625 0.29296875 0.6435546875 0.2903645833333333 0.6337890625 0.2864583333333333 0.6357421875 0.2825520833333333 0.6552734375 0.2890625 0.6640625
9 0.22916666666666666 0.6875 0.22786458333333334 0.70703125 0.24088541666666666 0.7138671875 0.23828125 0.689453125 0.22916666666666666 0.6875
9 0.2721354166666667 0.662109375 0.2747395833333333 0.6845703125 0.2825520833333333 0.6875 0.2825520833333333 0.666015625 0.2721354166666667 0.662109375
9 0.21614583333333334 0.6728515625 0.21354166666666666 0.6484375 0.20833333333333334 0.6416015625 0.203125 0.642578125 0.20442708333333334 0.669921875 0.21614583333333334 0.6728515625
9 0.12239583333333333 0.791015625 0.13802083333333334 0.7626953125 0.125 0.7607421875 0.11848958333333333 0.7734375 0.11458333333333333 0.787109375 0.12239583333333333 0.791015625
9 0.8919270833333334 0.728515625 0.8723958333333334 0.724609375 0.8671875 0.7294921875 0.86328125 0.7626953125 0.8697916666666666 0.76953125 0.8723958333333334 0.7548828125 0.8893229166666666 0.740234375 0.8919270833333334 0.728515625
9 0.5882395833333334 0.6503759765625 0.59188671875 0.6608583984374999 0.5931015625 0.6863818359375 0.6028242187499999 0.682279296875 0.6022174479166666 0.6617705078125 0.61437109375 0.6608583984374999 0.6082942708333333 0.648552734375 0.5906705729166667 0.6462744140625001 0.5882395833333334 0.6503759765625
11 0.4453125 0.9091796875 0.4622395833333333 0.8154296875 0.46484375 0.7724609375 0.4596354166666667 0.76953125 0.3033854166666667 0.767578125 0.3046875 0.77734375 0.3502604166666667 0.845703125 0.4166666666666667 0.9052734375 0.4453125 0.9091796875
11 0.3020833333333333 0.865234375 0.3567708333333333 0.8955078125 0.36328125 0.865234375 0.359375 0.8544921875 0.34765625 0.8466796875 0.328125 0.849609375 0.3138020833333333 0.84765625 0.3111979166666667 0.8408203125 0.3203125 0.8291015625 0.3190104166666667 0.82421875 0.2942708333333333 0.82421875 0.3020833333333333 0.865234375
11 0.8828125 0.69140625 0.8828125 0.7001953125 0.9309895833333334 0.755859375 0.9427083333333334 0.763671875 0.9752604166666666 0.71484375 0.98828125 0.6845703125 0.8828125 0.69140625
11 0.9791666666666666 0.716796875 0.96875 0.72265625 0.9427083333333334 0.7666015625 0.9427083333333334 0.77734375 0.9986979166666666 0.7998046875 0.9986979166666666 0.6953125 0.9869791666666666 0.6953125 0.9791666666666666 0.716796875
6 0.6666666666666666 0.6328125 0.6744791666666666 0.626953125 0.6822916666666666 0.609375 0.6783854166666666 0.599609375 0.6692708333333334 0.59375 0.65234375 0.595703125 0.6354166666666666 0.609375 0.6341145833333334 0.6298828125 0.64453125 0.6376953125 0.6666666666666666 0.6328125
6 0.6184895833333334 0.6435546875 0.6341145833333334 0.630859375 0.6328125 0.6162109375 0.6145833333333334 0.6103515625 0.6015625 0.6171875 0.59765625 0.623046875 0.6002604166666666 0.634765625 0.60546875 0.640625 0.6184895833333334 0.6435546875
6 0.5963541666666666 0.6201171875 0.6106770833333334 0.609375 0.61328125 0.595703125 0.6067708333333334 0.5849609375 0.58984375 0.576171875 0.5703125 0.5859375 0.5611979166666666 0.6005859375 0.5611979166666666 0.6201171875 0.57421875 0.6259765625 0.5963541666666666 0.6201171875
6 0.7890625 0.556640625 0.7903645833333334 0.5458984375 0.7838541666666666 0.5390625 0.7682291666666666 0.5390625 0.7604166666666666 0.544921875 0.7591145833333334 0.5537109375 0.7643229166666666 0.5634765625 0.7786458333333334 0.564453125 0.7890625 0.556640625
6 0.8723958333333334 0.4013671875 0.8763020833333334 0.384765625 0.8502604166666666 0.3740234375 0.8411458333333334 0.3759765625 0.8255208333333334 0.392578125 0.82421875 0.4033203125 0.8294270833333334 0.4111328125 0.8515625 0.4169921875 0.8723958333333334 0.4013671875
6 0.37109375 0.5771484375 0.3697916666666667 0.5869140625 0.3763020833333333 0.6064453125 0.4010416666666667 0.609375 0.40234375 0.58203125 0.3815104166666667 0.572265625 0.37109375 0.5771484375
6 0.2760416666666667 0.6123046875 0.2760416666666667 0.6259765625 0.296875 0.6337890625 0.30078125 0.630859375 0.2994791666666667 0.61328125 0.2890625 0.609375 0.2760416666666667 0.6123046875
2 0.8828125 0.630859375 0.8841145833333334 0.6396484375 0.9010416666666666 0.6376953125 0.8971354166666666 0.62890625 0.8828125 0.630859375
2 0.6263020833333334 0.650390625 0.6354166666666666 0.6494140625 0.6341145833333334 0.6396484375 0.6223958333333334 0.6416015625 0.62109375 0.646484375 0.6263020833333334 0.650390625
2 0.7565104166666666 0.84765625 0.7565104166666666 0.857421875 0.7682291666666666 0.861328125 0.7721354166666666 0.85546875 0.76953125 0.849609375 0.7630208333333334 0.845703125 0.7565104166666666 0.84765625
2 0.6432291666666666 0.8427734375 0.6432291666666666 0.84765625 0.6549479166666666 0.84765625 0.6549479166666666 0.8408203125 0.6432291666666666 0.8427734375
2 0.6770833333333334 0.7919921875 0.67578125 0.7998046875 0.6848958333333334 0.80078125 0.6861979166666666 0.7939453125 0.6770833333333334 0.7919921875
4 0.4674479166666667 0.580078125 0.484375 0.544921875 0.4830729166666667 0.5361328125 0.3697916666666667 0.517578125 0.359375 0.529296875 0.3580729166666667 0.5380859375 0.3658854166666667 0.54296875 0.4244791666666667 0.5673828125 0.4674479166666667 0.580078125
4 0.5455729166666666 0.6650390625 0.5546875 0.62109375 0.4375 0.5712890625 0.4244791666666667 0.5693359375 0.4231770833333333 0.572265625 0.421875 0.5947265625 0.42578125 0.6005859375 0.4986979166666667 0.6513671875 0.5455729166666666 0.6650390625
0 0.4713541666666667 0.60546875 0.47265625 0.615234375 0.4908854166666667 0.626953125 0.5104166666666666 0.623046875 0.5065859375 0.6203017578125001 0.47333593749999997 0.60090625 0.4713541666666667 0.60546875
0 0.49965885416666667 0.6043701171875 0.49827343749999997 0.6164912109375 0.5255182291666667 0.6279208984375 0.5444518229166667 0.6223798828125 0.49965885416666667 0.6043701171875
8 0.5416666666666666 0.4423828125 0.57421875 0.40625 0.5755208333333334 0.3974609375 0.5533854166666666 0.3837890625 0.5455729166666666 0.3828125 0.53515625 0.3935546875 0.5182291666666666 0.4248046875 0.5169270833333334 0.4365234375 0.5299479166666666 0.4443359375 0.5416666666666666 0.4423828125
0 0.6067708333333334 0.4033203125 0.60546875 0.421875 0.6184895833333334 0.408203125 0.6380208333333334 0.3974609375 0.6380208333333334 0.38671875 0.625 0.38671875 0.6067708333333334 0.4033203125
0 0.6197916666666666 0.408203125 0.60546875 0.4228515625 0.609375 0.431640625 0.6158854166666666 0.431640625 0.640625 0.40234375 0.6328125 0.400390625 0.6197916666666666 0.408203125
4 0.7200520833333334 0.8369140625 0.7200520833333334 0.8310546875 0.6067708333333334 0.763671875 0.6015625 0.763671875 0.5963541666666666 0.76953125 0.59765625 0.78515625 0.6692708333333334 0.849609375 0.7018229166666666 0.861328125 0.7200520833333334 0.8369140625
8 0.7721354166666666 0.73046875 0.7669270833333334 0.7119140625 0.7473958333333334 0.701171875 0.7356770833333334 0.705078125 0.7161458333333334 0.72265625 0.7109375 0.7353515625 0.72265625 0.7451171875 0.73828125 0.744140625 0.7721354166666666 0.73046875
8 0.78515625 0.7705078125 0.8138020833333334 0.7568359375 0.8151041666666666 0.74609375 0.8033854166666666 0.7314453125 0.7838541666666666 0.7265625 0.7721354166666666 0.7333984375 0.7565104166666666 0.75390625 0.7552083333333334 0.76171875 0.76171875 0.767578125 0.78515625 0.7705078125
7 0.22265625 0.5986328125 0.22916666666666666 0.6240234375 0.2421875 0.6376953125 0.26171875 0.640625 0.2682291666666667 0.6337890625 0.2682291666666667 0.6142578125 0.2591145833333333 0.5830078125 0.2513020833333333 0.5732421875 0.23697916666666666 0.56640625 0.22916666666666666 0.568359375 0.22395833333333334 0.5791015625 0.22265625 0.5986328125
7 0.20703125 0.6396484375 0.22265625 0.6416015625 0.23046875 0.63671875 0.23177083333333334 0.62890625 0.22265625 0.6103515625 0.22135416666666666 0.580078125 0.20442708333333334 0.5693359375 0.19661458333333334 0.5703125 0.19010416666666666 0.580078125 0.19140625 0.6220703125 0.20703125 0.6396484375
3 0.01953125 0.57421875 0.037760416666666664 0.5849609375 0.07421875 0.58984375 0.08463541666666667 0.5849609375 0.09244791666666667 0.564453125 0.08333333333333333 0.5634765625 0.061197916666666664 0.572265625 0.053385416666666664 0.55859375 0.044270833333333336 0.5556640625 0.026041666666666668 0.5634765625 0.020833333333333332 0.5712890625 0.01953125 0.57421875
3 0.3307291666666667 0.544921875 0.33203125 0.5341796875 0.32421875 0.525390625 0.2890625 0.5126953125 0.2799479166666667 0.515625 0.2786458333333333 0.5224609375 0.2838541666666667 0.52734375 0.3020833333333333 0.537109375 0.3307291666666667 0.544921875
3 0.2916666666666667 0.5302734375 0.27734375 0.5244140625 0.2669270833333333 0.525390625 0.265625 0.53125 0.2708333333333333 0.537109375 0.29296875 0.5419921875 0.296875 0.5341796875 0.2916666666666667 0.5302734375
3 0.17838541666666666 0.548828125 0.16276041666666666 0.541015625 0.13802083333333334 0.54296875 0.13541666666666666 0.546875 0.14583333333333334 0.552734375 0.17317708333333334 0.560546875 0.1796875 0.5576171875 0.17838541666666666 0.548828125
3 0.14322916666666666 0.5537109375 0.13932291666666666 0.5517578125 0.12109375 0.552734375 0.11848958333333333 0.5576171875 0.12760416666666666 0.5634765625 0.13671875 0.5634765625 0.14192708333333334 0.5595703125 0.14322916666666666 0.5537109375
3 0.11197916666666667 0.796875 0.11197916666666667 0.8056640625 0.13020833333333334 0.8134765625 0.13411458333333334 0.806640625 0.12890625 0.796875 0.12239583333333333 0.7919921875 0.11197916666666667 0.796875
3 0.09114583333333333 0.7841796875 0.08984375 0.796875 0.10807291666666667 0.802734375 0.11458333333333333 0.79296875 0.11328125 0.78515625 0.109375 0.7822265625 0.09114583333333333 0.7841796875
10 0.4036458333333333 0.7333984375 0.4075520833333333 0.7470703125 0.4205729166666667 0.7509765625 0.4153645833333333 0.7333984375 0.4036458333333333 0.7333984375
7 0.46484375 0.8076171875 0.47265625 0.8134765625 0.4895833333333333 0.81640625 0.4986979166666667 0.791015625 0.5078125 0.7802734375 0.52734375 0.7685546875 0.5234375 0.7373046875 0.515625 0.73046875 0.4791666666666667 0.7265625 0.46875 0.7265625 0.4661458333333333 0.734375 0.46484375 0.8076171875
10 0.63671875 0.68359375 0.6236979166666666 0.6748046875 0.59375 0.681640625 0.5950520833333334 0.6953125 0.609375 0.7138671875 0.6184895833333334 0.7158203125 0.640625 0.6962890625 0.63671875 0.68359375
11 0.6783854166666666 0.6708984375 0.63671875 0.65234375 0.6276041666666666 0.65234375 0.6328125 0.6767578125 0.64453125 0.6953125 0.6510416666666666 0.6962890625 0.6783854166666666 0.677734375 0.6783854166666666 0.6708984375
8 0.7591145833333334 0.4365234375 0.7760416666666666 0.4384765625 0.79296875 0.435546875 0.80859375 0.42578125 0.8138020833333334 0.3916015625 0.7916666666666666 0.373046875 0.7825520833333334 0.369140625 0.7669270833333334 0.3701171875 0.7395833333333334 0.3955078125 0.7395833333333334 0.41796875 0.7591145833333334 0.4365234375
7 0.7434895833333334 0.375 0.7408854166666666 0.369140625 0.7291666666666666 0.36328125 0.6979166666666666 0.365234375 0.6705729166666666 0.3798828125 0.65234375 0.3994140625 0.6419270833333334 0.4248046875 0.640625 0.44140625 0.6458333333333334 0.4599609375 0.6614583333333334 0.4775390625 0.6744791666666666 0.484375 0.6875 0.4873046875 0.7239583333333334 0.484375 0.7395833333333334 0.478515625 0.7604166666666666 0.4609375 0.7630208333333334 0.4404296875 0.7434895833333334 0.4267578125 0.7356770833333334 0.412109375 0.7434895833333334 0.375
7 0.8411458333333334 0.369140625 0.8359375 0.3447265625 0.8268229166666666 0.3388671875 0.8138020833333334 0.337890625 0.7916666666666666 0.3544921875 0.7890625 0.3701171875 0.8125 0.3876953125 0.82421875 0.3876953125 0.8411458333333334 0.369140625
0 0.11067708333333333 0.38671875 0.11067708333333333 0.3974609375 0.11588541666666667 0.4013671875 0.13802083333333334 0.400390625 0.14315494791666666 0.38998339843749996 0.11914192708333333 0.3840947265625 0.11067708333333333 0.38671875
10 0.2825520833333333 0.6865234375 0.24348958333333334 0.685546875 0.23697916666666666 0.689453125 0.2421875 0.705078125 0.26171875 0.720703125 0.26953125 0.720703125 0.2864583333333333 0.7041015625 0.2825520833333333 0.6865234375
3 0.22135416666666666 0.6708984375 0.22265625 0.6796875 0.23958333333333334 0.6865234375 0.24348958333333334 0.681640625 0.24088541666666666 0.666015625 0.23307291666666666 0.6611328125 0.22135416666666666 0.6708984375
6 0.9479166666666666 0.5390625 0.9401041666666666 0.50390625 0.9348958333333334 0.5 0.8854166666666666 0.4892578125 0.8385416666666666 0.51171875 0.8463541666666666 0.54296875 0.8763020833333334 0.552734375 0.9114583333333334 0.5556640625 0.9479166666666666 0.5390625
6 0.8919270833333334 0.48046875 0.9166666666666666 0.4951171875 0.9596354166666666 0.5087890625 0.98046875 0.50390625 0.9908854166666666 0.4951171875 0.98828125 0.4755859375 0.9700520833333334 0.4609375 0.9466145833333334 0.451171875 0.9348958333333334 0.4521484375 0.9036458333333334 0.4638671875 0.8932291666666666 0.4775390625 0.8919270833333334 0.48046875
6 0.8658854166666666 0.2607421875 0.8671875 0.271484375 0.8723958333333334 0.275390625 0.8854166666666666 0.2763671875 0.9388020833333334 0.2685546875 0.953125 0.255859375 0.9544270833333334 0.2431640625 0.93359375 0.2265625 0.9127604166666666 0.2236328125 0.890625 0.2294921875 0.8723958333333334 0.2509765625 0.8658854166666666 0.2607421875
7 0.6822916666666666 0.4990234375 0.6640625 0.4990234375 0.65625 0.51171875 0.6536458333333334 0.5380859375 0.6822916666666666 0.5390625 0.6927083333333334 0.5185546875 0.6888020833333334 0.5029296875 0.6822916666666666 0.4990234375
8 0.5325520833333334 0.5458984375 0.54296875 0.560546875 0.5625 0.568359375 0.5755208333333334 0.5693359375 0.6028645833333334 0.55859375 0.6080729166666666 0.53515625 0.6015625 0.515625 0.59375 0.5087890625 0.5755208333333334 0.505859375 0.5559895833333334 0.509765625 0.53515625 0.5224609375 0.5325520833333334 0.5458984375
7 0.4205729166666667 0.2734375 0.3958333333333333 0.2685546875 0.37109375 0.302734375 0.37109375 0.314453125 0.4114583333333333 0.3193359375 0.4322916666666667 0.296875 0.4388020833333333 0.28125 0.4205729166666667 0.2734375
0 0.21875 0.27734375 0.2109375 0.2734375 0.19921875 0.2763671875 0.20052083333333334 0.2900390625 0.21223958333333334 0.29296875 0.22005208333333334 0.291015625 0.22395833333333334 0.2822265625 0.21875 0.27734375
3 0.4348958333333333 0.609375 0.4231770833333333 0.599609375 0.4192708333333333 0.587890625 0.4088541666666667 0.5859375 0.4049479166666667 0.5888671875 0.4036458333333333 0.611328125 0.4166666666666667 0.6162109375 0.4322916666666667 0.615234375 0.4348958333333333 0.609375
0 0.6979166666666666 0.626953125 0.69140625 0.6318359375 0.69140625 0.6396484375 0.70703125 0.646484375 0.71875 0.6318359375 0.7096354166666666 0.6259765625 0.6979166666666666 0.626953125
3 0.921875 0.66796875 0.9127604166666666 0.6572265625 0.8997395833333334 0.6552734375 0.875 0.66015625 0.859375 0.6708984375 0.859375 0.6787109375 0.8697916666666666 0.6826171875 0.9153645833333334 0.6767578125 0.921875 0.66796875