4 0.18489583290816328 0.2353515625 0.17317708290816328 0.2265625 0.1640625 0.2236328125 0.14322916709183675 0.2265625 0.10416666709183674 0.2197265625 0.09375 0.2236328125 0.08333333290816326 0.2353515625 0.0859375 0.267578125 0.10286458290816326 0.2919921875 0.11588541709183674 0.30078125 0.14192708290816325 0.3095703125 0.15625 0.310546875 0.171875 0.306640625 0.19140625 0.2939453125 0.19791666709183672 0.2724609375 0.1953125 0.25390625 0.18489583290816328 0.2353515625
11 0.12760416709183675 0.30859375 0.10416666709183674 0.298828125 0.10546875 0.2958984375 0.0859375 0.2822265625 0.08203125 0.2705078125 0.06640625 0.2626953125 0.05208333290816327 0.265625 0.03255208290816326 0.3125 0.03515625 0.328125 0.05989583290816327 0.3623046875 0.0703125 0.3701171875 0.15364583290816325 0.3828125 0.21223958290816328 0.359375 0.21744791709183672 0.3525390625 0.21223958290816328 0.345703125 0.18880208290816328 0.3349609375 0.16015625 0.3134765625 0.12760416709183675 0.30859375
11 0.11979166709183674 0.306640625 0.10546875 0.2958984375 0.10026041709183674 0.2958984375 0.09114583290816326 0.283203125 0.07682291709183674 0.2822265625 0.07552083290816326 0.27734375 0.08333333290816326 0.275390625 0.08333333290816326 0.2724609375 0.06901041709183674 0.263671875 0.05338541709183673 0.2646484375 0.03255208290816326 0.3134765625 0.03515625 0.328125 0.06380208290816326 0.3662109375 0.08463541709183674 0.373046875 0.15104166709183675 0.3837890625 0.20572916709183672 0.3623046875 0.21614583290816328 0.3544921875 0.21484375 0.3486328125 0.18880208290816328 0.3359375 0.16145833290816325 0.3134765625 0.11979166709183674 0.306640625
4 0.16276041709183675 0.314453125 0.1171875 0.3037109375 0.09114583290816326 0.283203125 0.07291666709183674 0.29296875 0.0625 0.31640625 0.06119791709183673 0.3427734375 0.07161458290816326 0.357421875 0.10546875 0.3720703125 0.12239583290816326 0.3720703125 0.14322916709183675 0.369140625 0.15600130229591835 0.3643115234375 0.16536458290816328 0.359375 0.17838541709183672 0.349609375 0.18489583290816328 0.3349609375 0.16276041709183675 0.314453125
4 0.14453125 0.4912109375 0.11197916709183674 0.4912109375 0.08984375 0.486328125 0.078125 0.46875 0.07552083290816326 0.453125 0.06640625 0.4453125 0.05338541709183673 0.4443359375 0.03255208290816326 0.4677734375 0.03125 0.494140625 0.03515625 0.50390625 0.06640625 0.5263671875 0.09505208290816326 0.533203125 0.13932291709183675 0.5341796875 0.15755208290816325 0.5244140625 0.16276041709183675 0.5146484375 0.16276041709183675 0.5009765625 0.15755208290816325 0.49609375 0.14453125 0.4912109375
4 0.22916666709183672 0.4951171875 0.19791666709183672 0.4892578125 0.16276041709183675 0.47265625 0.13541666709183675 0.4541015625 0.1328125 0.462890625 0.14973958290816325 0.48828125 0.16666666709183672 0.50390625 0.19010416709183672 0.515625 0.21223958290816328 0.5166015625 0.22395833290816328 0.513671875 0.24869791709183672 0.5 0.24869791709183672 0.494140625 0.24479166709183672 0.4931640625 0.22916666709183672 0.4951171875
3 0.2721354170918367 0.2099609375 0.2877604170918367 0.2138671875 0.3072916670918367 0.2109375 0.30859375 0.1982421875 0.29296875 0.1845703125 0.2721354170918367 0.1767578125 0.26171875 0.181640625 0.2604166670918367 0.1962890625 0.2721354170918367 0.2099609375
1 0.2760416670918367 0.275390625 0.2734375 0.271484375 0.24739583290816328 0.2734375 0.24348958290816328 0.279296875 0.2578125 0.291015625 0.2669270829081633 0.2880859375 0.2760416670918367 0.275390625
1 0.3255208329081633 0.353515625 0.3190104170918367 0.349609375 0.2955729170918367 0.349609375 0.29296875 0.3544921875 0.3033854170918367 0.3671875 0.3111979170918367 0.3662109375 0.3255208329081633 0.353515625
1 0.45703125 0.3525390625 0.46354166709183675 0.3505859375 0.47005208290816325 0.3408203125 0.46744791709183675 0.3310546875 0.44140625 0.3310546875 0.44010416709183675 0.3359375 0.45182291709183675 0.349609375 0.45703125 0.3525390625
1 0.5533854170918368 0.2890625 0.5625 0.279296875 0.5651041670918368 0.2685546875 0.5572916670918368 0.265625 0.53515625 0.267578125 0.5338541670918368 0.2724609375 0.54296875 0.2841796875 0.5533854170918368 0.2890625
1 0.5924479170918368 0.3857421875 0.5911458329081632 0.3740234375 0.5638020829081632 0.373046875 0.5625 0.3779296875 0.5703125 0.390625 0.5807291670918368 0.3955078125 0.5924479170918368 0.3857421875
1 0.8333333329081634 0.2646484375 0.8138020829081634 0.26171875 0.80078125 0.265625 0.8125 0.283203125 0.8229166670918366 0.2861328125 0.8333333329081634 0.2734375 0.8333333329081634 0.2646484375
1 0.9466145829081634 0.3212890625 0.94140625 0.3095703125 0.9140625 0.3125 0.9140625 0.3203125 0.9283854170918366 0.3330078125 0.93359375 0.3330078125 0.9466145829081634 0.3212890625
1 0.8333333329081634 0.443359375 0.8268229170918366 0.439453125 0.80078125 0.4404296875 0.7981770829081634 0.4453125 0.8098958329081634 0.4599609375 0.8203125 0.4619140625 0.8333333329081634 0.443359375
0 0.53125 0.2587890625 0.5338541670918368 0.2548828125 0.52734375 0.25 0.51953125 0.25 0.5091145829081632 0.255859375 0.5078125 0.259765625 0.5169270829081632 0.26171875 0.53125 0.2587890625
9 0.51171875 0.2626953125 0.50390625 0.2646484375 0.48958333290816325 0.2900390625 0.48958333290816325 0.298828125 0.5052083329081632 0.2978515625 0.5013020829081632 0.283203125 0.51171875 0.2626953125
9 0.40104166709183675 0.2646484375 0.40885416709183675 0.251953125 0.41796875 0.24609375 0.41536458290816325 0.2392578125 0.3984375 0.2412109375 0.39973958290816325 0.251953125 0.39322916709183675 0.2666015625 0.40104166709183675 0.2646484375
9 0.2747395829081633 0.2314453125 0.2643229170918367 0.2392578125 0.2643229170918367 0.24609375 0.26953125 0.248046875 0.2799479170918367 0.248046875 0.28515625 0.244140625 0.2825520829081633 0.2333984375 0.2890625 0.2158203125 0.27734375 0.2236328125 0.2747395829081633 0.2314453125
9 0.88671875 0.3603515625 0.9010416670918366 0.3564453125 0.90234375 0.3486328125 0.88671875 0.34375 0.8802083329081634 0.3515625 0.8697916670918366 0.3759765625 0.8723958329081634 0.3818359375 0.88671875 0.3603515625
9 0.8723958329081634 0.3173828125 0.8763020829081634 0.310546875 0.8697916670918366 0.3037109375 0.87109375 0.294921875 0.8802083329081634 0.2783203125 0.8697916670918366 0.2783203125 0.8580729170918366 0.3037109375 0.8567708329081634 0.3193359375 0.8723958329081634 0.3173828125
9 0.9765625 0.369140625 0.96875 0.3583984375 0.9765625 0.341796875 0.9739583329081634 0.3359375 0.9596354170918366 0.353515625 0.9505208329081634 0.37109375 0.9622395829081634 0.3798828125 0.9765625 0.369140625
9 0.73046875 0.607421875 0.71875 0.623046875 0.7200520829081634 0.6298828125 0.7369791670918366 0.6103515625 0.7526041670918366 0.6064453125 0.7552083329081634 0.6025390625 0.7513020829081634 0.5927734375 0.7356770829081634 0.5927734375 0.7317708329081634 0.595703125 0.73046875 0.607421875
9 0.5533854170918368 0.5751953125 0.5520833329081632 0.56640625 0.5364583329081632 0.56640625 0.5364583329081632 0.5810546875 0.5286458329081632 0.6025390625 0.5442708329081632 0.578125 0.5533854170918368 0.5751953125
9 0.36848958290816325 0.611328125 0.36588541709183675 0.640625 0.37890625 0.64453125 0.375 0.611328125 0.37239583290816325 0.6083984375 0.36848958290816325 0.611328125
9 0.33854166709183675 0.576171875 0.33854166709183675 0.572265625 0.33203125 0.564453125 0.33203125 0.5478515625 0.32682291709183675 0.546875 0.3255208329081633 0.57421875 0.33203125 0.578125 0.33854166709183675 0.576171875
9 0.2864583329081633 0.6357421875 0.2825520829081633 0.6552734375 0.2890625 0.6640625 0.29296875 0.6435546875 0.2903645829081633 0.6337890625 0.2864583329081633 0.6357421875
9 0.24088541709183672 0.7138671875 0.23828125 0.689453125 0.22916666709183672 0.6875 0.22786458290816328 0.70703125 0.24088541709183672 0.7138671875
9 0.2825520829081633 0.6875 0.2825520829081633 0.666015625 0.2721354170918367 0.662109375 0.2747395829081633 0.6845703125 0.2825520829081633 0.6875
9 0.203125 0.642578125 0.20442708290816328 0.669921875 0.21614583290816328 0.6728515625 0.21354166709183672 0.6484375 0.20833333290816328 0.6416015625 0.203125 0.642578125
9 0.11848958290816326 0.7734375 0.11458333290816326 0.787109375 0.12239583290816326 0.791015625 0.13802083290816325 0.7626953125 0.125 0.7607421875 0.11848958290816326 0.7734375
9 0.8723958329081634 0.7548828125 0.8893229170918366 0.740234375 0.8919270829081634 0.728515625 0.8723958329081634 0.724609375 0.8671875 0.7294921875 0.86328125 0.7626953125 0.8697916670918366 0.76953125 0.8723958329081634 0.7548828125
9 0.6082942704081633 0.648552734375 0.5906705727040816 0.6462744140625 0.5882395829081632 0.6503759765625 0.5918867181122449 0.6608583984375 0.5931015625 0.6863818359375 0.602824218112245 0.682279296875 0.6022174477040817 0.6617705078125 0.6143710931122449 0.6608583984375 0.6082942704081633 0.648552734375
11 0.35026041709183675 0.845703125 0.41666666709183675 0.9052734375 0.4453125 0.9091796875 0.46223958290816325 0.8154296875 0.46484375 0.7724609375 0.45963541709183675 0.76953125 0.3033854170918367 0.767578125 0.3046875 0.77734375 0.35026041709183675 0.845703125
11 0.3190104170918367 0.82421875 0.2942708329081633 0.82421875 0.3020833329081633 0.865234375 0.35677083290816325 0.8955078125 0.36328125 0.865234375 0.359375 0.8544921875 0.34765625 0.8466796875 0.328125 0.849609375 0.3138020829081633 0.84765625 0.3111979170918367 0.8408203125 0.3203125 0.8291015625 0.3190104170918367 0.82421875
11 0.9752604170918366 0.71484375 0.98828125 0.6845703125 0.8828125 0.69140625 0.8828125 0.7001953125 0.9309895829081634 0.755859375 0.9427083329081634 0.763671875 0.9752604170918366 0.71484375
11 0.9986979170918366 0.6953125 0.9869791670918366 0.6953125 0.9791666670918366 0.716796875 0.96875 0.72265625 0.9427083329081634 0.7666015625 0.9427083329081634 0.77734375 0.9986979170918366 0.7998046875 0.9986979170918366 0.6953125
6 0.6341145829081632 0.6298828125 0.64453125 0.6376953125 0.6666666670918366 0.6328125 0.6744791670918366 0.626953125 0.6822916670918366 0.609375 0.6783854170918366 0.599609375 0.6692708329081634 0.59375 0.65234375 0.595703125 0.6354166670918368 0.609375 0.6341145829081632 0.6298828125
6 0.6002604170918368 0.634765625 0.60546875 0.640625 0.6184895829081632 0.6435546875 0.6341145829081632 0.630859375 0.6328125 0.6162109375 0.6145833329081632 0.6103515625 0.6015625 0.6171875 0.59765625 0.623046875 0.6002604170918368 0.634765625
6 0.5611979170918368 0.6201171875 0.57421875 0.6259765625 0.5963541670918368 0.6201171875 0.6106770829081632 0.609375 0.61328125 0.595703125 0.6067708329081632 0.5849609375 0.58984375 0.576171875 0.5703125 0.5859375 0.5611979170918368 0.6005859375 0.5611979170918368 0.6201171875
6 0.7643229170918366 0.5634765625 0.7786458329081634 0.564453125 0.7890625 0.556640625 0.7903645829081634 0.5458984375 0.7838541670918366 0.5390625 0.7682291670918366 0.5390625 0.7604166670918366 0.544921875 0.7591145829081634 0.5537109375 0.7643229170918366 0.5634765625
6 0.8294270829081634 0.4111328125 0.8515625 0.4169921875 0.8723958329081634 0.4013671875 0.8763020829081634 0.384765625 0.8502604170918366 0.3740234375 0.8411458329081634 0.3759765625 0.8255208329081634 0.392578125 0.82421875 0.4033203125 0.8294270829081634 0.4111328125
6 0.40234375 0.58203125 0.38151041709183675 0.572265625 0.37109375 0.5771484375 0.36979166709183675 0.5869140625 0.37630208290816325 0.6064453125 0.40104166709183675 0.609375 0.40234375 0.58203125
6 0.2994791670918367 0.61328125 0.2890625 0.609375 0.2760416670918367 0.6123046875 0.2760416670918367 0.6259765625 0.296875 0.6337890625 0.30078125 0.630859375 0.2994791670918367 0.61328125
2 0.9010416670918366 0.6376953125 0.8971354170918366 0.62890625 0.8828125 0.630859375 0.8841145829081634 0.6396484375 0.9010416670918366 0.6376953125
2 0.6223958329081632 0.6416015625 0.62109375 0.646484375 0.6263020829081632 0.650390625 0.6354166670918368 0.6494140625 0.6341145829081632 0.6396484375 0.6223958329081632 0.6416015625
2 0.76953125 0.849609375 0.7630208329081634 0.845703125 0.7565104170918366 0.84765625 0.7565104170918366 0.857421875 0.7682291670918366 0.861328125 0.7721354170918366 0.85546875 0.76953125 0.849609375
2 0.6549479170918366 0.84765625 0.6549479170918366 0.8408203125 0.6432291670918368 0.8427734375 0.6432291670918368 0.84765625 0.6549479170918366 0.84765625
2 0.6848958329081634 0.80078125 0.6861979170918366 0.7939453125 0.6770833329081634 0.7919921875 0.67578125 0.7998046875 0.6848958329081634 0.80078125
4 0.36588541709183675 0.54296875 0.42447916709183675 0.5673828125 0.46744791709183675 0.580078125 0.484375 0.544921875 0.48307291709183675 0.5361328125 0.36979166709183675 0.517578125 0.359375 0.529296875 0.35807291709183675 0.5380859375 0.36588541709183675 0.54296875
4 0.42578125 0.6005859375 0.49869791709183675 0.6513671875 0.5455729170918368 0.6650390625 0.5546875 0.62109375 0.4375 0.5712890625 0.42447916709183675 0.5693359375 0.42317708290816325 0.572265625 0.421875 0.5947265625 0.42578125 0.6005859375
0 0.5065859374999999 0.6203017578125 0.47333593749999997 0.60090625 0.47135416709183675 0.60546875 0.47265625 0.615234375 0.49088541709183675 0.626953125 0.5104166670918368 0.623046875 0.5065859374999999 0.6203017578125
0 0.5255182295918367 0.6279208984375 0.5444518227040817 0.6223798828125 0.4996588545918368 0.6043701171875 0.49827343749999997 0.6164912109375 0.5255182295918367 0.6279208984375
8 0.5169270829081632 0.4365234375 0.5299479170918368 0.4443359375 0.5416666670918368 0.4423828125 0.57421875 0.40625 0.5755208329081632 0.3974609375 0.5533854170918368 0.3837890625 0.5455729170918368 0.3828125 0.53515625 0.3935546875 0.5182291670918368 0.4248046875 0.5169270829081632 0.4365234375
0 0.6380208329081632 0.38671875 0.625 0.38671875 0.6067708329081632 0.4033203125 0.60546875 0.421875 0.6184895829081632 0.408203125 0.6380208329081632 0.3974609375 0.6380208329081632 0.38671875
0 0.640625 0.40234375 0.6328125 0.400390625 0.6197916670918368 0.408203125 0.60546875 0.4228515625 0.609375 0.431640625 0.6158854170918368 0.431640625 0.640625 0.40234375
4 0.6692708329081634 0.849609375 0.7018229170918366 0.861328125 0.7200520829081634 0.8369140625 0.7200520829081634 0.8310546875 0.6067708329081632 0.763671875 0.6015625 0.763671875 0.5963541670918368 0.76953125 0.59765625 0.78515625 0.6692708329081634 0.849609375
8 0.72265625 0.7451171875 0.73828125 0.744140625 0.7721354170918366 0.73046875 0.7669270829081634 0.7119140625 0.7473958329081634 0.701171875 0.7356770829081634 0.705078125 0.7161458329081634 0.72265625 0.7109375 0.7353515625 0.72265625 0.7451171875
8 0.7552083329081634 0.76171875 0.76171875 0.767578125 0.78515625 0.7705078125 0.8138020829081634 0.7568359375 0.8151041670918366 0.74609375 0.8033854170918366 0.7314453125 0.7838541670918366 0.7265625 0.7721354170918366 0.7333984375 0.7565104170918366 0.75390625 0.7552083329081634 0.76171875
7 0.22916666709183672 0.568359375 0.22395833290816328 0.5791015625 0.22265625 0.5986328125 0.22916666709183672 0.6240234375 0.2421875 0.6376953125 0.26171875 0.640625 0.2682291670918367 0.6337890625 0.2682291670918367 0.6142578125 0.2591145829081633 0.5830078125 0.2513020829081633 0.5732421875 0.23697916709183672 0.56640625 0.22916666709183672 0.568359375
7 0.19010416709183672 0.580078125 0.19140625 0.6220703125 0.20703125 0.6396484375 0.22265625 0.6416015625 0.23046875 0.63671875 0.23177083290816328 0.62890625 0.22265625 0.6103515625 0.22135416709183672 0.580078125 0.20442708290816328 0.5693359375 0.19661458290816328 0.5703125 0.19010416709183672 0.580078125
3 0.026041667091836734 0.5634765625 0.020833332908163266 0.5712890625 0.01953125 0.57421875 0.03776041709183674 0.5849609375 0.07421875 0.58984375 0.08463541709183674 0.5849609375 0.09244791709183674 0.564453125 0.08333333290816326 0.5634765625 0.06119791709183673 0.572265625 0.05338541709183673 0.55859375 0.04427083290816327 0.5556640625 0.026041667091836734 0.5634765625
3 0.2838541670918367 0.52734375 0.3020833329081633 0.537109375 0.33072916709183675 0.544921875 0.33203125 0.5341796875 0.32421875 0.525390625 0.2890625 0.5126953125 0.2799479170918367 0.515625 0.2786458329081633 0.5224609375 0.2838541670918367 0.52734375
3 0.29296875 0.5419921875 0.296875 0.5341796875 0.2916666670918367 0.5302734375 0.27734375 0.5244140625 0.2669270829081633 0.525390625 0.265625 0.53125 0.2708333329081633 0.537109375 0.29296875 0.5419921875
3 0.17317708290816328 0.560546875 0.1796875 0.5576171875 0.17838541709183672 0.548828125 0.16276041709183675 0.541015625 0.13802083290816325 0.54296875 0.13541666709183675 0.546875 0.14583333290816325 0.552734375 0.17317708290816328 0.560546875
3 0.13671875 0.5634765625 0.14192708290816325 0.5595703125 0.14322916709183675 0.5537109375 0.13932291709183675 0.5517578125 0.12109375 0.552734375 0.11848958290816326 0.5576171875 0.12760416709183675 0.5634765625 0.13671875 0.5634765625
3 0.12890625 0.796875 0.12239583290816326 0.7919921875 0.11197916709183674 0.796875 0.11197916709183674 0.8056640625 0.13020833290816325 0.8134765625 0.13411458290816325 0.806640625 0.12890625 0.796875
3 0.11328125 0.78515625 0.109375 0.7822265625 0.09114583290816326 0.7841796875 0.08984375 0.796875 0.10807291709183674 0.802734375 0.11458333290816326 0.79296875 0.11328125 0.78515625
10 0.42057291709183675 0.7509765625 0.41536458290816325 0.7333984375 0.40364583290816325 0.7333984375 0.40755208290816325 0.7470703125 0.42057291709183675 0.7509765625
7 0.46875 0.7265625 0.46614583290816325 0.734375 0.46484375 0.8076171875 0.47265625 0.8134765625 0.48958333290816325 0.81640625 0.49869791709183675 0.791015625 0.5078125 0.7802734375 0.52734375 0.7685546875 0.5234375 0.7373046875 0.515625 0.73046875 0.47916666709183675 0.7265625 0.46875 0.7265625
10 0.6184895829081632 0.7158203125 0.640625 0.6962890625 0.63671875 0.68359375 0.6236979170918368 0.6748046875 0.59375 0.681640625 0.5950520829081632 0.6953125 0.609375 0.7138671875 0.6184895829081632 0.7158203125
11 0.6510416670918368 0.6962890625 0.6783854170918366 0.677734375 0.6783854170918366 0.6708984375 0.63671875 0.65234375 0.6276041670918368 0.65234375 0.6328125 0.6767578125 0.64453125 0.6953125 0.6510416670918368 0.6962890625
8 0.7395833329081634 0.3955078125 0.7395833329081634 0.41796875 0.7591145829081634 0.4365234375 0.7760416670918366 0.4384765625 0.79296875 0.435546875 0.80859375 0.42578125 0.8138020829081634 0.3916015625 0.7916666670918366 0.373046875 0.7825520829081634 0.369140625 0.7669270829081634 0.3701171875 0.7395833329081634 0.3955078125
7 0.7434895829081634 0.4267578125 0.7356770829081634 0.412109375 0.7434895829081634 0.375 0.7408854170918366 0.369140625 0.7291666670918366 0.36328125 0.6979166670918366 0.365234375 0.6705729170918366 0.3798828125 0.65234375 0.3994140625 0.6419270829081632 0.4248046875 0.640625 0.44140625 0.6458333329081632 0.4599609375 0.6614583329081634 0.4775390625 0.6744791670918366 0.484375 0.6875 0.4873046875 0.7239583329081634 0.484375 0.7395833329081634 0.478515625 0.7604166670918366 0.4609375 0.7630208329081634 0.4404296875 0.7434895829081634 0.4267578125
7 0.8125 0.3876953125 0.82421875 0.3876953125 0.8411458329081634 0.369140625 0.8359375 0.3447265625 0.8268229170918366 0.3388671875 0.8138020829081634 0.337890625 0.7916666670918366 0.3544921875 0.7890625 0.3701171875 0.8125 0.3876953125
0 0.14315494770408163 0.3899833984375 0.11914192729591835 0.3840947265625 0.11067708290816326 0.38671875 0.11067708290816326 0.3974609375 0.11588541709183674 0.4013671875 0.13802083290816325 0.400390625 0.14315494770408163 0.3899833984375
10 0.26953125 0.720703125 0.2864583329081633 0.7041015625 0.2825520829081633 0.6865234375 0.24348958290816328 0.685546875 0.23697916709183672 0.689453125 0.2421875 0.705078125 0.26171875 0.720703125 0.26953125 0.720703125
3 0.24088541709183672 0.666015625 0.23307291709183672 0.6611328125 0.22135416709183672 0.6708984375 0.22265625 0.6796875 0.23958333290816328 0.6865234375 0.24348958290816328 0.681640625 0.24088541709183672 0.666015625
6 0.8763020829081634 0.552734375 0.9114583329081634 0.5556640625 0.9479166670918366 0.5390625 0.9401041670918366 0.50390625 0.9348958329081634 0.5 0.8854166670918366 0.4892578125 0.8385416670918366 0.51171875 0.8463541670918366 0.54296875 0.8763020829081634 0.552734375
6 0.9036458329081634 0.4638671875 0.8932291670918366 0.4775390625 0.8919270829081634 0.48046875 0.9166666670918366 0.4951171875 0.9596354170918366 0.5087890625 0.98046875 0.50390625 0.9908854170918366 0.4951171875 0.98828125 0.4755859375 0.9700520829081634 0.4609375 0.9466145829081634 0.451171875 0.9348958329081634 0.4521484375 0.9036458329081634 0.4638671875
6 0.890625 0.2294921875 0.8723958329081634 0.2509765625 0.8658854170918366 0.2607421875 0.8671875 0.271484375 0.8723958329081634 0.275390625 0.8854166670918366 0.2763671875 0.9388020829081634 0.2685546875 0.953125 0.255859375 0.9544270829081634 0.2431640625 0.93359375 0.2265625 0.9127604170918366 0.2236328125 0.890625 0.2294921875
7 0.6927083329081634 0.5185546875 0.6888020829081634 0.5029296875 0.6822916670918366 0.4990234375 0.6640625 0.4990234375 0.65625 0.51171875 0.6536458329081634 0.5380859375 0.6822916670918366 0.5390625 0.6927083329081634 0.5185546875
8 0.5559895829081632 0.509765625 0.53515625 0.5224609375 0.5325520829081632 0.5458984375 0.54296875 0.560546875 0.5625 0.568359375 0.5755208329081632 0.5693359375 0.6028645829081632 0.55859375 0.6080729170918368 0.53515625 0.6015625 0.515625 0.59375 0.5087890625 0.5755208329081632 0.505859375 0.5559895829081632 0.509765625
7 0.43229166709183675 0.296875 0.43880208290816325 0.28125 0.42057291709183675 0.2734375 0.39583333290816325 0.2685546875 0.37109375 0.302734375 0.37109375 0.314453125 0.41145833290816325 0.3193359375 0.43229166709183675 0.296875
0 0.22005208290816328 0.291015625 0.22395833290816328 0.2822265625 0.21875 0.27734375 0.2109375 0.2734375 0.19921875 0.2763671875 0.20052083290816328 0.2900390625 0.21223958290816328 0.29296875 0.22005208290816328 0.291015625
3 0.41666666709183675 0.6162109375 0.43229166709183675 0.615234375 0.43489583290816325 0.609375 0.42317708290816325 0.599609375 0.41927083290816325 0.587890625 0.40885416709183675 0.5859375 0.40494791709183675 0.5888671875 0.40364583290816325 0.611328125 0.41666666709183675 0.6162109375
0 0.71875 0.6318359375 0.7096354170918366 0.6259765625 0.6979166670918366 0.626953125 0.69140625 0.6318359375 0.69140625 0.6396484375 0.70703125 0.646484375 0.71875 0.6318359375
3 0.8697916670918366 0.6826171875 0.9153645829081634 0.6767578125 0.921875 0.66796875 0.9127604170918366 0.6572265625 0.8997395829081634 0.6552734375 0.875 0.66015625 0.859375 0.6708984375 0.859375 0.6787109375 0.8697916670918366 0.6826171875