3 0.49088541709183675 0.3076171875 0.5091145829081632 0.3037109375 0.5221354170918368 0.29296875 0.5221354170918368 0.271484375 0.5013020829081632 0.248046875 0.48307291709183675 0.2509765625 0.46875 0.2412109375 0.44661458290816325 0.2373046875 0.42447916709183675 0.2412109375 0.40364583290816325 0.2548828125 0.3984375 0.2666015625 0.39973958290816325 0.283203125 0.41796875 0.296875 0.49088541709183675 0.3076171875
3 0.3828125 0.4501953125 0.40234375 0.447265625 0.42317708290816325 0.4091796875 0.421875 0.3974609375 0.41276041709183675 0.388671875 0.39973958290816325 0.3876953125 0.39192708290816325 0.400390625 0.38020833290816325 0.4072265625 0.3671875 0.4052734375 0.36197916709183675 0.38671875 0.33333333290816325 0.38671875 0.3255208329081633 0.369140625 0.3138020829081633 0.3662109375 0.2994791670918367 0.373046875 0.2994791670918367 0.388671875 0.3072916670918367 0.3994140625 0.36328125 0.4423828125 0.3828125 0.4501953125
3 0.49088541709183675 0.427734375 0.5052083329081632 0.40234375 0.5026041670918368 0.3916015625 0.48828125 0.3828125 0.48046875 0.38671875 0.47916666709183675 0.400390625 0.47395833290816325 0.4033203125 0.46614583290816325 0.4013671875 0.46354166709183675 0.3935546875 0.47395833290816325 0.38671875 0.47395833290816325 0.3828125 0.47005208290816325 0.3759765625 0.45963541709183675 0.3701171875 0.44140625 0.3798828125 0.42838541709183675 0.396484375 0.4296875 0.41015625 0.45442708290816325 0.4248046875 0.47526041709183675 0.431640625 0.49088541709183675 0.427734375
3 0.37760416709183675 0.375 0.37760416709183675 0.3662109375 0.36979166709183675 0.3583984375 0.33463541709183675 0.36328125 0.32942708290816325 0.3671875 0.33203125 0.3798828125 0.34244791709183675 0.3857421875 0.36197916709183675 0.384765625 0.37760416709183675 0.375
1 0.5598958329081632 0.3515625 0.5598958329081632 0.3427734375 0.5403645829081632 0.3330078125 0.5234375 0.33203125 0.5104166670918368 0.3408203125 0.5104166670918368 0.35546875 0.5247395829081632 0.36328125 0.54296875 0.36328125 0.5598958329081632 0.3515625
1 0.5885416670918368 0.451171875 0.5872395829081632 0.4443359375 0.5651041670918368 0.4365234375 0.5494791670918368 0.4375 0.5390625 0.4462890625 0.54296875 0.458984375 0.5598958329081632 0.46484375 0.5755208329081632 0.462890625 0.5885416670918368 0.451171875
1 0.9127604170918366 0.3994140625 0.9192708329081634 0.38671875 0.9153645829081634 0.3818359375 0.8932291670918366 0.3759765625 0.87890625 0.3759765625 0.86328125 0.3828125 0.8567708329081634 0.390625 0.8541666670918366 0.40234375 0.8606770829081634 0.4072265625 0.8919270829081634 0.4111328125 0.9127604170918366 0.3994140625
1 0.9348958329081634 0.2373046875 0.9205729170918366 0.2255859375 0.8984375 0.2216796875 0.8776041670918366 0.23046875 0.8658854170918366 0.2470703125 0.8697916670918366 0.259765625 0.9036458329081634 0.263671875 0.93359375 0.2470703125 0.9348958329081634 0.2373046875
1 0.94140625 0.150390625 0.9479166670918366 0.13671875 0.9427083329081634 0.1298828125 0.9309895829081634 0.1240234375 0.9049479170918366 0.1220703125 0.8880208329081634 0.1328125 0.8828125 0.1416015625 0.87890625 0.1533203125 0.8828125 0.1630859375 0.9153645829081634 0.1650390625 0.94140625 0.150390625
8 0.9739583329081634 0.69921875 0.9986979170918366 0.7109375 0.9986979170918366 0.64453125 0.9908854170918366 0.6533203125 0.9908854170918366 0.666015625 0.98046875 0.669921875 0.9908854170918366 0.6767578125 0.9921875 0.693359375 0.9765625 0.6953125 0.9739583329081634 0.69921875
8 0.6875 0.271484375 0.7005208329081634 0.2666015625 0.7213541670918366 0.248046875 0.7278645829081634 0.2373046875 0.7291666670918366 0.2197265625 0.7174479170918366 0.20703125 0.6809895829081634 0.2041015625 0.6497395829081632 0.212890625 0.6341145829081632 0.2314453125 0.6354166670918368 0.248046875 0.6458333329081632 0.26171875 0.6627604170918366 0.2724609375 0.6875 0.271484375
4 0.8723958329081634 0 0.8528645829081634 0.01171875 0.8372395829081634 0.0615234375 0.8098958329081634 0.1005859375 0.78125 0.1220703125 0.7838541670918366 0.130859375 0.8138020829081634 0.1572265625 0.828125 0.1640625 0.8528645829081634 0.154296875 0.9010416670918366 0.119140625 0.9036458329081634 0 0.8723958329081634 0
9 0.5221354170918368 0.2578125 0.5494791670918368 0.2421875 0.5651041670918368 0.2412109375 0.57421875 0.234375 0.5768229170918368 0.2236328125 0.5716145829081632 0.216796875 0.5598958329081632 0.2138671875 0.5455729170918368 0.2197265625 0.5416666670918368 0.23046875 0.5104166670918368 0.2509765625 0.5130208329081632 0.2578125 0.5221354170918368 0.2578125
9 0.6393229170918368 0.3134765625 0.6432291670918368 0.2919921875 0.66015625 0.271484375 0.6471354170918368 0.2685546875 0.6315104170918368 0.291015625 0.6119791670918368 0.296875 0.6015625 0.3056640625 0.6041666670918368 0.3212890625 0.6145833329081632 0.3251953125 0.6315104170918368 0.3212890625 0.6393229170918368 0.3134765625
9 0.78515625 0.2021484375 0.7955729170918366 0.19140625 0.7942708329081634 0.173828125 0.8098958329081634 0.1572265625 0.8072916670918366 0.1513671875 0.7994791670918366 0.1494140625 0.7864583329081634 0.1669921875 0.7604166670918366 0.177734375 0.7526041670918366 0.1865234375 0.7513020829081634 0.1953125 0.7591145829081634 0.2041015625 0.7734375 0.2060546875 0.78515625 0.2021484375
9 0.7447916670918366 0.4443359375 0.75390625 0.4345703125 0.7486979170918366 0.4208984375 0.76953125 0.3896484375 0.7578125 0.38671875 0.7395833329081634 0.4111328125 0.7174479170918366 0.419921875 0.7122395829081634 0.42578125 0.7109375 0.4345703125 0.7200520829081634 0.443359375 0.7265625 0.4462890625 0.7447916670918366 0.4443359375
9 0.95703125 0.5 0.97265625 0.5009765625 0.98828125 0.494140625 0.9895833329081634 0.4833984375 0.9778645829081634 0.4736328125 0.9622395829081634 0.47265625 0.9518229170918366 0.4775390625 0.9466145829081634 0.4931640625 0.9192708329081634 0.5078125 0.9244791670918366 0.5146484375 0.95703125 0.5
9 0.5677083329081632 0.640625 0.5716145829081632 0.623046875 0.5963541670918368 0.6025390625 0.5950520829081632 0.5986328125 0.58203125 0.5966796875 0.5690104170918368 0.6103515625 0.5325520829081632 0.630859375 0.53125 0.63671875 0.54296875 0.6474609375 0.5598958329081632 0.6474609375 0.5677083329081632 0.640625
9 0.6184895829081632 0.6455078125 0.6328125 0.640625 0.6354166670918368 0.62890625 0.6223958329081632 0.6201171875 0.6119791670918368 0.62109375 0.6041666670918368 0.62890625 0.6067708329081632 0.640625 0.5989583329081632 0.65625 0.6080729170918368 0.658203125 0.6184895829081632 0.6455078125
9 0.42447916709183675 0.673828125 0.44010416709183675 0.66796875 0.44270833290816325 0.6611328125 0.43619791709183675 0.65234375 0.42578125 0.6494140625 0.41276041709183675 0.6572265625 0.41536458290816325 0.66796875 0.40625 0.68359375 0.41015625 0.69140625 0.42447916709183675 0.673828125
9 0.51171875 0.6640625 0.53515625 0.6572265625 0.5364583329081632 0.64453125 0.51953125 0.6376953125 0.49348958290816325 0.6689453125 0.48697916709183675 0.6787109375 0.49088541709183675 0.6806640625 0.50390625 0.67578125 0.51171875 0.6640625
9 0.7213541670918366 0.712890625 0.71484375 0.70703125 0.7005208329081634 0.7041015625 0.6888020829081634 0.7109375 0.68359375 0.7265625 0.69140625 0.73046875 0.7200520829081634 0.7236328125 0.7213541670918366 0.712890625
9 0.33723958290816325 0.70703125 0.30859375 0.72265625 0.30859375 0.73828125 0.328125 0.7421875 0.34244791709183675 0.7109375 0.33723958290816325 0.70703125
9 0.35286458290816325 0.736328125 0.34505208290816325 0.7314453125 0.33463541709183675 0.73046875 0.32942708290816325 0.736328125 0.33203125 0.748046875 0.33854166709183675 0.7509765625 0.3515625 0.748046875 0.35286458290816325 0.736328125
9 0.3515625 0.6748046875 0.3515625 0.6630859375 0.34244791709183675 0.6572265625 0.328125 0.6591796875 0.3151041670918367 0.6796875 0.3046875 0.6875 0.3020833329081633 0.693359375 0.3098958329081633 0.697265625 0.33072916709183675 0.6806640625 0.3515625 0.6748046875
9 0.9986979170918366 0.6083984375 0.9505208329081634 0.634765625 0.9479166670918366 0.6416015625 0.9544270829081634 0.6435546875 0.9986979170918366 0.6259765625 0.9986979170918366 0.6083984375
4 0.9986979170918366 0.6044921875 0.9986979170918366 0.5810546875 0.84765625 0.5673828125 0.8502604170918366 0.580078125 0.8658854170918366 0.6005859375 0.97265625 0.6162109375 0.9986979170918366 0.6044921875
4 0.953125 0.46484375 0.94921875 0.4189453125 0.9453125 0.4150390625 0.9205729170918366 0.4228515625 0.8020833329081634 0.47265625 0.7994791670918366 0.4814453125 0.84375 0.5048828125 0.8763020829081634 0.49609375 0.953125 0.46484375
4 0.83203125 0.716796875 0.8333333329081634 0.712890625 0.8229166670918366 0.7080078125 0.6497395829081632 0.6328125 0.6380208329081632 0.630859375 0.6614583329081634 0.6748046875 0.7395833329081634 0.7197265625 0.7604166670918366 0.72265625 0.83203125 0.716796875
10 0.9348958329081634 0.6572265625 0.9856770829081634 0.650390625 0.984375 0.638671875 0.9791666670918366 0.6318359375 0.9739583329081634 0.6318359375 0.9700520829081634 0.623046875 0.97265625 0.6181640625 0.9557291670918366 0.61328125 0.8606770829081634 0.6015625 0.8502604170918366 0.603515625 0.8307291670918366 0.6220703125 0.828125 0.626953125 0.83203125 0.630859375 0.8828125 0.650390625 0.9348958329081634 0.6572265625
10 0.9986979170918366 0.859375 0.9986979170918366 0.8486328125 0.95703125 0.8154296875 0.8606770829081634 0.7861328125 0.78125 0.806640625 0.7799479170918366 0.810546875 0.7877604170918366 0.8134765625 0.8372395829081634 0.8271484375 0.9986979170918366 0.859375
10 0.97265625 0.9013671875 0.9270833329081634 0.8466796875 0.8190104170918366 0.8232421875 0.7578125 0.830078125 0.7565104170918366 0.8349609375 0.83984375 0.8642578125 0.9453125 0.8974609375 0.97265625 0.9013671875
11 0.40885416709183675 0.826171875 0.43880208290816325 0.82421875 0.48177083290816325 0.8017578125 0.5325520829081632 0.78515625 0.5872395829081632 0.7548828125 0.5859375 0.748046875 0.5677083329081632 0.74609375 0.20572916709183672 0.7451171875 0.20572916709183672 0.75 0.29296875 0.8134765625 0.3203125 0.8232421875 0.40885416709183675 0.826171875
11 0.2643229170918367 0.8955078125 0.34635416709183675 0.8896484375 0.40625 0.828125 0.3138020829081633 0.826171875 0.2890625 0.814453125 0.05338541709183673 0.8134765625 0.0546875 0.8203125 0.12630208290816325 0.8828125 0.17057291709183672 0.89453125 0.2643229170918367 0.8955078125
10 0.31640625 0.7109375 0.3111979170918367 0.701171875 0.296875 0.69140625 0.28515625 0.6923828125 0.2708333329081633 0.7021484375 0.2721354170918367 0.716796875 0.2838541670918367 0.72265625 0.3033854170918367 0.7216796875 0.31640625 0.7109375
11 0.26171875 0.5673828125 0.3190104170918367 0.5595703125 0.34505208290816325 0.451171875 0.24739583290816328 0.376953125 0.13020833290816325 0.3896484375 0.09114583290816326 0.455078125 0.08463541709183674 0.470703125 0.09114583290816326 0.4873046875 0.1640625 0.5732421875 0.26171875 0.5673828125
3 0.2421875 0.462890625 0.23046875 0.44921875 0.19791666709183672 0.4609375 0.1953125 0.474609375 0.21223958290816328 0.4833984375 0.234375 0.4765625 0.2421875 0.462890625
8 0.19661458290816328 0.48046875 0.1875 0.4658203125 0.15104166709183675 0.4609375 0.13411458290816325 0.46875 0.1328125 0.484375 0.14192708290816325 0.5107421875 0.19661458290816328 0.505859375 0.19661458290816328 0.48046875
8 0.24479166709183672 0.609375 0.24088541709183672 0.578125 0.23567708290816328 0.572265625 0.2109375 0.5712890625 0.1953125 0.5751953125 0.19140625 0.5810546875 0.19010416709183672 0.599609375 0.19921875 0.6123046875 0.22395833290816328 0.6142578125 0.24479166709183672 0.609375
3 0.03776041709183674 0.4150390625 0.046875 0.404296875 0.04427083290816327 0.390625 0.028645832908163266 0.37890625 0.015625 0.3779296875 0.006510417091836735 0.3837890625 0.005208332908163265 0.400390625 0.01171875 0.4140625 0.018229167091836734 0.4169921875 0.03776041709183674 0.4150390625
10 0.08463541709183674 0.525390625 0.09244791709183674 0.5185546875 0.09244791709183674 0.494140625 0.08333333290816326 0.4833984375 0.05078125 0.4814453125 0.020833332908163266 0.4873046875 0.01953125 0.4951171875 0.026041667091836734 0.5048828125 0.05208333290816327 0.5244140625 0.08463541709183674 0.525390625
3 0.15885416709183675 0.61328125 0.17447916709183672 0.587890625 0.171875 0.5810546875 0.16145833290816325 0.5771484375 0.15625 0.5830078125 0.13802083290816325 0.58984375 0.12239583290816326 0.5908203125 0.09895833290816326 0.5830078125 0.09244791709183674 0.5849609375 0.09114583290816326 0.591796875 0.10546875 0.6064453125 0.13411458290816325 0.6181640625 0.15885416709183675 0.61328125
3 0.06640625 0.6220703125 0.08203125 0.6162109375 0.07942708290816326 0.609375 0.05729166709183673 0.603515625 0.04296875 0.5947265625 0.03255208290816326 0.5810546875 0.026041667091836734 0.58203125 0.016927082908163266 0.5927734375 0.016927082908163266 0.6015625 0.0234375 0.6064453125 0.05338541709183673 0.619140625 0.06640625 0.6220703125
7 0 0.677734375 0.024739582908163266 0.6904296875 0.04036458290816326 0.69140625 0.04296875 0.685546875 0.024739582908163266 0.666015625 0.02734375 0.650390625 0.024739582908163266 0.6474609375 0.013020832908163265 0.6494140625 0 0.6552734375 0 0.677734375
10 0.41536458290816325 0.701171875 0.41145833290816325 0.69140625 0.39453125 0.68359375 0.38671875 0.6845703125 0.3828125 0.6904296875 0.38151041709183675 0.7001953125 0.38932291709183675 0.7109375 0.3984375 0.712890625 0.41536458290816325 0.701171875
10 0.2747395829081633 0.6337890625 0.28125 0.6279296875 0.296875 0.630859375 0.3190104170918367 0.65234375 0.33072916709183675 0.654296875 0.37630208290816325 0.63671875 0.38802083290816325 0.6220703125 0.38932291709183675 0.609375 0.38020833290816325 0.5830078125 0.35677083290816325 0.560546875 0.2708333329081633 0.568359375 0.24739583290816328 0.5771484375 0.24479166709183672 0.5908203125 0.2513020829081633 0.62890625 0.2591145829081633 0.634765625 0.2747395829081633 0.6337890625
7 0.42578125 0.5673828125 0.40494791709183675 0.5185546875 0.39322916709183675 0.515625 0.36588541709183675 0.517578125 0.35286458290816325 0.521484375 0.34895833290816325 0.52734375 0.3515625 0.5498046875 0.37630208290816325 0.5771484375 0.40625 0.5751953125 0.42578125 0.5673828125
3 0.6328125 0.40234375 0.6419270829081632 0.388671875 0.6484375 0.3642578125 0.6497395829081632 0.34765625 0.6432291670918368 0.3369140625 0.6315104170918368 0.3310546875 0.6171875 0.3330078125 0.5677083329081632 0.3759765625 0.5690104170918368 0.3857421875 0.5872395829081632 0.3974609375 0.61328125 0.4052734375 0.6328125 0.40234375
0 0.6692708329081634 0.3447265625 0.671875 0.3359375 0.6588541670918366 0.328125 0.6497395829081632 0.328125 0.6458333329081632 0.3310546875 0.6497395829081632 0.34375 0.6536458329081634 0.3466796875 0.6692708329081634 0.3447265625
3 0.8203125 0.3779296875 0.8346354170918366 0.3486328125 0.8255208329081634 0.34375 0.7916666670918366 0.3564453125 0.7630208329081634 0.357421875 0.7552083329081634 0.3623046875 0.7578125 0.384765625 0.7734375 0.3896484375 0.80078125 0.3876953125 0.8203125 0.3779296875
8 0.8619791670918366 0.560546875 0.9192708329081634 0.5234375 0.9231770829081634 0.5146484375 0.9166666670918366 0.509765625 0.87109375 0.4990234375 0.82421875 0.5146484375 0.7890625 0.5185546875 0.7356770829081634 0.515625 0.7122395829081634 0.5244140625 0.6927083329081634 0.5390625 0.6979166670918366 0.546875 0.84765625 0.5654296875 0.8619791670918366 0.560546875
0 0.11588541709183674 0.650390625 0.1171875 0.6318359375 0.109375 0.623046875 0.08463541709183674 0.6220703125 0.07161458290816326 0.6328125 0.07291666709183674 0.6455078125 0.09114583290816326 0.658203125 0.10416666709183674 0.6591796875 0.11588541709183674 0.650390625
0 0.07552083290816326 0.564453125 0.07291666709183674 0.54296875 0.06119791709183673 0.53515625 0.05598958290816327 0.5380859375 0.04036458290816326 0.529296875 0.03255208290816326 0.53515625 0.03385416709183674 0.5546875 0.04296875 0.564453125 0.04947916709183673 0.5673828125 0.07552083290816326 0.564453125
0 0.09114583290816326 0.5810546875 0.08854166709183674 0.57421875 0.07682291709183674 0.56640625 0.05338541709183673 0.568359375 0.03776041709183674 0.578125 0.03645833290816326 0.5869140625 0.06119791709183673 0.6005859375 0.078125 0.5966796875 0.09114583290816326 0.5810546875
7 0.6796875 0.7646484375 0.6770833329081634 0.75390625 0.6653645829081634 0.744140625 0.6458333329081632 0.7294921875 0.6328125 0.728515625 0.6315104170918368 0.7998046875 0.6432291670918368 0.8095703125 0.6744791670918366 0.7822265625 0.6796875 0.7646484375
10 0.5221354170918368 0.7099609375 0.51953125 0.7041015625 0.5078125 0.69921875 0.49739583290816325 0.6826171875 0.48828125 0.6796875 0.45052083290816325 0.6875 0.41666666709183675 0.7021484375 0.41796875 0.712890625 0.45703125 0.7294921875 0.50390625 0.720703125 0.5221354170918368 0.7099609375
3 0.515625 0.638671875 0.515625 0.626953125 0.484375 0.6044921875 0.46875 0.6044921875 0.44921875 0.615234375 0.44921875 0.6396484375 0.4609375 0.65234375 0.5026041670918368 0.650390625 0.515625 0.638671875
0 0.44921875 0.5908203125 0.44270833290816325 0.5849609375 0.43098958290816325 0.5859375 0.4140625 0.58984375 0.40494791709183675 0.59765625 0.40234375 0.6083984375 0.41536458290816325 0.611328125 0.44140625 0.599609375 0.44921875 0.5908203125
2 0.18489583290816328 0.6318359375 0.18359375 0.640625 0.19270833290816328 0.6416015625 0.19661458290816328 0.6328125 0.18489583290816328 0.6318359375
2 0.0026041670918367345 0.630859375 0 0.642578125 0.009114582908163265 0.6435546875 0.013020832908163265 0.63671875 0.0026041670918367345 0.630859375
3 0.64453125 0.5263671875 0.6328125 0.509765625 0.6015625 0.525390625 0.6041666670918368 0.53515625 0.6223958329081632 0.54296875 0.6328125 0.5400390625 0.64453125 0.5263671875
3 0.68359375 0.5263671875 0.70703125 0.5234375 0.7200520829081634 0.51953125 0.734375 0.509765625 0.7408854170918366 0.4912109375 0.73046875 0.478515625 0.7109375 0.48046875 0.6822916670918366 0.494140625 0.6666666670918366 0.48828125 0.66796875 0.474609375 0.6888020829081634 0.45703125 0.6861979170918366 0.4501953125 0.66796875 0.4501953125 0.6549479170918366 0.4423828125 0.6640625 0.43359375 0.6848958329081634 0.427734375 0.68359375 0.419921875 0.6705729170918366 0.4052734375 0.6497395829081632 0.404296875 0.6236979170918368 0.4228515625 0.6119791670918368 0.4384765625 0.60546875 0.45703125 0.6041666670918368 0.4755859375 0.6106770829081632 0.486328125 0.6640625 0.5234375 0.68359375 0.5263671875
3 0.703125 0.654296875 0.7408854170918366 0.65234375 0.7643229170918366 0.64453125 0.7760416670918366 0.63671875 0.7578125 0.6220703125 0.7122395829081634 0.6064453125 0.6927083329081634 0.60546875 0.6666666670918366 0.609375 0.6536458329081634 0.6171875 0.65234375 0.623046875 0.6614583329081634 0.6337890625 0.6848958329081634 0.6484375 0.703125 0.654296875
3 0.6145833329081632 0.5986328125 0.6263020829081632 0.587890625 0.6302083329081632 0.5771484375 0.6263020829081632 0.5712890625 0.6015625 0.564453125 0.5768229170918368 0.5673828125 0.5611979170918368 0.5732421875 0.55859375 0.5810546875 0.56640625 0.587890625 0.5989583329081632 0.6005859375 0.6145833329081632 0.5986328125
3 0.828125 0.6591796875 0.828125 0.654296875 0.81640625 0.6484375 0.79296875 0.6513671875 0.7916666670918366 0.658203125 0.8033854170918366 0.66796875 0.8177083329081634 0.66796875 0.828125 0.6591796875
3 0.8020833329081634 0.642578125 0.79296875 0.63671875 0.7786458329081634 0.63671875 0.7643229170918366 0.64453125 0.765625 0.6513671875 0.78125 0.65625 0.7981770829081634 0.6484375 0.8020833329081634 0.642578125
10 0.9427083329081634 0.6865234375 0.96875 0.6708984375 0.96875 0.6669921875 0.953125 0.6572265625 0.9348958329081634 0.6591796875 0.8971354170918366 0.65234375 0.8854166670918366 0.6552734375 0.87890625 0.66015625 0.87890625 0.6650390625 0.9166666670918366 0.6865234375 0.9427083329081634 0.6865234375