11 0 0.337890625 0.15234375 0.4580078125 0.18098958290816328 0.45703125 0.23958333290816328 0.443359375 0.2799479170918367 0.28515625 0.28125 0.259765625 0.16927083290816328 0.2783203125 0.11458333290816326 0.275390625 0.09765625 0.2890625 0.00390625 0.306640625 0 0.30859375 0 0.337890625
5 0.46614583290816325 0.1728515625 0.49739583290816325 0.1943359375 0.5052083329081632 0.1943359375 0.5221354170918368 0.185546875 0.5247395829081632 0.1728515625 0.5078125 0.14453125 0.48177083290816325 0.12109375 0.4375 0.0947265625 0.39713541709183675 0.08203125 0.35677083290816325 0.078125 0.34244791709183675 0.0849609375 0.328125 0.1015625 0.32421875 0.1103515625 0.328125 0.12890625 0.42057291709183675 0.150390625 0.46614583290816325 0.1728515625
1 0.45963541709183675 0.21484375 0.45963541709183675 0.1982421875 0.44921875 0.193359375 0.42708333290816325 0.1962890625 0.42838541709183675 0.216796875 0.44010416709183675 0.2236328125 0.44921875 0.2236328125 0.45963541709183675 0.21484375
1 0.20442708290816328 0.2548828125 0.2109375 0.2490234375 0.20963541709183672 0.232421875 0.19661458290816328 0.2265625 0.17708333290816328 0.2294921875 0.17447916709183672 0.2392578125 0.18098958290816328 0.2509765625 0.1953125 0.2578125 0.20442708290816328 0.2548828125
1 0.4921875 0.291015625 0.49088541709183675 0.27734375 0.48567708290816325 0.2744140625 0.45963541709183675 0.27734375 0.46223958290816325 0.296875 0.4765625 0.3037109375 0.48307291709183675 0.3017578125 0.4921875 0.291015625
1 0.24739583290816328 0.3037109375 0.24479166709183672 0.2900390625 0.22916666709183672 0.28515625 0.21223958290816328 0.2880859375 0.21354166709183672 0.3095703125 0.22265625 0.31640625 0.23958333290816328 0.3134765625 0.24739583290816328 0.3037109375
1 0.8997395829081634 0.27734375 0.9049479170918366 0.2607421875 0.8828125 0.2578125 0.875 0.26171875 0.875 0.2783203125 0.8854166670918366 0.28515625 0.8919270829081634 0.2841796875 0.8997395829081634 0.27734375
1 0.9895833329081634 0.3662109375 0.98828125 0.3583984375 0.9674479170918366 0.3564453125 0.9596354170918366 0.3603515625 0.9596354170918366 0.3759765625 0.9700520829081634 0.3837890625 0.9765625 0.3828125 0.9895833329081634 0.3662109375
1 0.92578125 0.1748046875 0.90625 0.169921875 0.8932291670918366 0.177734375 0.8971354170918366 0.1953125 0.9036458329081634 0.2001953125 0.9166666670918366 0.1962890625 0.92578125 0.1748046875
1 0 0.58984375 0.010416667091836735 0.5947265625 0.028645832908163266 0.58984375 0.03515625 0.5810546875 0.03255208290816326 0.572265625 0.018229167091836734 0.5673828125 0 0.5673828125 0 0.58984375
11 0.9583333329081634 0.1162109375 0.9752604170918366 0.04296875 0.8828125 0.076171875 0.8346354170918366 0.1005859375 0.703125 0.154296875 0.69921875 0.1611328125 0.8020833329081634 0.1669921875 0.9427083329081634 0.140625 0.9583333329081634 0.1162109375
9 0.8177083329081634 0.1494140625 0.81640625 0.1455078125 0.8059895829081634 0.1474609375 0.7981770829081634 0.166015625 0.7994791670918366 0.177734375 0.8098958329081634 0.1767578125 0.8177083329081634 0.1494140625
9 0.5026041670918368 0.197265625 0.49479166709183675 0.1953125 0.48307291709183675 0.208984375 0.47265625 0.224609375 0.47916666709183675 0.2314453125 0.5013020829081632 0.2060546875 0.5026041670918368 0.197265625
9 0.6380208329081632 0.65625 0.5989583329081632 0.66796875 0.5950520829081632 0.6708984375 0.59765625 0.6826171875 0.6328125 0.6708984375 0.6380208329081632 0.65625
9 0.36328125 0.666015625 0.359375 0.669921875 0.34375 0.689453125 0.36328125 0.6962890625 0.38541666709183675 0.66796875 0.36328125 0.666015625
9 0.3216145829081633 0.6484375 0.2981770829081633 0.66796875 0.29296875 0.67578125 0.31640625 0.677734375 0.33984375 0.650390625 0.3216145829081633 0.6484375
9 0.17838541709183672 0.6962890625 0.16015625 0.7177734375 0.15885416709183675 0.7236328125 0.16927083290816328 0.7255859375 0.18880208290816328 0.69921875 0.17838541709183672 0.6962890625
9 0.06640625 0.8330078125 0.05338541709183673 0.8466796875 0.05338541709183673 0.8525390625 0.0625 0.8525390625 0.08203125 0.8271484375 0.06640625 0.8330078125
9 0.05598958290816327 0.6611328125 0.05208333290816327 0.6591796875 0.02734375 0.669921875 0.026041667091836734 0.6767578125 0.014322917091836735 0.6865234375 0.013020832908163265 0.6953125 0.016927082908163266 0.6962890625 0.04947916709183673 0.6845703125 0.05598958290816327 0.6611328125
6 0.8802083329081634 0.2236328125 0.890625 0.212890625 0.890625 0.189453125 0.8697916670918366 0.171875 0.8411458329081634 0.1728515625 0.8229166670918366 0.19140625 0.82421875 0.2109375 0.8424479170918366 0.2265625 0.8697916670918366 0.2275390625 0.8802083329081634 0.2236328125
11 0.6145833329081632 0.6005859375 0.7044270829081634 0.5751953125 0.72265625 0.5634765625 0.7252604170918366 0.556640625 0.7109375 0.5302734375 0.66796875 0.4970703125 0.63671875 0.486328125 0.5833333329081632 0.484375 0.5572916670918368 0.486328125 0.5104166670918368 0.5078125 0.48307291709183675 0.5302734375 0.46223958290816325 0.5712890625 0.46484375 0.609375 0.47786458290816325 0.6142578125 0.49348958290816325 0.6142578125 0.6145833329081632 0.6005859375
11 0.87890625 0.5458984375 0.90234375 0.541015625 0.9283854170918366 0.53515625 0.9635416670918366 0.5205078125 0.97265625 0.513671875 0.97265625 0.50390625 0.9609375 0.48046875 0.9453125 0.462890625 0.9036458329081634 0.435546875 0.85546875 0.431640625 0.8151041670918366 0.4375 0.7682291670918366 0.458984375 0.7356770829081634 0.494140625 0.7278645829081634 0.513671875 0.7252604170918366 0.546875 0.73046875 0.5576171875 0.8046875 0.556640625 0.87890625 0.5458984375
0 0.8736979170918366 0.5048828125 0.8502604170918366 0.5078125 0.85546875 0.5185546875 0.8658854170918366 0.5185546875 0.8776041670918366 0.509765625 0.8736979170918366 0.5048828125
0 0.66015625 0.5751953125 0.6471354170918368 0.5732421875 0.63671875 0.578125 0.6328125 0.58203125 0.6484375 0.591796875 0.6627604170918366 0.5859375 0.66015625 0.5751953125
0 0.6692708329081634 0.560546875 0.6471354170918368 0.5654296875 0.6484375 0.572265625 0.6627604170918366 0.576171875 0.6731770829081634 0.5673828125 0.6692708329081634 0.560546875
5 0.45052083290816325 0.4716796875 0.515625 0.4912109375 0.5364583329081632 0.4921875 0.5533854170918368 0.484375 0.5690104170918368 0.4580078125 0.56640625 0.4423828125 0.47395833290816325 0.421875 0.43880208290816325 0.404296875 0.40885416709183675 0.380859375 0.39713541709183675 0.380859375 0.3828125 0.3916015625 0.38020833290816325 0.404296875 0.39583333290816325 0.4287109375 0.43098958290816325 0.4599609375 0.45052083290816325 0.4716796875
7 0.19010416709183672 0.400390625 0.20572916709183672 0.3955078125 0.22265625 0.3798828125 0.23177083290816328 0.35546875 0.22395833290816328 0.32421875 0.20963541709183672 0.306640625 0.17057291709183672 0.2802734375 0.13932291709183675 0.275390625 0.10807291709183674 0.2783203125 0.09375 0.30078125 0.08984375 0.3173828125 0.09114583290816326 0.3447265625 0.10546875 0.3642578125 0.14583333290816325 0.38671875 0.19010416709183672 0.400390625
3 0 0.432533203125 0.028645832908163266 0.442298828125 0.05598958290816327 0.441322265625 0.06119791709183673 0.434486328125 0.046875 0.408119140625 0.016927082908163266 0.395423828125 0.00390625 0.396400390625 0 0.398353515625 0 0.432533203125
3 0.05729166709183673 0.4638671875 0.05989583290816327 0.4482421875 0.02734375 0.4462890625 0.010416667091836735 0.4580078125 0.009114582908163265 0.4697265625 0.029947917091836734 0.4755859375 0.04166666709183673 0.474609375 0.05729166709183673 0.4638671875
3 0 0.4970703125 0.00390625 0.498046875 0.020833332908163266 0.494140625 0.03255208290816326 0.4833984375 0.02734375 0.4755859375 0.013020832908163265 0.4716796875 0 0.4716796875 0 0.4970703125
8 0.28125 0.2373046875 0.3151041670918367 0.2392578125 0.35286458290816325 0.232421875 0.38671875 0.2158203125 0.40364583290816325 0.193359375 0.40494791709183675 0.171875 0.37760416709183675 0.16015625 0.33723958290816325 0.150390625 0.27734375 0.1455078125 0.2578125 0.1494140625 0.234375 0.16015625 0.21223958290816328 0.1826171875 0.2109375 0.193359375 0.21875 0.20703125 0.24479166709183672 0.2265625 0.28125 0.2373046875
9 0.24479166709183672 0.228515625 0.23567708290816328 0.2421875 0.22786458290816328 0.259765625 0.23828125 0.263671875 0.2552083329081633 0.23046875 0.24479166709183672 0.228515625
7 0.41145833290816325 0.37890625 0.43619791709183675 0.3720703125 0.45703125 0.3583984375 0.45833333290816325 0.3525390625 0.43619791709183675 0.3232421875 0.4296875 0.3017578125 0.42838541709183675 0.2470703125 0.40364583290816325 0.2412109375 0.38151041709183675 0.2412109375 0.36197916709183675 0.2470703125 0.33463541709183675 0.265625 0.3229166670918367 0.287109375 0.32682291709183675 0.3349609375 0.35807291709183675 0.3662109375 0.38151041709183675 0.3759765625 0.41145833290816325 0.37890625
7 0.71484375 0.5283203125 0.72265625 0.5185546875 0.7356770829081634 0.466796875 0.7356770829081634 0.4375 0.7252604170918366 0.3896484375 0.6966145829081634 0.3359375 0.6484375 0.28515625 0.63671875 0.306640625 0.6471354170918368 0.400390625 0.6796875 0.4775390625 0.7057291670918366 0.521484375 0.71484375 0.5283203125
7 0.71484375 0.306640625 0.7200520829081634 0.27734375 0.7591145829081634 0.2119140625 0.7604166670918366 0.19921875 0.7552083329081634 0.1884765625 0.7408854170918366 0.181640625 0.71875 0.181640625 0.6861979170918366 0.1884765625 0.66796875 0.2060546875 0.65234375 0.2392578125 0.65234375 0.2841796875 0.6822916670918366 0.3134765625 0.703125 0.31640625 0.71484375 0.306640625
7 0.6080729170918368 0.345703125 0.6223958329081632 0.34765625 0.6341145829081632 0.337890625 0.6315104170918368 0.3095703125 0.6419270829081632 0.2919921875 0.6484375 0.2626953125 0.6484375 0.232421875 0.640625 0.203125 0.6328125 0.1982421875 0.61328125 0.2021484375 0.5846354170918368 0.2236328125 0.5625 0.25 0.5625 0.2802734375 0.5690104170918368 0.3076171875 0.59375 0.3359375 0.6080729170918368 0.345703125
6 0.7721354170918366 0.375 0.7955729170918366 0.3564453125 0.7994791670918366 0.3408203125 0.7942708329081634 0.3232421875 0.7682291670918366 0.3056640625 0.74609375 0.3037109375 0.7330729170918366 0.3076171875 0.7161458329081634 0.318359375 0.7083333329081634 0.33203125 0.70703125 0.3486328125 0.7161458329081634 0.36328125 0.7408854170918366 0.376953125 0.7721354170918366 0.375
7 0.28515625 0.8330078125 0.2955729170918367 0.7734375 0.3033854170918367 0.6806640625 0.2890625 0.6875 0.2747395829081633 0.7041015625 0.2526041670918367 0.7607421875 0.2513020829081633 0.78515625 0.2578125 0.8115234375 0.2682291670918367 0.8251953125 0.28515625 0.8330078125
7 0.20421223979591838 0.8116357421875 0.20399088520408162 0.8116357421875 0.20399088520408162 0.8119189453125 0.20421223979591838 0.8119189453125 0.20421223979591838 0.8116357421875
7 0.2565104170918367 0.8349609375 0.2591145829081633 0.82421875 0.22786458290816328 0.705078125 0.20833333290816328 0.7119140625 0.19791666709183672 0.7236328125 0.1796875 0.765625 0.1796875 0.79296875 0.19270833290816328 0.8173828125 0.22395833290816328 0.833984375 0.2565104170918367 0.8349609375
5 0.08463541709183674 0.810546875 0.09895833290816326 0.802734375 0.1171875 0.7724609375 0.171875 0.73046875 0.15494791709183675 0.7236328125 0.11979166709183674 0.7294921875 0.06640625 0.7509765625 0.03515625 0.77734375 0.028645832908163266 0.7900390625 0.03255208290816326 0.80078125 0.05338541709183673 0.8095703125 0.08463541709183674 0.810546875
4 0.40104166709183675 0.7578125 0.4296875 0.751953125 0.45052083290816325 0.734375 0.43489583290816325 0.7177734375 0.38802083290816325 0.703125 0.3229166670918367 0.701171875 0.3033854170918367 0.708984375 0.3020833329081633 0.71484375 0.3072916670918367 0.7197265625 0.36458333290816325 0.7353515625 0.40104166709183675 0.7578125
5 0.5052083329081632 0.7783203125 0.5338541670918368 0.767578125 0.5377604170918368 0.7587890625 0.53125 0.73828125 0.51171875 0.7197265625 0.48958333290816325 0.708984375 0.46223958290816325 0.7021484375 0.44791666709183675 0.703125 0.43619791709183675 0.7099609375 0.43489583290816325 0.7158203125 0.46223958290816325 0.7412109375 0.48046875 0.7783203125 0.5052083329081632 0.7783203125
4 0.53125 0.8388671875 0.5572916670918368 0.81640625 0.5859375 0.7685546875 0.5846354170918368 0.7587890625 0.5768229170918368 0.7548828125 0.5611979170918368 0.7568359375 0.5078125 0.802734375 0.43880208290816325 0.8359375 0.43880208290816325 0.8408203125 0.45703125 0.8505859375 0.5 0.8486328125 0.53125 0.8388671875
4 0.5065104170918368 0.6396484375 0.52734375 0.6240234375 0.52734375 0.619140625 0.5169270829081632 0.6142578125 0.45703125 0.6142578125 0.38411458290816325 0.6328125 0.36458333290816325 0.65234375 0.3671875 0.6650390625 0.40885416709183675 0.669921875 0.47265625 0.6455078125 0.5065104170918368 0.6396484375
4 0.10286458290816326 0.599609375 0.13541666709183675 0.6044921875 0.17447916709183672 0.6015625 0.20703125 0.5869140625 0.22395833290816328 0.5703125 0.23177083290816328 0.5458984375 0.23046875 0.53515625 0.203125 0.5283203125 0.17447916709183672 0.515625 0.12630208290816325 0.4833984375 0.10286458290816326 0.4599609375 0.06640625 0.4677734375 0.04427083290816327 0.4833984375 0.028645832908163266 0.5068359375 0.02734375 0.5302734375 0.0390625 0.556640625 0.07291666709183674 0.5859375 0.10286458290816326 0.599609375
4 0.26314453061224485 0.5814990234375 0.2627669272959184 0.5814990234375 0.2627669272959184 0.5820166015625 0.26314453061224485 0.5820166015625 0.26314453061224485 0.5814990234375
4 0.27734375 0.6484375 0.30078125 0.6376953125 0.3216145829081633 0.6220703125 0.33463541709183675 0.6044921875 0.33984375 0.5888671875 0.33463541709183675 0.5595703125 0.3033854170918367 0.53515625 0.2760416670918367 0.529296875 0.26171875 0.5302734375 0.23046875 0.5771484375 0.17057291709183672 0.6142578125 0.17838541709183672 0.6318359375 0.20963541709183672 0.650390625 0.24609375 0.654296875 0.27734375 0.6484375
7 0.39973958290816325 0.564453125 0.4296875 0.5185546875 0.46223958290816325 0.4853515625 0.43489583290816325 0.46484375 0.42057291709183675 0.4619140625 0.39192708290816325 0.4638671875 0.3671875 0.47265625 0.35026041709183675 0.484375 0.33072916709183675 0.5146484375 0.33072916709183675 0.533203125 0.34895833290816325 0.5556640625 0.37630208290816325 0.564453125 0.39973958290816325 0.564453125
3 0.46875 0.306640625 0.46223958290816325 0.3017578125 0.453125 0.3017578125 0.4453125 0.30859375 0.44661458290816325 0.32421875 0.46614583290816325 0.3291015625 0.47395833290816325 0.3203125 0.46875 0.306640625
1 0.07552083290816326 0.3251953125 0.06770833290816326 0.3173828125 0.04817708290816327 0.31640625 0.03776041709183674 0.3203125 0.046875 0.3427734375 0.05598958290816327 0.3466796875 0.0703125 0.3427734375 0.07552083290816326 0.3251953125
10 0.11328125 0.66015625 0.14713541709183675 0.6787109375 0.15755208290816325 0.6767578125 0.16536458290816328 0.6630859375 0.16666666709183672 0.640625 0.15625 0.6142578125 0.11067708290816326 0.611328125 0.05989583290816327 0.59375 0.014322917091836735 0.6123046875 0.014322917091836735 0.6171875 0.04296875 0.64453125 0.06901041709183674 0.6474609375 0.11328125 0.66015625
10 0.09114583290816326 0.822265625 0.08463541709183674 0.8115234375 0.0546875 0.8134765625 0.05338541709183673 0.826171875 0.0625 0.8330078125 0.07421875 0.8330078125 0.09114583290816326 0.822265625
2 0.2942708329081633 0.80859375 0.2955729170918367 0.818359375 0.3125 0.8173828125 0.3190104170918367 0.8134765625 0.2942708329081633 0.80859375
2 0.33072916709183675 0.7705078125 0.33072916709183675 0.7783203125 0.35026041709183675 0.775390625 0.34505208290816325 0.771484375 0.33072916709183675 0.7705078125
0 0.8958333329081634 0.2041015625 0.8880208329081634 0.2197265625 0.8893229170918366 0.2265625 0.9049479170918366 0.2197265625 0.9036458329081634 0.2021484375 0.8958333329081634 0.2041015625
8 0.42447916709183675 0.8603515625 0.43359375 0.8447265625 0.43229166709183675 0.8271484375 0.42578125 0.8193359375 0.41276041709183675 0.814453125 0.38932291709183675 0.8193359375 0.36067708290816325 0.833984375 0.34765625 0.853515625 0.35286458290816325 0.8896484375 0.38020833290816325 0.8876953125 0.40104166709183675 0.8798828125 0.42447916709183675 0.8603515625
8 0.2109375 0.9033203125 0.24348958290816328 0.9052734375 0.28515625 0.8994140625 0.30859375 0.890625 0.3203125 0.876953125 0.3151041670918367 0.8525390625 0.3046875 0.8427734375 0.2890625 0.837890625 0.2552083329081633 0.8369140625 0.20963541709183672 0.8427734375 0.16145833290816325 0.85546875 0.16015625 0.873046875 0.16796875 0.8857421875 0.19010416709183672 0.8984375 0.2109375 0.9033203125
4 0.5559895829081632 0.7109375 0.5794270829081632 0.7001953125 0.59375 0.6826171875 0.5924479170918368 0.6708984375 0.5364583329081632 0.65234375 0.515625 0.6396484375 0.49609375 0.646484375 0.4765625 0.6669921875 0.48046875 0.693359375 0.49088541709183675 0.703125 0.5130208329081632 0.7119140625 0.5559895829081632 0.7109375
0 0.32137239540816326 0.647353515625 0.3396523443877551 0.65149609375 0.3471393227040816 0.6507138671875 0.35814583290816326 0.6434111328125 0.354484375 0.6380712890625 0.34439973979591837 0.6419287109375 0.3327539056122449 0.643123046875 0.32137239540816326 0.643609375 0.32137239540816326 0.647353515625
3 0.34635416709183675 0.5859375 0.35416666709183675 0.5869140625 0.359375 0.5849609375 0.36588541709183675 0.5810546875 0.36848958290816325 0.576171875 0.36848958290816325 0.5712890625 0.3671875 0.568359375 0.36458333290816325 0.56640625 0.36197916709183675 0.5654296875 0.35546875 0.5654296875 0.34635416709183675 0.5712890625 0.34635416709183675 0.572265625 0.34244791709183675 0.5751953125 0.34244791709183675 0.58203125 0.34635416709183675 0.5859375