11 0.171875 0.4638671875 0.2578125 0.44921875 0.30859375 0.361328125 0.18880208333333334 0.25390625 0.16666666666666666 0.240234375 0.09375 0.3779296875 0.09114583333333333 0.3935546875 0.09765625 0.4072265625 0.16145833333333334 0.4619140625 0.171875 0.4638671875
11 0.08463541666666667 0.5537109375 0.14453125 0.541015625 0.15625 0.5341796875 0.171875 0.47265625 0.11979166666666667 0.431640625 0.09375 0.4326171875 0.044270833333333336 0.447265625 0.024739583333333332 0.4990234375 0.0234375 0.5087890625 0.05078125 0.5390625 0.07291666666666667 0.5537109375 0.08463541666666667 0.5537109375
11 0.484375 0.6337890625 0.51171875 0.625 0.5716145833333334 0.5771484375 0.5716145833333334 0.517578125 0.56640625 0.51171875 0.4739583333333333 0.4755859375 0.3958333333333333 0.50390625 0.37890625 0.556640625 0.37890625 0.576171875 0.43359375 0.6240234375 0.4544270833333333 0.6376953125 0.484375 0.6337890625
11 0.4921875 0.8447265625 0.5052083333333334 0.845703125 0.58203125 0.8212890625 0.578125 0.6865234375 0.42578125 0.7421875 0.4231770833333333 0.7587890625 0.4296875 0.810546875 0.4622395833333333 0.8310546875 0.4921875 0.8447265625
11 0.734375 0.5361328125 0.7356770833333334 0.5322265625 0.72265625 0.521484375 0.6236979166666666 0.47265625 0.58984375 0.451171875 0.5729166666666666 0.447265625 0.5755208333333334 0.486328125 0.6393229166666666 0.5546875 0.6927083333333334 0.5537109375 0.734375 0.5361328125
10 0.9986979166666666 0.4931640625 0.9986979166666666 0.4384765625 0.9674479166666666 0.4130859375 0.9283854166666666 0.404296875 0.8919270833333334 0.4052734375 0.8645833333333334 0.4130859375 0.8333333333333334 0.4326171875 0.8203125 0.4462890625 0.8072916666666666 0.470703125 0.8072916666666666 0.48046875 0.8684895833333334 0.49609375 0.9947916666666666 0.494140625 0.9986979166666666 0.4931640625
4 0.8020833333333334 0.5712890625 0.83984375 0.5693359375 0.8580729166666666 0.5615234375 0.8763020833333334 0.5458984375 0.8841145833333334 0.5283203125 0.8854166666666666 0.5126953125 0.87109375 0.5 0.8294270833333334 0.486328125 0.7760416666666666 0.4755859375 0.7630208333333334 0.482421875 0.7473958333333334 0.5068359375 0.7473958333333334 0.5322265625 0.75390625 0.5439453125 0.7760416666666666 0.5625 0.8020833333333334 0.5712890625
11 0.9635416666666666 0.7041015625 0.8971354166666666 0.6875 0.9010416666666666 0.7685546875 0.9583333333333334 0.8115234375 0.9700520833333334 0.814453125 0.9635416666666666 0.7041015625
4 0.9986979166666666 0.7470703125 0.9986979166666666 0.71484375 0.9895833333333334 0.7119140625 0.98046875 0.7119140625 0.98046875 0.7216796875 0.9908854166666666 0.7529296875 0.9986979166666666 0.7470703125
3 0.8984375 0.787109375 0.8984375 0.7666015625 0.8841145833333334 0.7509765625 0.8671875 0.744140625 0.84375 0.7470703125 0.8307291666666666 0.7587890625 0.8307291666666666 0.8076171875 0.8385416666666666 0.81640625 0.8658854166666666 0.8212890625 0.8984375 0.787109375
11 0.14192708333333334 0.689453125 0.13151041666666666 0.69140625 0.125 0.701171875 0.10286458333333333 0.7158203125 0.13020833333333334 0.748046875 0.22916666666666666 0.7294921875 0.20963541666666666 0.607421875 0.203125 0.6025390625 0.19140625 0.6083984375 0.171875 0.6494140625 0.15885416666666666 0.6611328125 0.15625 0.6796875 0.14192708333333334 0.689453125
7 0.35546875 0.4375 0.3723958333333333 0.4326171875 0.3854166666666667 0.4208984375 0.3893229166666667 0.4052734375 0.37890625 0.376953125 0.3645833333333333 0.3681640625 0.3346354166666667 0.359375 0.3125 0.3662109375 0.30859375 0.3759765625 0.3203125 0.40234375 0.3424479166666667 0.4326171875 0.35546875 0.4375
7 0.5729166666666666 0.3544921875 0.5768229166666666 0.3203125 0.58984375 0.2998046875 0.5872395833333334 0.291015625 0.5703125 0.283203125 0.5533854166666666 0.283203125 0.5364583333333334 0.291015625 0.5208333333333334 0.3076171875 0.5182291666666666 0.3212890625 0.53515625 0.3623046875 0.56640625 0.36328125 0.5729166666666666 0.3544921875
4 0.8346354166666666 0.2177734375 0.85546875 0.2314453125 0.8658854166666666 0.2255859375 0.8658854166666666 0.2001953125 0.859375 0.1884765625 0.84765625 0.1826171875 0.8046875 0.1875 0.7864583333333334 0.1943359375 0.7786458333333334 0.205078125 0.7786458333333334 0.2216796875 0.7864583333333334 0.2294921875 0.8177083333333334 0.21484375 0.8346354166666666 0.2177734375
3 0.6263020833333334 0.2333984375 0.63671875 0.2265625 0.640625 0.2177734375 0.6315104166666666 0.203125 0.61328125 0.1982421875 0.5859375 0.203125 0.5755208333333334 0.212890625 0.5755208333333334 0.22265625 0.58203125 0.23046875 0.6002604166666666 0.236328125 0.6263020833333334 0.2333984375
3 0.12109375 0.2626953125 0.12109375 0.25390625 0.11588541666666667 0.25 0.078125 0.2509765625 0.06380208333333333 0.2578125 0.06640625 0.2724609375 0.0859375 0.279296875 0.10546875 0.275390625 0.12109375 0.2626953125
9 0.06380208333333333 0.2724609375 0.04296875 0.2939453125 0.040364583333333336 0.2998046875 0.046875 0.30078125 0.0703125 0.275390625 0.06380208333333333 0.2724609375
9 0.5169270833333334 0.2265625 0.5091145833333334 0.228515625 0.49609375 0.248046875 0.4973958333333333 0.2548828125 0.5065104166666666 0.2509765625 0.51953125 0.23046875 0.5169270833333334 0.2265625
9 0.58984375 0.234375 0.5807291666666666 0.236328125 0.5598958333333334 0.263671875 0.55859375 0.2705078125 0.5651041666666666 0.2724609375 0.5872395833333334 0.2451171875 0.58984375 0.234375
9 0.7864583333333334 0.23046875 0.7799479166666666 0.228515625 0.7578125 0.2412109375 0.7591145833333334 0.24609375 0.765625 0.24609375 0.7825520833333334 0.2373046875 0.7864583333333334 0.23046875
9 0.8151041666666666 0.5908203125 0.81640625 0.59765625 0.8450520833333334 0.576171875 0.83984375 0.57421875 0.8151041666666666 0.5908203125
9 0.9309895833333334 0.6435546875 0.91015625 0.6640625 0.9231770833333334 0.6630859375 0.9427083333333334 0.6396484375 0.9309895833333334 0.6435546875
9 0.7174479166666666 0.5810546875 0.7057291666666666 0.578125 0.6927083333333334 0.591796875 0.69140625 0.599609375 0.7044270833333334 0.60546875 0.71484375 0.5947265625 0.7174479166666666 0.5810546875
9 0.5924479166666666 0.669921875 0.5533854166666666 0.65625 0.5533854166666666 0.662109375 0.59765625 0.6796875 0.5989583333333334 0.6748046875 0.5924479166666666 0.669921875
9 0.4700520833333333 0.6171875 0.4765625 0.6162109375 0.4765625 0.6123046875 0.4388020833333333 0.6015625 0.4388020833333333 0.6083984375 0.4453125 0.611328125 0.4700520833333333 0.6171875
9 0.3958333333333333 0.6435546875 0.39453125 0.650390625 0.41796875 0.66796875 0.421875 0.66015625 0.3958333333333333 0.6435546875
9 0.3932291666666667 0.6708984375 0.3658854166666667 0.6533203125 0.3645833333333333 0.658203125 0.3802083333333333 0.671875 0.39453125 0.6767578125 0.3932291666666667 0.6708984375
9 0.05078125 0.626953125 0.046875 0.6259765625 0.032552083333333336 0.6396484375 0.03125 0.6435546875 0.037760416666666664 0.6455078125 0.05078125 0.6337890625 0.05078125 0.626953125
1 0.13151041666666666 0.2802734375 0.12630208333333334 0.2763671875 0.109375 0.27734375 0.11328125 0.2939453125 0.125 0.2958984375 0.13151041666666666 0.2890625 0.13151041666666666 0.2802734375
1 0.13151041666666666 0.3515625 0.12369791666666667 0.34765625 0.10807291666666667 0.349609375 0.11197916666666667 0.3662109375 0.12109375 0.3681640625 0.12890625 0.3623046875 0.13151041666666666 0.3515625
1 0.24609375 0.4208984375 0.25 0.412109375 0.24609375 0.40625 0.23046875 0.404296875 0.22265625 0.408203125 0.22005208333333334 0.41796875 0.22526041666666666 0.4228515625 0.23567708333333334 0.4248046875 0.24609375 0.4208984375
1 0.2630208333333333 0.4892578125 0.26171875 0.478515625 0.25390625 0.474609375 0.24088541666666666 0.4755859375 0.23828125 0.4833984375 0.24348958333333334 0.494140625 0.2578125 0.494140625 0.2630208333333333 0.4892578125
1 0.3828125 0.4521484375 0.3606770833333333 0.451171875 0.359375 0.462890625 0.3723958333333333 0.474609375 0.37890625 0.4697265625 0.3828125 0.4521484375
1 0.4244791666666667 0.4091796875 0.4283854166666667 0.4267578125 0.4401041666666667 0.431640625 0.4479166666666667 0.4091796875 0.4244791666666667 0.4091796875
1 0.4973958333333333 0.3486328125 0.4934895833333333 0.345703125 0.4739583333333333 0.34765625 0.4752604166666667 0.3642578125 0.4791666666666667 0.3701171875 0.48828125 0.37109375 0.4973958333333333 0.3486328125
1 0.6783854166666666 0.2392578125 0.6783854166666666 0.2265625 0.6588541666666666 0.224609375 0.6549479166666666 0.2275390625 0.6575520833333334 0.240234375 0.671875 0.2451171875 0.6783854166666666 0.2392578125
1 0.7395833333333334 0.302734375 0.72265625 0.2998046875 0.71484375 0.3037109375 0.7174479166666666 0.31640625 0.7252604166666666 0.3212890625 0.734375 0.3193359375 0.7395833333333334 0.302734375
1 0.7799479166666666 0.4052734375 0.7799479166666666 0.3916015625 0.7591145833333334 0.3916015625 0.7552083333333334 0.39453125 0.7578125 0.40625 0.7734375 0.412109375 0.7799479166666666 0.4052734375
1 0.8372395833333334 0.3515625 0.8138020833333334 0.3505859375 0.8138020833333334 0.365234375 0.8294270833333334 0.37109375 0.8359375 0.3642578125 0.8372395833333334 0.3515625
1 0.7161458333333334 0.4794921875 0.7161458333333334 0.4677734375 0.7018229166666666 0.46484375 0.69140625 0.4697265625 0.6953125 0.486328125 0.703125 0.4912109375 0.7096354166666666 0.4892578125 0.7161458333333334 0.4794921875
1 0.92578125 0.3154296875 0.9231770833333334 0.3125 0.9036458333333334 0.3134765625 0.9036458333333334 0.3271484375 0.91015625 0.3349609375 0.9166666666666666 0.3359375 0.92578125 0.3154296875
1 0.86328125 0.240234375 0.8541666666666666 0.23828125 0.8424479166666666 0.2421875 0.83984375 0.2451171875 0.84765625 0.2578125 0.859375 0.2626953125 0.86328125 0.240234375
3 0.7578125 0.5751953125 0.7578125 0.5537109375 0.69921875 0.5556640625 0.7096354166666666 0.5751953125 0.7239583333333334 0.5849609375 0.7408854166666666 0.5849609375 0.7578125 0.5751953125
4 0.7877604166666666 0.62890625 0.7890625 0.6044921875 0.7838541666666666 0.6005859375 0.7526041666666666 0.61328125 0.7486979166666666 0.619140625 0.76171875 0.642578125 0.76953125 0.6455078125 0.7877604166666666 0.62890625
7 0.6380208333333334 0.630859375 0.6653645833333334 0.6298828125 0.6875 0.6220703125 0.6783854166666666 0.6025390625 0.6106770833333334 0.5283203125 0.5911458333333334 0.5390625 0.578125 0.5615234375 0.5768229166666666 0.587890625 0.5833333333333334 0.6025390625 0.6015625 0.6201171875 0.6380208333333334 0.630859375
8 0.4596354166666667 0.5908203125 0.4830729166666667 0.58203125 0.49609375 0.5703125 0.50390625 0.5498046875 0.50390625 0.533203125 0.4921875 0.515625 0.4765625 0.5048828125 0.45703125 0.4990234375 0.4270833333333333 0.5029296875 0.40625 0.5146484375 0.3958333333333333 0.529296875 0.3958333333333333 0.56640625 0.42578125 0.587890625 0.44140625 0.591796875 0.4596354166666667 0.5908203125
8 0.26953125 0.6884765625 0.2890625 0.6875 0.3151041666666667 0.671875 0.3229166666666667 0.654296875 0.3216145833333333 0.6435546875 0.3138020833333333 0.62890625 0.2981770833333333 0.6171875 0.2682291666666667 0.6064453125 0.2526041666666667 0.609375 0.23697916666666666 0.615234375 0.22135416666666666 0.6318359375 0.22135416666666666 0.6572265625 0.23046875 0.6708984375 0.24739583333333334 0.6826171875 0.26953125 0.6884765625
4 0.3020833333333333 0.564453125 0.3151041666666667 0.556640625 0.3177083333333333 0.5498046875 0.2981770833333333 0.537109375 0.265625 0.537109375 0.24088541666666666 0.548828125 0.23697916666666666 0.5595703125 0.23567708333333334 0.5673828125 0.24088541666666666 0.57421875 0.2591145833333333 0.5751953125 0.3020833333333333 0.564453125
4 0.11197916666666667 0.4970703125 0.13020833333333334 0.4931640625 0.12760416666666666 0.46484375 0.11197916666666667 0.451171875 0.08463541666666667 0.4482421875 0.059895833333333336 0.4638671875 0.057291666666666664 0.470703125 0.061197916666666664 0.4755859375 0.08463541666666667 0.4892578125 0.11197916666666667 0.4970703125
4 0.10677083333333333 0.529296875 0.11848958333333333 0.525390625 0.11588541666666667 0.5068359375 0.10807291666666667 0.498046875 0.07291666666666667 0.4853515625 0.061197916666666664 0.48828125 0.04296875 0.5048828125 0.049479166666666664 0.515625 0.07942708333333333 0.529296875 0.10677083333333333 0.529296875
3 0.07421875 0.6123046875 0.06901041666666667 0.607421875 0.052083333333333336 0.60546875 0.044270833333333336 0.611328125 0.046875 0.625 0.057291666666666664 0.62890625 0.07161458333333333 0.625 0.07421875 0.6123046875
8 0.3190104166666667 0.8466796875 0.3385416666666667 0.8447265625 0.36328125 0.833984375 0.3736979166666667 0.822265625 0.3763020833333333 0.8037109375 0.3723958333333333 0.79296875 0.3645833333333333 0.783203125 0.3450520833333333 0.771484375 0.32421875 0.767578125 0.3059895833333333 0.7705078125 0.2864583333333333 0.78125 0.2799479166666667 0.791015625 0.2799479166666667 0.8232421875 0.28515625 0.83203125 0.3020833333333333 0.84375 0.3190104166666667 0.8466796875
11 0.6184895833333334 0.701171875 0.6119791666666666 0.6787109375 0.60546875 0.6728515625 0.59375 0.673828125 0.59375 0.685546875 0.5846354166666666 0.6884765625 0.58203125 0.6962890625 0.5846354166666666 0.7783203125 0.6028645833333334 0.7861328125 0.6640625 0.7958984375 0.6184895833333334 0.701171875
3 0.9231770833333334 0.6650390625 0.9088541666666666 0.66015625 0.90234375 0.6689453125 0.8984375 0.6845703125 0.9153645833333334 0.6875 0.9231770833333334 0.67578125 0.9231770833333334 0.6650390625
7 0.75390625 0.4736328125 0.7890625 0.4384765625 0.7825520833333334 0.431640625 0.7630208333333334 0.4296875 0.7265625 0.43359375 0.7161458333333334 0.4404296875 0.71484375 0.4482421875 0.72265625 0.4580078125 0.7395833333333334 0.470703125 0.75390625 0.4736328125
3 0.7200520833333334 0.435546875 0.7161458333333334 0.4287109375 0.6888020833333334 0.4306640625 0.6875 0.435546875 0.69921875 0.4453125 0.7057291666666666 0.4462890625 0.7200520833333334 0.435546875
7 0.7122395833333334 0.318359375 0.6744791666666666 0.267578125 0.65625 0.25390625 0.62109375 0.2705078125 0.6106770833333334 0.2802734375 0.5989583333333334 0.3037109375 0.5989583333333334 0.3310546875 0.609375 0.3525390625 0.7005208333333334 0.326171875 0.7122395833333334 0.318359375
4 0.17708333333333334 0.421875 0.22005208333333334 0.404296875 0.23307291666666666 0.392578125 0.23567708333333334 0.3828125 0.22395833333333334 0.36328125 0.18359375 0.3623046875 0.12630208333333334 0.3701171875 0.10807291666666667 0.3935546875 0.109375 0.4013671875 0.12630208333333334 0.4150390625 0.15234375 0.4228515625 0.17708333333333334 0.421875
4 0.5364583333333334 0.2275390625 0.5481770833333334 0.2236328125 0.5703125 0.2041015625 0.5716145833333334 0.1884765625 0.5455729166666666 0.166015625 0.5208333333333334 0.1767578125 0.4765625 0.1591796875 0.4635416666666667 0.1572265625 0.44921875 0.162109375 0.4479166666666667 0.16796875 0.4583333333333333 0.1845703125 0.515625 0.2265625 0.5364583333333334 0.2275390625
4 0.7083333333333334 0.5380859375 0.7135416666666666 0.5185546875 0.6809895833333334 0.51171875 0.6770833333333334 0.5205078125 0.6731770833333334 0.546875 0.6783854166666666 0.5498046875 0.6927083333333334 0.5478515625 0.7083333333333334 0.5380859375
4 0.69140625 0.5498046875 0.7096354166666666 0.5390625 0.71484375 0.5234375 0.7122395833333334 0.517578125 0.6640625 0.5078125 0.6302083333333334 0.5068359375 0.62890625 0.513671875 0.640625 0.533203125 0.6705729166666666 0.55078125 0.69140625 0.5498046875
8 0.4908854166666667 0.8349609375 0.5247395833333334 0.8349609375 0.5377604166666666 0.830078125 0.5625 0.8037109375 0.5638020833333334 0.7861328125 0.5559895833333334 0.767578125 0.5377604166666666 0.7529296875 0.51953125 0.74609375 0.4973958333333333 0.744140625 0.4700520833333333 0.751953125 0.4518229166666667 0.7685546875 0.4466145833333333 0.779296875 0.4466145833333333 0.7958984375 0.4557291666666667 0.8134765625 0.4661458333333333 0.82421875 0.4908854166666667 0.8349609375
8 0.7643229166666666 0.828125 0.7838541666666666 0.828125 0.8020833333333334 0.822265625 0.8203125 0.8095703125 0.828125 0.7958984375 0.8255208333333334 0.7646484375 0.8138020833333334 0.75390625 0.796875 0.7470703125 0.7721354166666666 0.7470703125 0.7513020833333334 0.7548828125 0.7369791666666666 0.7666015625 0.7291666666666666 0.7802734375 0.7278645833333334 0.796875 0.7330729166666666 0.8115234375 0.74609375 0.822265625 0.7643229166666666 0.828125
3 0.4283854166666667 0.59375 0.421875 0.5947265625 0.4153645833333333 0.599609375 0.4166666666666667 0.6064453125 0.4388020833333333 0.609375 0.4283854166666667 0.59375
3 0.3697916666666667 0.6376953125 0.35546875 0.63671875 0.34375 0.6455078125 0.3450520833333333 0.65625 0.3619791666666667 0.6552734375 0.3684895833333333 0.6494140625 0.3697916666666667 0.6376953125
3 0.3932291666666667 0.630859375 0.37109375 0.63671875 0.3723958333333333 0.6484375 0.3880208333333333 0.6484375 0.3958333333333333 0.6416015625 0.3932291666666667 0.630859375
3 0.8072916666666666 0.6103515625 0.8138020833333334 0.6044921875 0.8138020833333334 0.5947265625 0.8072916666666666 0.5927734375 0.7955729166666666 0.59765625 0.7903645833333334 0.6025390625 0.7916666666666666 0.609375 0.796875 0.6123046875 0.8072916666666666 0.6103515625