11 0.09114583290816326 0.3935546875 0.09765625 0.4072265625 0.16145833290816325 0.4619140625 0.171875 0.4638671875 0.2578125 0.44921875 0.30859375 0.361328125 0.18880208290816328 0.25390625 0.16666666709183672 0.240234375 0.09375 0.3779296875 0.09114583290816326 0.3935546875
11 0.04427083290816327 0.447265625 0.024739582908163266 0.4990234375 0.0234375 0.5087890625 0.05078125 0.5390625 0.07291666709183674 0.5537109375 0.08463541709183674 0.5537109375 0.14453125 0.541015625 0.15625 0.5341796875 0.171875 0.47265625 0.11979166709183674 0.431640625 0.09375 0.4326171875 0.04427083290816327 0.447265625
11 0.39583333290816325 0.50390625 0.37890625 0.556640625 0.37890625 0.576171875 0.43359375 0.6240234375 0.45442708290816325 0.6376953125 0.484375 0.6337890625 0.51171875 0.625 0.5716145829081632 0.5771484375 0.5716145829081632 0.517578125 0.56640625 0.51171875 0.47395833290816325 0.4755859375 0.39583333290816325 0.50390625
11 0.4296875 0.810546875 0.46223958290816325 0.8310546875 0.4921875 0.8447265625 0.5052083329081632 0.845703125 0.58203125 0.8212890625 0.578125 0.6865234375 0.42578125 0.7421875 0.42317708290816325 0.7587890625 0.4296875 0.810546875
11 0.5755208329081632 0.486328125 0.6393229170918368 0.5546875 0.6927083329081634 0.5537109375 0.734375 0.5361328125 0.7356770829081634 0.5322265625 0.72265625 0.521484375 0.6236979170918368 0.47265625 0.58984375 0.451171875 0.5729166670918368 0.447265625 0.5755208329081632 0.486328125
10 0.8333333329081634 0.4326171875 0.8203125 0.4462890625 0.8072916670918366 0.470703125 0.8072916670918366 0.48046875 0.8684895829081634 0.49609375 0.9947916670918366 0.494140625 0.9986979170918366 0.4931640625 0.9986979170918366 0.4384765625 0.9674479170918366 0.4130859375 0.9283854170918366 0.404296875 0.8919270829081634 0.4052734375 0.8645833329081634 0.4130859375 0.8333333329081634 0.4326171875
4 0.87109375 0.5 0.8294270829081634 0.486328125 0.7760416670918366 0.4755859375 0.7630208329081634 0.482421875 0.7473958329081634 0.5068359375 0.7473958329081634 0.5322265625 0.75390625 0.5439453125 0.7760416670918366 0.5625 0.8020833329081634 0.5712890625 0.83984375 0.5693359375 0.8580729170918366 0.5615234375 0.8763020829081634 0.5458984375 0.8841145829081634 0.5283203125 0.8854166670918366 0.5126953125 0.87109375 0.5
11 0.8971354170918366 0.6875 0.9010416670918366 0.7685546875 0.9583333329081634 0.8115234375 0.9700520829081634 0.814453125 0.9635416670918366 0.7041015625 0.8971354170918366 0.6875
4 0.9986979170918366 0.7470703125 0.9986979170918366 0.71484375 0.9895833329081634 0.7119140625 0.98046875 0.7119140625 0.98046875 0.7216796875 0.9908854170918366 0.7529296875 0.9986979170918366 0.7470703125
3 0.8307291670918366 0.8076171875 0.8385416670918366 0.81640625 0.8658854170918366 0.8212890625 0.8984375 0.787109375 0.8984375 0.7666015625 0.8841145829081634 0.7509765625 0.8671875 0.744140625 0.84375 0.7470703125 0.8307291670918366 0.7587890625 0.8307291670918366 0.8076171875
11 0.20963541709183672 0.607421875 0.203125 0.6025390625 0.19140625 0.6083984375 0.171875 0.6494140625 0.15885416709183675 0.6611328125 0.15625 0.6796875 0.14192708290816325 0.689453125 0.13151041709183675 0.69140625 0.125 0.701171875 0.10286458290816326 0.7158203125 0.13020833290816325 0.748046875 0.22916666709183672 0.7294921875 0.20963541709183672 0.607421875
7 0.33463541709183675 0.359375 0.3125 0.3662109375 0.30859375 0.3759765625 0.3203125 0.40234375 0.34244791709183675 0.4326171875 0.35546875 0.4375 0.37239583290816325 0.4326171875 0.38541666709183675 0.4208984375 0.38932291709183675 0.4052734375 0.37890625 0.376953125 0.36458333290816325 0.3681640625 0.33463541709183675 0.359375
7 0.5364583329081632 0.291015625 0.5208333329081632 0.3076171875 0.5182291670918368 0.3212890625 0.53515625 0.3623046875 0.56640625 0.36328125 0.5729166670918368 0.3544921875 0.5768229170918368 0.3203125 0.58984375 0.2998046875 0.5872395829081632 0.291015625 0.5703125 0.283203125 0.5533854170918368 0.283203125 0.5364583329081632 0.291015625
4 0.8046875 0.1875 0.7864583329081634 0.1943359375 0.7786458329081634 0.205078125 0.7786458329081634 0.2216796875 0.7864583329081634 0.2294921875 0.8177083329081634 0.21484375 0.8346354170918366 0.2177734375 0.85546875 0.2314453125 0.8658854170918366 0.2255859375 0.8658854170918366 0.2001953125 0.859375 0.1884765625 0.84765625 0.1826171875 0.8046875 0.1875
3 0.5755208329081632 0.212890625 0.5755208329081632 0.22265625 0.58203125 0.23046875 0.6002604170918368 0.236328125 0.6263020829081632 0.2333984375 0.63671875 0.2265625 0.640625 0.2177734375 0.6315104170918368 0.203125 0.61328125 0.1982421875 0.5859375 0.203125 0.5755208329081632 0.212890625
3 0.0859375 0.279296875 0.10546875 0.275390625 0.12109375 0.2626953125 0.12109375 0.25390625 0.11588541709183674 0.25 0.078125 0.2509765625 0.06380208290816326 0.2578125 0.06640625 0.2724609375 0.0859375 0.279296875
9 0.04296875 0.2939453125 0.04036458290816326 0.2998046875 0.046875 0.30078125 0.0703125 0.275390625 0.06380208290816326 0.2724609375 0.04296875 0.2939453125
9 0.5169270829081632 0.2265625 0.5091145829081632 0.228515625 0.49609375 0.248046875 0.49739583290816325 0.2548828125 0.5065104170918368 0.2509765625 0.51953125 0.23046875 0.5169270829081632 0.2265625
9 0.58984375 0.234375 0.5807291670918368 0.236328125 0.5598958329081632 0.263671875 0.55859375 0.2705078125 0.5651041670918368 0.2724609375 0.5872395829081632 0.2451171875 0.58984375 0.234375
9 0.7864583329081634 0.23046875 0.7799479170918366 0.228515625 0.7578125 0.2412109375 0.7591145829081634 0.24609375 0.765625 0.24609375 0.7825520829081634 0.2373046875 0.7864583329081634 0.23046875
9 0.8450520829081634 0.576171875 0.83984375 0.57421875 0.8151041670918366 0.5908203125 0.81640625 0.59765625 0.8450520829081634 0.576171875
9 0.9231770829081634 0.6630859375 0.9427083329081634 0.6396484375 0.9309895829081634 0.6435546875 0.91015625 0.6640625 0.9231770829081634 0.6630859375
9 0.7174479170918366 0.5810546875 0.7057291670918366 0.578125 0.6927083329081634 0.591796875 0.69140625 0.599609375 0.7044270829081634 0.60546875 0.71484375 0.5947265625 0.7174479170918366 0.5810546875
9 0.5533854170918368 0.65625 0.5533854170918368 0.662109375 0.59765625 0.6796875 0.5989583329081632 0.6748046875 0.5924479170918368 0.669921875 0.5533854170918368 0.65625
9 0.47005208290816325 0.6171875 0.4765625 0.6162109375 0.4765625 0.6123046875 0.43880208290816325 0.6015625 0.43880208290816325 0.6083984375 0.4453125 0.611328125 0.47005208290816325 0.6171875
9 0.41796875 0.66796875 0.421875 0.66015625 0.39583333290816325 0.6435546875 0.39453125 0.650390625 0.41796875 0.66796875
9 0.36588541709183675 0.6533203125 0.36458333290816325 0.658203125 0.38020833290816325 0.671875 0.39453125 0.6767578125 0.39322916709183675 0.6708984375 0.36588541709183675 0.6533203125
9 0.05078125 0.626953125 0.046875 0.6259765625 0.03255208290816326 0.6396484375 0.03125 0.6435546875 0.03776041709183674 0.6455078125 0.05078125 0.6337890625 0.05078125 0.626953125
1 0.13151041709183675 0.2802734375 0.12630208290816325 0.2763671875 0.109375 0.27734375 0.11328125 0.2939453125 0.125 0.2958984375 0.13151041709183675 0.2890625 0.13151041709183675 0.2802734375
1 0.13151041709183675 0.3515625 0.12369791709183674 0.34765625 0.10807291709183674 0.349609375 0.11197916709183674 0.3662109375 0.12109375 0.3681640625 0.12890625 0.3623046875 0.13151041709183675 0.3515625
1 0.22526041709183672 0.4228515625 0.23567708290816328 0.4248046875 0.24609375 0.4208984375 0.25 0.412109375 0.24609375 0.40625 0.23046875 0.404296875 0.22265625 0.408203125 0.22005208290816328 0.41796875 0.22526041709183672 0.4228515625
1 0.2578125 0.494140625 0.2630208329081633 0.4892578125 0.26171875 0.478515625 0.25390625 0.474609375 0.24088541709183672 0.4755859375 0.23828125 0.4833984375 0.24348958290816328 0.494140625 0.2578125 0.494140625
1 0.36067708290816325 0.451171875 0.359375 0.462890625 0.37239583290816325 0.474609375 0.37890625 0.4697265625 0.3828125 0.4521484375 0.36067708290816325 0.451171875
1 0.44010416709183675 0.431640625 0.44791666709183675 0.4091796875 0.42447916709183675 0.4091796875 0.42838541709183675 0.4267578125 0.44010416709183675 0.431640625
1 0.49739583290816325 0.3486328125 0.49348958290816325 0.345703125 0.47395833290816325 0.34765625 0.47526041709183675 0.3642578125 0.47916666709183675 0.3701171875 0.48828125 0.37109375 0.49739583290816325 0.3486328125
1 0.6783854170918366 0.2392578125 0.6783854170918366 0.2265625 0.6588541670918366 0.224609375 0.6549479170918366 0.2275390625 0.6575520829081634 0.240234375 0.671875 0.2451171875 0.6783854170918366 0.2392578125
1 0.7395833329081634 0.302734375 0.72265625 0.2998046875 0.71484375 0.3037109375 0.7174479170918366 0.31640625 0.7252604170918366 0.3212890625 0.734375 0.3193359375 0.7395833329081634 0.302734375
1 0.7799479170918366 0.4052734375 0.7799479170918366 0.3916015625 0.7591145829081634 0.3916015625 0.7552083329081634 0.39453125 0.7578125 0.40625 0.7734375 0.412109375 0.7799479170918366 0.4052734375
1 0.8138020829081634 0.3505859375 0.8138020829081634 0.365234375 0.8294270829081634 0.37109375 0.8359375 0.3642578125 0.8372395829081634 0.3515625 0.8138020829081634 0.3505859375
1 0.7096354170918366 0.4892578125 0.7161458329081634 0.4794921875 0.7161458329081634 0.4677734375 0.7018229170918366 0.46484375 0.69140625 0.4697265625 0.6953125 0.486328125 0.703125 0.4912109375 0.7096354170918366 0.4892578125
1 0.92578125 0.3154296875 0.9231770829081634 0.3125 0.9036458329081634 0.3134765625 0.9036458329081634 0.3271484375 0.91015625 0.3349609375 0.9166666670918366 0.3359375 0.92578125 0.3154296875
1 0.86328125 0.240234375 0.8541666670918366 0.23828125 0.8424479170918366 0.2421875 0.83984375 0.2451171875 0.84765625 0.2578125 0.859375 0.2626953125 0.86328125 0.240234375
3 0.7578125 0.5751953125 0.7578125 0.5537109375 0.69921875 0.5556640625 0.7096354170918366 0.5751953125 0.7239583329081634 0.5849609375 0.7408854170918366 0.5849609375 0.7578125 0.5751953125
4 0.76953125 0.6455078125 0.7877604170918366 0.62890625 0.7890625 0.6044921875 0.7838541670918366 0.6005859375 0.7526041670918366 0.61328125 0.7486979170918366 0.619140625 0.76171875 0.642578125 0.76953125 0.6455078125
7 0.578125 0.5615234375 0.5768229170918368 0.587890625 0.5833333329081632 0.6025390625 0.6015625 0.6201171875 0.6380208329081632 0.630859375 0.6653645829081634 0.6298828125 0.6875 0.6220703125 0.6783854170918366 0.6025390625 0.6106770829081632 0.5283203125 0.5911458329081632 0.5390625 0.578125 0.5615234375
8 0.4765625 0.5048828125 0.45703125 0.4990234375 0.42708333290816325 0.5029296875 0.40625 0.5146484375 0.39583333290816325 0.529296875 0.39583333290816325 0.56640625 0.42578125 0.587890625 0.44140625 0.591796875 0.45963541709183675 0.5908203125 0.48307291709183675 0.58203125 0.49609375 0.5703125 0.50390625 0.5498046875 0.50390625 0.533203125 0.4921875 0.515625 0.4765625 0.5048828125
8 0.2981770829081633 0.6171875 0.2682291670918367 0.6064453125 0.2526041670918367 0.609375 0.23697916709183672 0.615234375 0.22135416709183672 0.6318359375 0.22135416709183672 0.6572265625 0.23046875 0.6708984375 0.24739583290816328 0.6826171875 0.26953125 0.6884765625 0.2890625 0.6875 0.3151041670918367 0.671875 0.3229166670918367 0.654296875 0.3216145829081633 0.6435546875 0.3138020829081633 0.62890625 0.2981770829081633 0.6171875
4 0.23697916709183672 0.5595703125 0.23567708290816328 0.5673828125 0.24088541709183672 0.57421875 0.2591145829081633 0.5751953125 0.3020833329081633 0.564453125 0.3151041670918367 0.556640625 0.3177083329081633 0.5498046875 0.2981770829081633 0.537109375 0.265625 0.537109375 0.24088541709183672 0.548828125 0.23697916709183672 0.5595703125
4 0.05729166709183673 0.470703125 0.06119791709183673 0.4755859375 0.08463541709183674 0.4892578125 0.11197916709183674 0.4970703125 0.13020833290816325 0.4931640625 0.12760416709183675 0.46484375 0.11197916709183674 0.451171875 0.08463541709183674 0.4482421875 0.05989583290816327 0.4638671875 0.05729166709183673 0.470703125
4 0.04296875 0.5048828125 0.04947916709183673 0.515625 0.07942708290816326 0.529296875 0.10677083290816326 0.529296875 0.11848958290816326 0.525390625 0.11588541709183674 0.5068359375 0.10807291709183674 0.498046875 0.07291666709183674 0.4853515625 0.06119791709183673 0.48828125 0.04296875 0.5048828125
3 0.07161458290816326 0.625 0.07421875 0.6123046875 0.06901041709183674 0.607421875 0.05208333290816327 0.60546875 0.04427083290816327 0.611328125 0.046875 0.625 0.05729166709183673 0.62890625 0.07161458290816326 0.625
8 0.36458333290816325 0.783203125 0.34505208290816325 0.771484375 0.32421875 0.767578125 0.3059895829081633 0.7705078125 0.2864583329081633 0.78125 0.2799479170918367 0.791015625 0.2799479170918367 0.8232421875 0.28515625 0.83203125 0.3020833329081633 0.84375 0.3190104170918367 0.8466796875 0.33854166709183675 0.8447265625 0.36328125 0.833984375 0.37369791709183675 0.822265625 0.37630208290816325 0.8037109375 0.37239583290816325 0.79296875 0.36458333290816325 0.783203125
11 0.58203125 0.6962890625 0.5846354170918368 0.7783203125 0.6028645829081632 0.7861328125 0.6640625 0.7958984375 0.6184895829081632 0.701171875 0.6119791670918368 0.6787109375 0.60546875 0.6728515625 0.59375 0.673828125 0.59375 0.685546875 0.5846354170918368 0.6884765625 0.58203125 0.6962890625
3 0.9231770829081634 0.6650390625 0.9088541670918366 0.66015625 0.90234375 0.6689453125 0.8984375 0.6845703125 0.9153645829081634 0.6875 0.9231770829081634 0.67578125 0.9231770829081634 0.6650390625
7 0.71484375 0.4482421875 0.72265625 0.4580078125 0.7395833329081634 0.470703125 0.75390625 0.4736328125 0.7890625 0.4384765625 0.7825520829081634 0.431640625 0.7630208329081634 0.4296875 0.7265625 0.43359375 0.7161458329081634 0.4404296875 0.71484375 0.4482421875
3 0.7200520829081634 0.435546875 0.7161458329081634 0.4287109375 0.6888020829081634 0.4306640625 0.6875 0.435546875 0.69921875 0.4453125 0.7057291670918366 0.4462890625 0.7200520829081634 0.435546875
7 0.5989583329081632 0.3310546875 0.609375 0.3525390625 0.7005208329081634 0.326171875 0.7122395829081634 0.318359375 0.6744791670918366 0.267578125 0.65625 0.25390625 0.62109375 0.2705078125 0.6106770829081632 0.2802734375 0.5989583329081632 0.3037109375 0.5989583329081632 0.3310546875
4 0.12630208290816325 0.3701171875 0.10807291709183674 0.3935546875 0.109375 0.4013671875 0.12630208290816325 0.4150390625 0.15234375 0.4228515625 0.17708333290816328 0.421875 0.22005208290816328 0.404296875 0.23307291709183672 0.392578125 0.23567708290816328 0.3828125 0.22395833290816328 0.36328125 0.18359375 0.3623046875 0.12630208290816325 0.3701171875
4 0.4765625 0.1591796875 0.46354166709183675 0.1572265625 0.44921875 0.162109375 0.44791666709183675 0.16796875 0.45833333290816325 0.1845703125 0.515625 0.2265625 0.5364583329081632 0.2275390625 0.5481770829081632 0.2236328125 0.5703125 0.2041015625 0.5716145829081632 0.1884765625 0.5455729170918368 0.166015625 0.5208333329081632 0.1767578125 0.4765625 0.1591796875
4 0.6927083329081634 0.5478515625 0.7083333329081634 0.5380859375 0.7135416670918366 0.5185546875 0.6809895829081634 0.51171875 0.6770833329081634 0.5205078125 0.6731770829081634 0.546875 0.6783854170918366 0.5498046875 0.6927083329081634 0.5478515625
4 0.62890625 0.513671875 0.640625 0.533203125 0.6705729170918366 0.55078125 0.69140625 0.5498046875 0.7096354170918366 0.5390625 0.71484375 0.5234375 0.7122395829081634 0.517578125 0.6640625 0.5078125 0.6302083329081632 0.5068359375 0.62890625 0.513671875
8 0.5377604170918368 0.7529296875 0.51953125 0.74609375 0.49739583290816325 0.744140625 0.47005208290816325 0.751953125 0.45182291709183675 0.7685546875 0.44661458290816325 0.779296875 0.44661458290816325 0.7958984375 0.45572916709183675 0.8134765625 0.46614583290816325 0.82421875 0.49088541709183675 0.8349609375 0.5247395829081632 0.8349609375 0.5377604170918368 0.830078125 0.5625 0.8037109375 0.5638020829081632 0.7861328125 0.5559895829081632 0.767578125 0.5377604170918368 0.7529296875
8 0.8138020829081634 0.75390625 0.796875 0.7470703125 0.7721354170918366 0.7470703125 0.7513020829081634 0.7548828125 0.7369791670918366 0.7666015625 0.7291666670918366 0.7802734375 0.7278645829081634 0.796875 0.7330729170918366 0.8115234375 0.74609375 0.822265625 0.7643229170918366 0.828125 0.7838541670918366 0.828125 0.8020833329081634 0.822265625 0.8203125 0.8095703125 0.828125 0.7958984375 0.8255208329081634 0.7646484375 0.8138020829081634 0.75390625
3 0.421875 0.5947265625 0.41536458290816325 0.599609375 0.41666666709183675 0.6064453125 0.43880208290816325 0.609375 0.42838541709183675 0.59375 0.421875 0.5947265625
3 0.36979166709183675 0.6376953125 0.35546875 0.63671875 0.34375 0.6455078125 0.34505208290816325 0.65625 0.36197916709183675 0.6552734375 0.36848958290816325 0.6494140625 0.36979166709183675 0.6376953125
3 0.37109375 0.63671875 0.37239583290816325 0.6484375 0.38802083290816325 0.6484375 0.39583333290816325 0.6416015625 0.39322916709183675 0.630859375 0.37109375 0.63671875
3 0.7916666670918366 0.609375 0.796875 0.6123046875 0.8072916670918366 0.6103515625 0.8138020829081634 0.6044921875 0.8138020829081634 0.5947265625 0.8072916670918366 0.5927734375 0.7955729170918366 0.59765625 0.7903645829081634 0.6025390625 0.7916666670918366 0.609375