11 0.16109031875 0.4619140625 0.17160678541666666 0.4638671875 0.25836763958333336 0.44921875 0.30963541666666666 0.361328125 0.18869604583333333 0.25390625 0.16634855208333335 0.240234375 0.09273328333333333 0.3779296875 0.09010416666666667 0.3935546875 0.09667695833333334 0.4072265625 0.16109031875 0.4619140625
11 0.022395833333333334 0.5087890625 0.05012335625 0.5390625 0.07256944375 0.5537109375 0.08445266875 0.5537109375 0.14518914375 0.541015625 0.15707236875000002 0.5341796875 0.17291666666666666 0.47265625 0.12010233958333334 0.431640625 0.09369517499999999 0.4326171875 0.04352156458333333 0.447265625 0.023716191666666667 0.4990234375 0.022395833333333334 0.5087890625
11 0.37786458333333334 0.576171875 0.4331433 0.6240234375 0.4542018583333334 0.6376953125 0.48447353541666666 0.6337890625 0.51211289375 0.625 0.57265625 0.5771484375 0.57265625 0.517578125 0.5673916104166667 0.51171875 0.47394425625000003 0.4755859375 0.3949746625 0.50390625 0.37786458333333334 0.556640625 0.37786458333333334 0.576171875
11 0.4920508875 0.8447265625 0.5052424854166666 0.845703125 0.5830729166666667 0.8212890625 0.5791154375 0.6865234375 0.42477373541666663 0.7421875 0.42213541666666665 0.7587890625 0.4287312166666667 0.810546875 0.4617102125 0.8310546875 0.4920508875 0.8447265625
11 0.6931999999999999 0.5537109375 0.7354 0.5361328125 0.73671875 0.5322265625 0.7235312500000001 0.521484375 0.6233062500000001 0.47265625 0.5890187499999999 0.451171875 0.571875 0.447265625 0.5745125000000001 0.486328125 0.63913125 0.5546875 0.6931999999999999 0.5537109375
10 0.80625 0.470703125 0.80625 0.48046875 0.8681140166666667 0.49609375 0.9957908166666667 0.494140625 0.9997395833333333 0.4931640625 0.9997395833333333 0.4384765625 0.9681494479166666 0.4130859375 0.9286617770833333 0.404296875 0.89180661875 0.4052734375 0.86416525 0.4130859375 0.8325751125 0.4326171875 0.81941255625 0.4462890625 0.80625 0.470703125
4 0.7754323895833333 0.4755859375 0.7622150166666667 0.482421875 0.7463541666666667 0.5068359375 0.7463541666666667 0.5322265625 0.7529628541666666 0.5439453125 0.7754323895833333 0.5625 0.8018671375 0.5712890625 0.8401975229166666 0.5693359375 0.8587018479166667 0.5615234375 0.8772061708333333 0.5458984375 0.8851365958333334 0.5283203125 0.8864583333333333 0.5126953125 0.8719192208333334 0.5 0.829623625 0.486328125 0.7754323895833333 0.4755859375
11 0.9590401791666667 0.8115234375 0.97109375 0.814453125 0.9643973208333333 0.7041015625 0.89609375 0.6875 0.90011160625 0.7685546875 0.9590401791666667 0.8115234375
4 0.9895833333333334 0.7119140625 0.9794270833333333 0.7119140625 0.9794270833333333 0.7216796875 0.9910342270833333 0.7529296875 0.9997395833333333 0.7470703125 0.9997395833333333 0.71484375 0.9895833333333334 0.7119140625
3 0.86592548125 0.8212890625 0.8994791666666667 0.787109375 0.8994791666666667 0.7666015625 0.8847155458333333 0.7509765625 0.8672676291666667 0.744140625 0.843108975 0.7470703125 0.8296875 0.7587890625 0.8296875 0.8076171875 0.8377403854166666 0.81640625 0.86592548125 0.8212890625
11 0.19182506458333334 0.6083984375 0.17197165 0.6494140625 0.15873603958333332 0.6611328125 0.15608891666666666 0.6796875 0.14152974583333336 0.689453125 0.13094125833333334 0.69140625 0.12432345416666667 0.701171875 0.10182291666666667 0.7158203125 0.12961769791666666 0.748046875 0.23020833333333332 0.7294921875 0.21035491874999998 0.607421875 0.20373711249999998 0.6025390625 0.19182506458333334 0.6083984375
7 0.30755208333333334 0.3759765625 0.3195732520833333 0.40234375 0.34227990625 0.4326171875 0.3556367604166667 0.4375 0.37300067291666666 0.4326171875 0.3863575270833334 0.4208984375 0.39036458333333335 0.4052734375 0.3796791 0.376953125 0.3649865583333333 0.3681640625 0.33426579375000004 0.359375 0.3115591395833333 0.3662109375 0.30755208333333334 0.3759765625
7 0.5171875 0.3212890625 0.5346070083333333 0.3623046875 0.5667660979166667 0.36328125 0.5734659083333333 0.3544921875 0.5774857958333333 0.3203125 0.5908854166666667 0.2998046875 0.5882054916666667 0.291015625 0.5707859854166667 0.283203125 0.5533664770833333 0.283203125 0.53594696875 0.291015625 0.5198674249999999 0.3076171875 0.5171875 0.3212890625
4 0.7776041666666667 0.205078125 0.7776041666666667 0.2216796875 0.7856032333333334 0.2294921875 0.8175995020833333 0.21484375 0.8349308145833334 0.2177734375 0.8562616604166667 0.2314453125 0.8669270833333333 0.2255859375 0.8669270833333333 0.2001953125 0.86026119375 0.1884765625 0.84826259375 0.1826171875 0.8042677229166666 0.1875 0.7856032333333334 0.1943359375 0.7776041666666667 0.205078125
3 0.5811979166666668 0.23046875 0.6000104166666667 0.236328125 0.6268854166666666 0.2333984375 0.6376354166666667 0.2265625 0.6416666666666667 0.2177734375 0.6322604166666667 0.203125 0.6134479166666666 0.1982421875 0.5852291666666667 0.203125 0.5744791666666667 0.212890625 0.5744791666666667 0.22265625 0.5811979166666668 0.23046875
3 0.12213541666666666 0.2626953125 0.12213541666666666 0.25390625 0.11673768958333333 0.25 0.07760416666666667 0.2509765625 0.06276041666666667 0.2578125 0.06545928125 0.2724609375 0.08570075833333334 0.279296875 0.10594223541666666 0.275390625 0.12213541666666666 0.2626953125
9 0.04628623125 0.30078125 0.07135416666666666 0.275390625 0.06439085208333334 0.2724609375 0.04210824375 0.2939453125 0.039322916666666666 0.2998046875 0.04628623125 0.30078125
9 0.49505208333333334 0.248046875 0.4964699083333333 0.2548828125 0.506394675 0.2509765625 0.5205729166666667 0.23046875 0.51773726875 0.2265625 0.509230325 0.228515625 0.49505208333333334 0.248046875
9 0.5589409729166667 0.263671875 0.5575520833333333 0.2705078125 0.5644965270833333 0.2724609375 0.5881076395833333 0.2451171875 0.5908854166666667 0.234375 0.5811631937499999 0.236328125 0.5589409729166667 0.263671875
9 0.7567708333333333 0.2412109375 0.7581676145833334 0.24609375 0.7651515145833333 0.24609375 0.7833096583333333 0.2373046875 0.7875 0.23046875 0.7805160979166667 0.228515625 0.7567708333333333 0.2412109375
9 0.8140625 0.5908203125 0.8154551624999999 0.59765625 0.84609375 0.576171875 0.8405230979166666 0.57421875 0.8140625 0.5908203125
9 0.93128125 0.6435546875 0.9091145833333333 0.6640625 0.92296875 0.6630859375 0.94375 0.6396484375 0.93128125 0.6435546875
9 0.6917708333333333 0.591796875 0.6903645833333333 0.599609375 0.7044270833333334 0.60546875 0.7156770833333332 0.5947265625 0.7184895833333333 0.5810546875 0.7058333333333333 0.578125 0.6917708333333333 0.591796875
9 0.59863839375 0.6796875 0.6 0.6748046875 0.5931919645833333 0.669921875 0.55234375 0.65625 0.55234375 0.662109375 0.59863839375 0.6796875
9 0.47760416666666666 0.6123046875 0.43776041666666665 0.6015625 0.43776041666666665 0.6083984375 0.44463002916666666 0.611328125 0.47073455416666665 0.6171875 0.47760416666666666 0.6162109375 0.47760416666666666 0.6123046875
9 0.39489087291666664 0.6435546875 0.39348958333333334 0.650390625 0.41871279791666666 0.66796875 0.42291666666666666 0.66015625 0.39489087291666664 0.6435546875
9 0.38025362291666664 0.671875 0.39557291666666666 0.6767578125 0.3941802541666667 0.6708984375 0.3649343291666666 0.6533203125 0.36354166666666665 0.658203125 0.38025362291666664 0.671875
9 0.03164930625 0.6396484375 0.030208333333333334 0.6435546875 0.03741319375 0.6455078125 0.05182291666666667 0.6337890625 0.05182291666666667 0.626953125 0.0475 0.6259765625 0.03164930625 0.6396484375
1 0.10833333333333334 0.27734375 0.11260723125 0.2939453125 0.12542892083333335 0.2958984375 0.13255208333333332 0.2890625 0.13255208333333332 0.2802734375 0.12685355416666666 0.2763671875 0.10833333333333334 0.27734375
1 0.10703125 0.349609375 0.11128472291666666 0.3662109375 0.12120949166666667 0.3681640625 0.12971643541666666 0.3623046875 0.13255208333333332 0.3515625 0.12404513958333332 0.34765625 0.10703125 0.349609375
1 0.24686367708333332 0.4208984375 0.25104166666666666 0.412109375 0.24686367708333332 0.40625 0.23015172083333332 0.404296875 0.22179574375 0.408203125 0.21901041666666668 0.41796875 0.22458106875 0.4228515625 0.23572237291666667 0.4248046875 0.24686367708333332 0.4208984375
1 0.26265076666666665 0.478515625 0.2541803729166667 0.474609375 0.24006304791666666 0.4755859375 0.23723958333333334 0.4833984375 0.2428865125 0.494140625 0.25841557083333333 0.494140625 0.2640625 0.4892578125 0.26265076666666665 0.478515625
1 0.372511575 0.474609375 0.37960069375 0.4697265625 0.38385416666666666 0.4521484375 0.3597511583333333 0.451171875 0.35833333333333334 0.462890625 0.372511575 0.474609375
1 0.4234375 0.4091796875 0.42769097291666663 0.4267578125 0.4404513895833333 0.431640625 0.44895833333333335 0.4091796875 0.4234375 0.4091796875
1 0.47291666666666665 0.34765625 0.47433449166666664 0.3642578125 0.47858796249999996 0.3701171875 0.48851273125 0.37109375 0.4984375 0.3486328125 0.49418402708333337 0.345703125 0.47291666666666665 0.34765625
1 0.6581597229166667 0.224609375 0.65390625 0.2275390625 0.6567418979166667 0.240234375 0.6723379625 0.2451171875 0.6794270833333333 0.2392578125 0.6794270833333333 0.2265625 0.6581597229166667 0.224609375
1 0.7138020833333333 0.3037109375 0.7166255479166667 0.31640625 0.72509594375 0.3212890625 0.7349780708333333 0.3193359375 0.740625 0.302734375 0.7222724770833333 0.2998046875 0.7138020833333333 0.3037109375
1 0.7584018645833334 0.3916015625 0.7541666666666667 0.39453125 0.7569901312499999 0.40625 0.7739309208333334 0.412109375 0.7809895833333333 0.4052734375 0.7809895833333333 0.3916015625 0.7584018645833334 0.3916015625
1 0.82977430625 0.37109375 0.836863425 0.3642578125 0.83828125 0.3515625 0.8127604166666667 0.3505859375 0.8127604166666667 0.365234375 0.82977430625 0.37109375
1 0.7171875 0.4677734375 0.70165844375 0.46484375 0.6903645833333333 0.4697265625 0.69459978125 0.486328125 0.703070175 0.4912109375 0.7101288375 0.4892578125 0.7171875 0.4794921875 0.7171875 0.4677734375
1 0.9026041666666667 0.3134765625 0.9026041666666667 0.3271484375 0.9097273291666668 0.3349609375 0.9168504895833334 0.3359375 0.9268229166666667 0.3154296875 0.9239736520833334 0.3125 0.9026041666666667 0.3134765625
1 0.84163773125 0.2421875 0.8388020833333333 0.2451171875 0.8473090270833333 0.2578125 0.8600694437499999 0.2626953125 0.8643229166666667 0.240234375 0.8543981479166667 0.23828125 0.84163773125 0.2421875
3 0.6981770833333333 0.5556640625 0.7089641208333333 0.5751953125 0.7237962958333333 0.5849609375 0.74132523125 0.5849609375 0.7588541666666667 0.5751953125 0.7588541666666667 0.5537109375 0.6981770833333333 0.5556640625
4 0.7901041666666667 0.6044921875 0.7846270166666667 0.6005859375 0.7517641125 0.61328125 0.74765625 0.619140625 0.7613491270833334 0.642578125 0.7695648520833333 0.6455078125 0.7887348791666666 0.62890625 0.7901041666666667 0.6044921875
7 0.5824142166666667 0.6025390625 0.60098651875 0.6201171875 0.6381311270833333 0.630859375 0.6659895833333334 0.6298828125 0.6885416666666667 0.6220703125 0.6792555145833333 0.6025390625 0.6102726708333334 0.5283203125 0.590373775 0.5390625 0.57710784375 0.5615234375 0.57578125 0.587890625 0.5824142166666667 0.6025390625
8 0.4266440770833333 0.5029296875 0.4054091375 0.5146484375 0.39479166666666665 0.529296875 0.39479166666666665 0.56640625 0.42531689166666664 0.587890625 0.44124309791666666 0.591796875 0.45982366875 0.5908203125 0.48371297708333333 0.58203125 0.4969848145833333 0.5703125 0.5049479166666667 0.5498046875 0.5049479166666667 0.533203125 0.49300326250000004 0.515625 0.4770770583333333 0.5048828125 0.4571693020833333 0.4990234375 0.4266440770833333 0.5029296875
8 0.252203525 0.609375 0.2362580125 0.615234375 0.2203125 0.6318359375 0.2203125 0.6572265625 0.22961405 0.6708984375 0.24688835416666668 0.6826171875 0.26947783124999997 0.6884765625 0.28940972291666667 0.6875 0.31598557708333336 0.671875 0.32395833333333335 0.654296875 0.32262953958333335 0.6435546875 0.31465678333333336 0.62890625 0.2987112708333333 0.6171875 0.26814903749999996 0.6064453125 0.252203525 0.609375
4 0.23997602499999998 0.57421875 0.25866815416666666 0.5751953125 0.30272817500000004 0.564453125 0.31607969583333334 0.556640625 0.31875 0.5498046875 0.29872271875 0.537109375 0.26534391458333334 0.537109375 0.23997602499999998 0.548828125 0.23597056875 0.5595703125 0.23463541666666668 0.5673828125 0.23997602499999998 0.57421875
4 0.084375 0.4892578125 0.1125 0.4970703125 0.13125 0.4931640625 0.12857142916666667 0.46484375 0.1125 0.451171875 0.084375 0.4482421875 0.05892857083333333 0.4638671875 0.05625 0.470703125 0.06026785625 0.4755859375 0.084375 0.4892578125
4 0.07939116458333334 0.529296875 0.107489225 0.529296875 0.11953125 0.525390625 0.11685524374999999 0.5068359375 0.10882722708333332 0.498046875 0.07270115 0.4853515625 0.06065912291666666 0.48828125 0.04192708333333333 0.5048828125 0.04861709791666667 0.515625 0.07939116458333334 0.529296875
3 0.06968976458333334 0.607421875 0.05158514583333333 0.60546875 0.043229166666666666 0.611328125 0.04601449375 0.625 0.05715579791666667 0.62890625 0.07247508958333333 0.625 0.07526041666666666 0.6123046875 0.06968976458333334 0.607421875
8 0.32413428958333335 0.767578125 0.3055109791666667 0.7705078125 0.28555743333333333 0.78125 0.27890625 0.791015625 0.27890625 0.8232421875 0.28422719583333333 0.83203125 0.3015202708333333 0.84375 0.31881334375 0.8466796875 0.3387668916666666 0.8447265625 0.3640413854166667 0.833984375 0.3746832770833333 0.822265625 0.37734375 0.8037109375 0.3733530395833334 0.79296875 0.36537162083333335 0.783203125 0.34541807500000005 0.771484375 0.32413428958333335 0.767578125
11 0.6023520166666666 0.7861328125 0.6651041666666667 0.7958984375 0.6183738416666666 0.701171875 0.6116980812499999 0.6787109375 0.6050223208333333 0.6728515625 0.5930059520833333 0.673828125 0.5930059520833333 0.685546875 0.5836598875 0.6884765625 0.5809895833333333 0.6962890625 0.5836598875 0.7783203125 0.6023520166666666 0.7861328125
3 0.90163103125 0.6689453125 0.8973958333333333 0.6845703125 0.9157483562500001 0.6875 0.92421875 0.67578125 0.92421875 0.6650390625 0.90868969375 0.66015625 0.90163103125 0.6689453125
7 0.7392361104166666 0.470703125 0.753961075 0.4736328125 0.7901041666666667 0.4384765625 0.7834110020833334 0.431640625 0.7633315062499999 0.4296875 0.72584978125 0.43359375 0.7151407166666667 0.4404296875 0.7138020833333333 0.4482421875 0.7218338812499999 0.4580078125 0.7392361104166666 0.470703125
3 0.6878437500000001 0.4306640625 0.6864583333333333 0.435546875 0.6989270833333333 0.4453125 0.7058541666666667 0.4462890625 0.72109375 0.435546875 0.7169375 0.4287109375 0.6878437500000001 0.4306640625
7 0.7013469833333333 0.326171875 0.71328125 0.318359375 0.6748263895833334 0.267578125 0.6562619729166667 0.25390625 0.6204591708333334 0.2705078125 0.6098509333333334 0.2802734375 0.5979166666666667 0.3037109375 0.5979166666666667 0.3310546875 0.6085249041666666 0.3525390625 0.7013469833333333 0.326171875
4 0.10835459166666667 0.4013671875 0.12555803541666666 0.4150390625 0.1520248729166667 0.4228515625 0.1771683666666667 0.421875 0.22083864791666666 0.404296875 0.23407206666666666 0.392578125 0.23671875 0.3828125 0.22480867291666667 0.36328125 0.18378507708333333 0.3623046875 0.12555803541666666 0.3701171875 0.10703125 0.3935546875 0.10835459166666667 0.4013671875
4 0.4481990125 0.162109375 0.446875 0.16796875 0.45746710625000003 0.1845703125 0.5157236833333333 0.2265625 0.5369078937499999 0.2275390625 0.5488240125 0.2236328125 0.5713322375 0.2041015625 0.57265625 0.1884765625 0.5461759875 0.166015625 0.5210197375 0.1767578125 0.4760032895833334 0.1591796875 0.4627631583333333 0.1572265625 0.4481990125 0.162109375
4 0.7145833333333333 0.5185546875 0.6803511416666667 0.51171875 0.6762432791666666 0.5205078125 0.6721354166666667 0.546875 0.6776125666666667 0.5498046875 0.69267473125 0.5478515625 0.7091061833333333 0.5380859375 0.7145833333333333 0.5185546875
4 0.67054135 0.55078125 0.6918797354166667 0.5498046875 0.7105508208333333 0.5390625 0.7158854166666667 0.5234375 0.71321811875 0.517578125 0.66387310625 0.5078125 0.6291982333333334 0.5068359375 0.6278645833333333 0.513671875 0.639867425 0.533203125 0.67054135 0.55078125
8 0.49725694375 0.744140625 0.46942708333333333 0.751953125 0.45087384166666666 0.7685546875 0.44557291666666665 0.779296875 0.44557291666666665 0.7958984375 0.4548495375 0.8134765625 0.4654513895833333 0.82421875 0.4906307875 0.8349609375 0.5250868062499999 0.8349609375 0.5383391208333334 0.830078125 0.5635185187499999 0.8037109375 0.56484375 0.7861328125 0.5568923604166667 0.767578125 0.5383391208333334 0.7529296875 0.5197858791666666 0.74609375 0.49725694375 0.744140625
8 0.7720136624999999 0.7470703125 0.7507474291666667 0.7548828125 0.7361268937500001 0.7666015625 0.72815205625 0.7802734375 0.7268229166666667 0.796875 0.732139475 0.8115234375 0.7454308708333334 0.822265625 0.764038825 0.828125 0.7839759208333333 0.828125 0.802583875 0.822265625 0.8211918291666667 0.8095703125 0.8291666666666667 0.7958984375 0.8265083875 0.7646484375 0.81454613125 0.75390625 0.7972673166666666 0.7470703125 0.7720136624999999 0.7470703125
3 0.41574074166666664 0.6064453125 0.43984375 0.609375 0.4285011583333333 0.59375 0.4214120375 0.5947265625 0.41432291666666665 0.599609375 0.41574074166666664 0.6064453125
3 0.34270833333333334 0.6455078125 0.34411458333333333 0.65625 0.3623958333333333 0.6552734375 0.3694270833333333 0.6494140625 0.37083333333333335 0.6376953125 0.3553645833333333 0.63671875 0.34270833333333334 0.6455078125
3 0.38840460625 0.6484375 0.396875 0.6416015625 0.39405153541666665 0.630859375 0.37005208333333334 0.63671875 0.37146381666666667 0.6484375 0.38840460625 0.6484375
3 0.8077546291666666 0.6103515625 0.81484375 0.6044921875 0.81484375 0.5947265625 0.8077546291666666 0.5927734375 0.7949942125 0.59765625 0.7893229166666667 0.6025390625 0.7907407416666667 0.609375 0.7964120375 0.6123046875 0.8077546291666666 0.6103515625