6 0.8297101458333334 0.3701171875 0.8283854166666667 0.3818359375 0.8416327 0.3935546875 0.8615036229166667 0.3974609375 0.8774003625 0.408203125 0.8985960145833333 0.4111328125 0.93038949375 0.3955078125 0.9502604166666667 0.3671875 0.9502604166666667 0.34375 0.9197916666666667 0.3203125 0.8813745479166666 0.3173828125 0.8442821562499999 0.3486328125 0.8297101458333334 0.3701171875
7 0.86752691875 0.431640625 0.8476445458333333 0.421875 0.8330641395833334 0.419921875 0.8224602062499999 0.4228515625 0.8052288145833334 0.4306640625 0.7893229166666667 0.4453125 0.7919739 0.4716796875 0.7972758666666666 0.4794921875 0.8158327479166666 0.4892578125 0.87150339375 0.49609375 0.89138576875 0.4912109375 0.9072916666666667 0.4794921875 0.905966175 0.4658203125 0.8966877333333334 0.455078125 0.8781308520833334 0.458984375 0.8595739708333333 0.453125 0.8569229875000001 0.4423828125 0.86752691875 0.431640625
7 0.75859375 0.51953125 0.7640104166666667 0.509765625 0.7653645833333333 0.48046875 0.7558854166666666 0.44140625 0.7328645833333333 0.4072265625 0.7152604166666666 0.4013671875 0.7111979166666667 0.4091796875 0.7111979166666667 0.4638671875 0.73828125 0.5087890625 0.75859375 0.51953125
11 0.6409270833333333 0.3955078125 0.63828125 0.4443359375 0.6739999999999999 0.4951171875 0.72559375 0.5205078125 0.7705729166666667 0.537109375 0.7639583333333333 0.51171875 0.7626354166666667 0.4599609375 0.753375 0.43359375 0.7308854166666666 0.3994140625 0.7097187500000001 0.322265625 0.70178125 0.3251953125 0.6475416666666667 0.3798828125 0.6409270833333333 0.3955078125
8 0.5082523145833333 0.3466796875 0.4857233791666667 0.3466796875 0.44331597291666663 0.353515625 0.4313888895833333 0.3583984375 0.4234375 0.369140625 0.4234375 0.388671875 0.43403935208333333 0.4033203125 0.45524305625 0.4130859375 0.46054398125 0.4306640625 0.4737962958333333 0.4423828125 0.495 0.443359375 0.5281307875 0.4189453125 0.5413831020833333 0.3974609375 0.5427083333333333 0.37890625 0.53475694375 0.3623046875 0.5188541666666667 0.3505859375 0.5082523145833333 0.3466796875
3 0.5179286854166667 0.2158203125 0.497796475 0.205078125 0.44947916666666665 0.2060546875 0.45484775625 0.216796875 0.48571714791666665 0.23046875 0.50719150625 0.2275390625 0.5192708333333333 0.220703125 0.5179286854166667 0.2158203125
1 0.8680338541666667 0.4033203125 0.8570963541666666 0.3974609375 0.8297526041666666 0.404296875 0.8283854166666667 0.4111328125 0.8393229166666667 0.4189453125 0.8584635416666667 0.419921875 0.8721354166666667 0.4130859375 0.8680338541666667 0.4033203125
1 0.9944010416666667 0.3662109375 0.9793619791666667 0.3623046875 0.9547526041666666 0.3720703125 0.9533854166666667 0.37890625 0.9670572916666667 0.384765625 0.9820963541666666 0.3837890625 0.9971354166666667 0.373046875 0.9944010416666667 0.3662109375
1 0.43326149375 0.396484375 0.4222701145833333 0.388671875 0.39479166666666665 0.3955078125 0.39479166666666665 0.4052734375 0.4085308916666667 0.4130859375 0.4236440375 0.412109375 0.43463541666666666 0.4052734375 0.43326149375 0.396484375
1 0.42268518541666666 0.3330078125 0.42682291666666666 0.3203125 0.4213059416666667 0.314453125 0.40337577083333337 0.3134765625 0.3909625770833333 0.318359375 0.38958333333333334 0.3271484375 0.40199652708333333 0.3369140625 0.41440972291666667 0.337890625 0.42268518541666666 0.3330078125
1 0.45503472291666663 0.248046875 0.45078125 0.26171875 0.4635416666666667 0.2734375 0.4720486104166667 0.2685546875 0.47630208333333335 0.2548828125 0.47063078750000004 0.2490234375 0.45503472291666663 0.248046875
1 0.22109375 0.4208984375 0.21836332083333332 0.4130859375 0.20607638958333335 0.4091796875 0.1896938125 0.41015625 0.17740688125 0.41796875 0.17604166666666668 0.4267578125 0.19378945625000002 0.4345703125 0.21290246249999997 0.4306640625 0.22109375 0.4208984375
1 0.17682291666666666 0.3525390625 0.17273809583333335 0.3408203125 0.15776041666666665 0.3349609375 0.14550595208333333 0.3359375 0.13052827291666666 0.3447265625 0.12916666666666668 0.353515625 0.1482291666666667 0.36328125 0.16729166666666667 0.359375 0.17682291666666666 0.3525390625
1 0.5707291666666666 0.537109375 0.5791666666666667 0.5283203125 0.5791666666666667 0.517578125 0.5721354166666667 0.513671875 0.5552604166666666 0.515625 0.5510416666666667 0.5185546875 0.5524479166666667 0.5283203125 0.5608854166666667 0.5361328125 0.5707291666666666 0.537109375
11 0.2554530208333333 0.48828125 0.23571203958333334 0.482421875 0.17122483125 0.5166015625 0.134375 0.5439453125 0.16069630833333332 0.6015625 0.17254089791666666 0.611328125 0.1751730291666667 0.6240234375 0.21333892708333335 0.638671875 0.23702810416666667 0.640625 0.27124580625 0.6376953125 0.29361891875 0.6181640625 0.30414744166666663 0.615234375 0.33046875 0.546875 0.32652055416666664 0.53515625 0.30941170208333335 0.5224609375 0.2554530208333333 0.48828125
11 0.6213541666666667 0.677734375 0.6921010291666666 0.7568359375 0.8087023416666667 0.7880859375 0.8388352645833332 0.783203125 0.9187530166666666 0.75390625 0.93578466875 0.73828125 0.9606770833333333 0.69921875 0.9606770833333333 0.6943359375 0.9462656854166667 0.6884765625 0.9226833979166666 0.662109375 0.6239744208333333 0.6728515625 0.6213541666666667 0.677734375
10 0.6362028291666667 0.72265625 0.6533854166666667 0.716796875 0.6163767687499999 0.67578125 0.5489681604166667 0.6796875 0.51328125 0.6962890625 0.51328125 0.703125 0.5304638375 0.7099609375 0.60844634375 0.724609375 0.6362028291666667 0.72265625
3 0.740625 0.5361328125 0.7392869979166666 0.5263671875 0.7111889375 0.51171875 0.6844288791666667 0.5009765625 0.6630208333333333 0.4990234375 0.67372485625 0.515625 0.7004849145833333 0.5361328125 0.7098509333333334 0.5390625 0.740625 0.5361328125
3 0.5557291666666667 0.4677734375 0.5557291666666667 0.4609375 0.5193500895833333 0.4365234375 0.5058763583333333 0.4375 0.49375 0.44921875 0.49375 0.462890625 0.5031816125 0.4697265625 0.5503396729166667 0.474609375 0.5557291666666667 0.4677734375
0 0.1715682875 0.2978515625 0.17291666666666666 0.2890625 0.15673611041666666 0.28515625 0.13246527708333333 0.2890625 0.11223958333333334 0.2978515625 0.11493634166666666 0.3076171875 0.13111689791666667 0.3095703125 0.16212962916666665 0.3037109375 0.1715682875 0.2978515625
3 0.2008086625 0.3330078125 0.19947916666666668 0.353515625 0.20878563541666667 0.365234375 0.2260690791666667 0.3740234375 0.2460115125 0.375 0.26994243333333334 0.369140625 0.28988486874999997 0.359375 0.30052083333333335 0.3486328125 0.2978618416666666 0.3359375 0.28323738958333333 0.330078125 0.23803453958333334 0.3310546875 0.21144462708333334 0.3251953125 0.2008086625 0.3330078125
8 0.22160879583333332 0.587890625 0.2337442125 0.583984375 0.24453125 0.5732421875 0.24183449166666668 0.55078125 0.22700231458333334 0.5419921875 0.20542824166666668 0.54296875 0.18520254583333334 0.556640625 0.18385416666666668 0.57421875 0.20003472291666666 0.5859375 0.22160879583333332 0.587890625
5 0.43826992708333334 0.7685546875 0.4243432979166667 0.765625 0.41041666666666665 0.7685546875 0.41320199375000005 0.779296875 0.42712862291666664 0.78515625 0.4396625895833333 0.7822265625 0.44244791666666666 0.771484375 0.43826992708333334 0.7685546875
11 0.20807291666666666 0.7421875 0.20674189791666667 0.736328125 0.17612847291666667 0.7119140625 0.16414930625000002 0.7080078125 0.11223958333333334 0.7314453125 0.11623263958333332 0.7744140625 0.12421875 0.7802734375 0.18145254583333334 0.7802734375 0.20807291666666666 0.7421875
8 0.18800164375 0.66015625 0.1734375 0.68359375 0.1747615125 0.708984375 0.18800164375 0.72265625 0.20918585625 0.734375 0.24361019791666666 0.7353515625 0.26082236875000003 0.73046875 0.28200657916666666 0.716796875 0.29921875 0.693359375 0.29524671041666667 0.66796875 0.2727384875 0.64453125 0.23037006666666665 0.64453125 0.20388980208333332 0.650390625 0.18800164375 0.66015625
6 0.1703125 0.515625 0.16895254583333333 0.5 0.15399305625 0.4892578125 0.13223379583333333 0.4931640625 0.12135416666666667 0.505859375 0.12543402708333334 0.5224609375 0.13903356458333332 0.529296875 0.15807291666666667 0.5263671875 0.1703125 0.515625
1 0.5967242333333334 0.46875 0.5953125 0.4814453125 0.609429825 0.490234375 0.6207236833333333 0.4814453125 0.6221354166666667 0.4697265625 0.6136650229166667 0.4658203125 0.5967242333333334 0.46875
0 0.9137152770833333 0.314453125 0.9359375 0.3046875 0.9345486104166666 0.2998046875 0.9067708333333333 0.30078125 0.9026041666666667 0.306640625 0.9137152770833333 0.314453125
3 0.36020833333333335 0.5703125 0.3355208333333334 0.5634765625 0.3259201395833333 0.5673828125 0.32317708333333334 0.578125 0.3355208333333334 0.58984375 0.3506076395833333 0.5888671875 0.36432291666666666 0.578125 0.36020833333333335 0.5703125
0 0.08502604166666666 0.59375 0.08359375 0.6044921875 0.10221354166666667 0.60546875 0.10651041666666666 0.6025390625 0.10651041666666666 0.595703125 0.10078125 0.5927734375 0.08502604166666666 0.59375
2 0.09538966041666666 0.822265625 0.09401041666666667 0.841796875 0.11194058541666667 0.841796875 0.13125 0.833984375 0.13125 0.8203125 0.125733025 0.8173828125 0.09538966041666666 0.822265625
4 0.4392725125 0.259765625 0.4018733208333333 0.2568359375 0.37916666666666665 0.259765625 0.3831737229166666 0.310546875 0.38985215 0.3134765625 0.4312584 0.3125 0.46197916666666666 0.306640625 0.4392725125 0.259765625
7 0.30643518541666664 0.4169921875 0.33070601875 0.41015625 0.340144675 0.40234375 0.35093171250000005 0.4013671875 0.36171875 0.392578125 0.36171875 0.3447265625 0.3522800916666667 0.3232421875 0.3347511583333333 0.3037109375 0.32800925833333333 0.306640625 0.31317708333333333 0.3349609375 0.30104166666666665 0.3779296875 0.30643518541666664 0.4169921875
4 0.2994791666666667 0.470703125 0.3351868875 0.44921875 0.33783190416666664 0.44140625 0.35237949375 0.4326171875 0.36692708333333335 0.396484375 0.35899203333333335 0.396484375 0.2346762666666667 0.4521484375 0.23203125 0.45703125 0.23864379166666666 0.4599609375 0.2994791666666667 0.470703125
10 0.2647625458333333 0.4921875 0.3190664208333333 0.5205078125 0.35217853958333334 0.54296875 0.37734375 0.54296875 0.3733702958333333 0.5048828125 0.3654233875 0.4931640625 0.3217153895833333 0.4833984375 0.30317260208333335 0.474609375 0.25549115208333334 0.4794921875 0.25416666666666665 0.484375 0.2647625458333333 0.4921875
3 0.5875 0.5126953125 0.5875 0.5283203125 0.5946614583333333 0.5322265625 0.6075520833333333 0.5302734375 0.6104166666666667 0.5166015625 0.5989583333333334 0.5107421875 0.5875 0.5126953125
3 0.5875 0.541015625 0.59038194375 0.556640625 0.6019097229166667 0.55859375 0.6091145833333333 0.5419921875 0.5875 0.541015625
5 0.42734375 0.4462890625 0.43036458333333333 0.455078125 0.44244791666666666 0.4541015625 0.44244791666666666 0.4443359375 0.42734375 0.4462890625
3 0.4798177083333333 0.5537109375 0.47552083333333334 0.560546875 0.48125 0.5693359375 0.49557291666666664 0.5712890625 0.4984375 0.5517578125 0.49270833333333336 0.5498046875 0.4798177083333333 0.5537109375
3 0.47890625 0.5693359375 0.4673784729166667 0.5654296875 0.4587326395833333 0.5703125 0.45729166666666665 0.580078125 0.4659375 0.5869140625 0.47314236041666663 0.5869140625 0.47890625 0.5810546875 0.47890625 0.5693359375
11 0.33403585208333336 0.76171875 0.35260416666666666 0.7294921875 0.24119428333333334 0.7373046875 0.23854166666666668 0.7431640625 0.2504784395833333 0.765625 0.25578367291666665 0.7685546875 0.2823098354166667 0.767578125 0.33403585208333336 0.76171875
11 0.12803030208333335 0.8134765625 0.23541666666666666 0.7998046875 0.23143939375 0.765625 0.12272727291666666 0.806640625 0.11875 0.8115234375 0.12803030208333335 0.8134765625
5 0.9136182604166667 0.5634765625 0.9177083333333333 0.5517578125 0.9054381125000001 0.5390625 0.8863511020833333 0.537109375 0.8713541666666667 0.544921875 0.8713541666666667 0.560546875 0.8822610291666667 0.5673828125 0.9040747541666666 0.5703125 0.9136182604166667 0.5634765625
10 0.3509397645833333 0.71875 0.36692708333333335 0.66796875 0.31230374375000003 0.6357421875 0.29098731875 0.6318359375 0.2763322770833333 0.6357421875 0.275 0.6435546875 0.296316425 0.6689453125 0.30164553125 0.69140625 0.3509397645833333 0.71875
3 0.7015625 0.4375 0.69190779375 0.4326171875 0.6657021604166666 0.443359375 0.6643229166666667 0.4462890625 0.6753568666666666 0.453125 0.68914930625 0.4560546875 0.70018325625 0.4462890625 0.7015625 0.4375
5 0.646148575 0.7880859375 0.6447916666666667 0.7958984375 0.6529331145833334 0.8017578125 0.6827850875 0.8037109375 0.6963541666666667 0.7978515625 0.69228344375 0.78515625 0.646148575 0.7880859375
3 0.6494791666666667 0.5869140625 0.63164930625 0.578125 0.6083333333333333 0.5771484375 0.6083333333333333 0.5908203125 0.6151909729166667 0.59765625 0.62890625 0.599609375 0.6494791666666667 0.591796875 0.6494791666666667 0.5869140625
4 0.31291138333333335 0.599609375 0.30625 0.626953125 0.38085748750000004 0.6435546875 0.39018342291666663 0.6416015625 0.39817708333333335 0.6220703125 0.3195727666666667 0.59765625 0.31291138333333335 0.599609375
11 0.9348629395833333 0.3994140625 0.9282428729166666 0.3984375 0.8739583333333333 0.431640625 0.8766063604166666 0.4384765625 0.9997395833333333 0.4892578125 0.9997395833333333 0.42578125 0.9613432020833332 0.419921875 0.9348629395833333 0.3994140625
3 0.10923202708333334 0.3955078125 0.09043096458333334 0.4072265625 0.0796875 0.419921875 0.08371630000000001 0.431640625 0.10117442708333332 0.4404296875 0.113260825 0.439453125 0.12937602083333333 0.4306640625 0.14817708333333332 0.390625 0.14549121666666667 0.3642578125 0.12266135625 0.35546875 0.11863255624999999 0.3583984375 0.10923202708333334 0.3955078125
11 0.44046683333333336 0.6962890625 0.4930614145833333 0.7900390625 0.53250735 0.779296875 0.6442708333333333 0.73828125 0.6363816458333333 0.732421875 0.5956208458333333 0.72265625 0.56143436875 0.720703125 0.5338222145833333 0.712890625 0.43389251041666665 0.669921875 0.42994791666666665 0.6748046875 0.44046683333333336 0.6962890625
5 0.26852678541666664 0.80078125 0.27578125 0.7900390625 0.26852678541666664 0.7861328125 0.25837053541666666 0.787109375 0.25546875 0.796875 0.26852678541666664 0.80078125
4 0.6696259479166666 0.6640625 0.6961410979166666 0.654296875 0.7080729166666667 0.64453125 0.7080729166666667 0.638671875 0.6948153416666667 0.6328125 0.6046638249999999 0.6123046875 0.59140625 0.6123046875 0.5993607958333332 0.6435546875 0.6258759479166667 0.654296875 0.6696259479166666 0.6640625
10 0.48598958333333336 0.6025390625 0.5032552083333334 0.6083984375 0.5178645833333333 0.6201171875 0.5763020833333333 0.6435546875 0.5895833333333333 0.642578125 0.5895833333333333 0.6123046875 0.5855989583333333 0.6083984375 0.5218489583333333 0.58203125 0.48864583333333333 0.591796875 0.48333333333333334 0.595703125 0.48598958333333336 0.6025390625
10 0.82327178125 0.6201171875 0.821875 0.626953125 0.8316524624999999 0.6376953125 0.841429925 0.638671875 0.8498106062499999 0.6337890625 0.8526041666666667 0.619140625 0.82327178125 0.6201171875
10 0.38545138958333336 0.25390625 0.42421875 0.2548828125 0.36539930625 0.2138671875 0.35069444375000003 0.236328125 0.34401041666666665 0.2607421875 0.38545138958333336 0.25390625
9 0.17934027708333333 0.26953125 0.16302083333333334 0.2822265625 0.1643807875 0.2861328125 0.17254050833333334 0.2861328125 0.18885995416666665 0.2744140625 0.20381944375 0.2724609375 0.21197916666666666 0.265625 0.2106192125 0.2548828125 0.19973958333333333 0.248046875 0.18885995416666665 0.248046875 0.177980325 0.255859375 0.17934027708333333 0.26953125
9 0.45546875 0.2158203125 0.44717548125 0.208984375 0.41953125 0.22265625 0.42229567291666664 0.23828125 0.4375 0.2431640625 0.44441105833333333 0.2392578125 0.44441105833333333 0.2236328125 0.45546875 0.2158203125
9 0.38075 0.337890625 0.3890625 0.3154296875 0.38213541666666667 0.3125 0.37382291666666667 0.318359375 0.35442708333333334 0.3212890625 0.35442708333333334 0.3349609375 0.36135416666666664 0.3408203125 0.37382291666666667 0.341796875 0.38075 0.337890625
9 0.19954637083333332 0.4013671875 0.20776209583333335 0.4072265625 0.2214549729166667 0.408203125 0.232409275 0.3994140625 0.2310399875 0.38671875 0.240625 0.3759765625 0.22967069791666667 0.375 0.2214549729166667 0.3828125 0.2022849458333333 0.38671875 0.19817708333333334 0.3896484375 0.19954637083333332 0.4013671875
9 0.38953125 0.5546875 0.40859375 0.5458984375 0.40859375 0.537109375 0.40042410625 0.5322265625 0.38544642916666666 0.5361328125 0.38136160625 0.55078125 0.3609375 0.5673828125 0.3650223208333333 0.5732421875 0.38953125 0.5546875
9 0.18854166666666666 0.6015625 0.18174189791666664 0.599609375 0.13958333333333334 0.619140625 0.13958333333333334 0.6298828125 0.15318287083333332 0.6357421875 0.17086226875000002 0.6259765625 0.17086226875000002 0.6162109375 0.18854166666666666 0.6015625
5 0.7736979166666667 0.6474609375 0.7736979166666667 0.65625 0.7855034729166667 0.6591796875 0.79140625 0.654296875 0.7899305562500001 0.6484375 0.7840277770833333 0.6455078125 0.7736979166666667 0.6474609375
5 0.9054398145833333 0.7041015625 0.9026041666666667 0.705078125 0.9026041666666667 0.7080078125 0.9040219916666667 0.7099609375 0.9082754625 0.712890625 0.9139467583333333 0.71484375 0.9224537041666667 0.7138671875 0.9252893520833333 0.7119140625 0.926707175 0.7080078125 0.928125 0.70703125 0.928125 0.705078125 0.926707175 0.7041015625 0.9054398145833333 0.7041015625
5 0.8987847229166667 0.7255859375 0.8930208333333333 0.7255859375 0.88725694375 0.728515625 0.8858159729166667 0.728515625 0.884375 0.73046875 0.8858159729166667 0.7314453125 0.8858159729166667 0.734375 0.8901388895833333 0.7373046875 0.8930208333333333 0.73828125 0.89734375 0.73828125 0.8987847229166667 0.7373046875 0.9031076395833334 0.7373046875 0.9059895833333333 0.7353515625 0.9059895833333333 0.73046875 0.9016666666666667 0.7265625 0.8987847229166667 0.7255859375
5 0.8597842270833334 0.7373046875 0.8583333333333333 0.7412109375 0.8626860125 0.7451171875 0.8655877979166667 0.74609375 0.8728422625000001 0.74609375 0.8771949395833333 0.744140625 0.8771949395833333 0.7421875 0.8786458333333333 0.7412109375 0.8742931541666666 0.736328125 0.87139136875 0.736328125 0.8699404770833333 0.7353515625 0.8641369041666667 0.7353515625 0.8597842270833334 0.7373046875
5 0.7390451395833334 0.73046875 0.73328125 0.7294921875 0.7318402770833334 0.728515625 0.7289583333333333 0.728515625 0.7275173604166666 0.7294921875 0.7217534729166667 0.73046875 0.7203125 0.732421875 0.7203125 0.7373046875 0.7246354166666666 0.740234375 0.7275173604166666 0.740234375 0.7289583333333333 0.7412109375 0.7361631937500001 0.7412109375 0.7390451395833334 0.740234375 0.7390451395833334 0.7392578125 0.7419270833333333 0.7373046875 0.7404861104166667 0.736328125 0.7404861104166667 0.732421875 0.7390451395833334 0.73046875
5 0.6630208333333333 0.6953125 0.6630208333333333 0.69921875 0.6644965270833333 0.69921875 0.67039930625 0.703125 0.6763020833333333 0.703125 0.6792534729166667 0.7021484375 0.6807291666666667 0.7001953125 0.6807291666666667 0.6962890625 0.6792534729166667 0.6943359375 0.6748263895833334 0.69140625 0.6689236104166666 0.69140625 0.6630208333333333 0.6953125
5 0.6957589291666667 0.705078125 0.6856026791666667 0.705078125 0.68125 0.7080078125 0.6827008937500001 0.7138671875 0.6885044645833334 0.7158203125 0.69140625 0.7158203125 0.6928571437500001 0.71484375 0.6986607145833333 0.71484375 0.7001116062499999 0.7138671875 0.7001116062499999 0.7109375 0.7015625 0.7099609375 0.7001116062499999 0.708984375 0.7001116062499999 0.70703125 0.6957589291666667 0.705078125
5 0.6994791666666667 0.712890625 0.7023809520833333 0.71484375 0.7139880958333333 0.7158203125 0.7197916666666667 0.712890625 0.7183407729166666 0.7119140625 0.71688988125 0.7080078125 0.7125372020833333 0.7060546875 0.7052827374999999 0.7060546875 0.7009300604166667 0.7080078125 0.6994791666666667 0.7099609375 0.6994791666666667 0.712890625
5 0.7333043979166667 0.7021484375 0.7318865750000001 0.701171875 0.7247974541666667 0.701171875 0.72054398125 0.703125 0.72054398125 0.7041015625 0.7177083333333333 0.7060546875 0.7177083333333333 0.7109375 0.7219618062500001 0.7138671875 0.73046875 0.7138671875 0.7318865750000001 0.712890625 0.7347222229166667 0.712890625 0.7418113416666666 0.708984375 0.7418113416666666 0.70703125 0.7432291666666667 0.7060546875 0.7389756937499999 0.703125 0.7333043979166667 0.7021484375
9 0.051747312499999996 0.6220703125 0.023697916666666666 0.634765625 0.023697916666666666 0.646484375 0.03037634375 0.650390625 0.04373319791666667 0.650390625 0.053082997916666666 0.64453125 0.053082997916666666 0.6318359375 0.08914650625000001 0.6064453125 0.10250336041666668 0.60546875 0.10651041666666666 0.5966796875 0.09582493333333333 0.591796875 0.08781082083333333 0.59375 0.08513944791666667 0.599609375 0.051747312499999996 0.6220703125
9 0.6846354166666667 0.5634765625 0.6777529770833334 0.5595703125 0.66123511875 0.5625 0.6571056541666667 0.57421875 0.64609375 0.583984375 0.6488467270833334 0.5888671875 0.6846354166666667 0.5732421875 0.6846354166666667 0.5634765625
9 0.6552083333333333 0.537109375 0.6565905458333333 0.546875 0.6676482375 0.5517578125 0.6745592958333333 0.55078125 0.6911458333333333 0.5283203125 0.6814703520833334 0.5263671875 0.6552083333333333 0.537109375
9 0.9773660708333334 0.4921875 0.95421875 0.5068359375 0.93651785625 0.5107421875 0.93515625 0.5224609375 0.9406026791666666 0.525390625 0.95285714375 0.5244140625 0.9828125 0.4951171875 0.9773660708333334 0.4921875
4 0.821875 0.587890625 0.8406070395833333 0.6181640625 0.8486350583333333 0.619140625 0.8687051 0.609375 0.8794091229166666 0.609375 0.8981411645833333 0.6015625 0.8994791666666667 0.59375 0.89145115 0.5888671875 0.8379310354166667 0.583984375 0.821875 0.583984375 0.821875 0.587890625
9 0.6102306541666667 0.4140625 0.59921875 0.4228515625 0.59921875 0.4296875 0.6047247020833333 0.4296875 0.6212425604166667 0.4140625 0.6322544645833333 0.412109375 0.6377604166666667 0.4072265625 0.6377604166666667 0.3974609375 0.6295014875 0.3916015625 0.6171130958333334 0.392578125 0.6088541666666667 0.3984375 0.6102306541666667 0.4140625
9 0.627980325 0.4794921875 0.6442997687500001 0.482421875 0.6510995375 0.4794921875 0.6524594916666667 0.47265625 0.67421875 0.451171875 0.6660590270833333 0.447265625 0.65381944375 0.4560546875 0.6510995375 0.4580078125 0.6483796291666667 0.4619140625 0.6320601854166666 0.462890625 0.6252604166666667 0.4677734375 0.627980325 0.4794921875
9 0.84140625 0.314453125 0.8467881937499999 0.3212890625 0.8629340270833333 0.3251953125 0.8736979166666666 0.3173828125 0.9006076395833333 0.3115234375 0.9059895833333333 0.306640625 0.8979166666666667 0.302734375 0.8763888895833334 0.30859375 0.8683159729166667 0.302734375 0.853515625 0.3017578125 0.8427517354166666 0.30859375 0.84140625 0.314453125
9 0.49134375 0.478515625 0.5010416666666667 0.46875 0.4955 0.4658203125 0.48580208333333336 0.4736328125 0.46640625 0.4794921875 0.46779166666666666 0.490234375 0.4802604166666667 0.494140625 0.4871875 0.4912109375 0.49134375 0.478515625
3 0.3667376895833333 0.439453125 0.35137310624999996 0.4375 0.33880208333333334 0.4423828125 0.3401988645833333 0.4501953125 0.3583570083333333 0.4580078125 0.3653409083333334 0.4560546875 0.36953125 0.44921875 0.3667376895833333 0.439453125
3 0.33203125 0.4755859375 0.34479166666666666 0.453125 0.33628472291666667 0.4501953125 0.32210648124999997 0.45703125 0.31927083333333334 0.470703125 0.33203125 0.4755859375
10 0.21828850208333334 0.59765625 0.19171940833333334 0.6123046875 0.1890625 0.619140625 0.19304786458333334 0.626953125 0.20898931875 0.63671875 0.22227386666666668 0.640625 0.24884295833333334 0.6416015625 0.2700982333333333 0.638671875 0.28338277916666665 0.6298828125 0.29135350833333334 0.6201171875 0.29401041666666666 0.6064453125 0.29002505208333335 0.59765625 0.25415677708333334 0.5908203125 0.21828850208333334 0.59765625
7 0.29604166666666665 0.5498046875 0.29322916666666665 0.564453125 0.3129166666666666 0.5654296875 0.32135416666666666 0.5517578125 0.31994791666666667 0.537109375 0.3086979166666667 0.5400390625 0.29604166666666665 0.5498046875
0 0.27760416666666665 0.5400390625 0.27760416666666665 0.5458984375 0.28309985625 0.548828125 0.29683908124999997 0.548828125 0.31744791666666666 0.5400390625 0.3050826145833333 0.537109375 0.27760416666666665 0.5400390625
0 0.23654017916666667 0.5322265625 0.240625 0.51953125 0.23381696458333331 0.5107421875 0.22292410624999998 0.5107421875 0.19841517916666668 0.5224609375 0.19296875 0.5263671875 0.19433035625 0.53125 0.22837053541666666 0.53515625 0.23654017916666667 0.5322265625
10 0 0.7625702859375 0.02165591875 0.7802734375 0.03901289583333333 0.7802734375 0.07906746041666667 0.7509765625 0.08307291666666666 0.734375 0.04568865833333333 0.712890625 0.025661375 0.705078125 0.0016286375 0.701171875 0 0.7380998453125 0 0.7625702859375