3 0.5559856729166667 0.136568284375 0.5705779437499999 0.1460730359375 0.58824226875 0.14857428749999999 0.5913143270833333 0.139069534375 0.5767220562500001 0.1190595296875 0.57595404375 0.101050525 0.5728819854166667 0.09604802343749999 0.5552176583333334 0.0925462734375 0.539857375 0.099549775 0.5406253895833333 0.11055527812499999 0.5559856729166667 0.136568284375
3 0.39561441875000003 0.115057528125 0.3895472395833333 0.12356178124999999 0.38878884166666666 0.13606803437499998 0.3971312125 0.14707353750000002 0.4244335166666667 0.1560780390625 0.44718543541666667 0.1590795390625 0.4517358208333333 0.1580790390625 0.45931979375 0.1455727859375 0.4623533833333333 0.12906453281250002 0.4600781916666667 0.115057528125 0.4547694104166667 0.11055527812499999 0.4244335166666667 0.10755377656250001 0.41002396875 0.10855427656250001 0.39561441875000003 0.115057528125
5 0.7980173583333333 0.27613806875 0.8147426708333333 0.27763881874999996 0.8187248875 0.27563781875000004 0.8227071041666666 0.2681340671875 0.8227071041666666 0.189094546875 0.8187248875 0.1830915453125 0.8075746791666667 0.17908954531250001 0.7980173583333333 0.1825912953125 0.795628025 0.188594296875 0.7948315833333334 0.2711355671875 0.7980173583333333 0.27613806875
3 0.3900199020833333 0.3161580796875 0.3793715875 0.31665832968749996 0.36415970833333333 0.3081540765625 0.35199020625 0.312156078125 0.35046901875 0.3176588296875 0.35807495625 0.3301650828125 0.3763292125 0.34067033593749996 0.38317455625 0.3511755875 0.40218940416666665 0.3571785890625 0.40903475 0.3566783390625 0.41588009583333335 0.34917458749999997 0.4174012833333334 0.338169084375 0.41283771874999997 0.3336668328125 0.40218940416666665 0.3296648328125 0.3961046541666667 0.3186593296875 0.3900199020833333 0.3161580796875
3 0.85038650625 0.0335167578125 0.84357040625 0.035517759375 0.8397836833333333 0.040520259375 0.8397836833333333 0.060030015625 0.84357040625 0.0685342671875 0.8647760520833334 0.089544771875 0.87992294375 0.0965482734375 0.8996139 0.100050025 0.9102167229166667 0.099549775 0.9162754791666666 0.0945472734375 0.9170328229166667 0.086043021875 0.9018859333333332 0.06803401718749999 0.8988565562499999 0.036518259375 0.8927978 0.0340170078125 0.85038650625 0.0335167578125
2 0.8673583520833333 0.7458729359375 0.8875213520833333 0.7538769390625 0.89450085 0.7533766890625 0.9030313499999999 0.737368684375 0.9022558479166667 0.72386193125 0.89294985 0.7193596796875 0.8789908520833334 0.7163581796875 0.8665828541666667 0.72286143125 0.8611543541666666 0.7283641828125 0.8611543541666666 0.7363681843750001 0.8673583520833333 0.7458729359375
2 0.5830243875 0.79689845 0.58541896875 0.7778889437500001 0.58222619375 0.7703851921875 0.57025328125 0.7673836921875 0.5590785625 0.7708854421875 0.5582803666666667 0.77688844375 0.5622713375 0.784892446875 0.5798316104166666 0.7973987 0.5830243875 0.79689845
5 0.4575538520833333 0.101050525 0.4694757041666667 0.111055528125 0.47901318333333337 0.113056528125 0.48298713541666666 0.103051525 0.48219234375000003 0.0325162578125 0.47901318333333337 0.0285142578125 0.47027049583333336 0.0310155078125 0.46232259375 0.0410205109375 0.4551694833333333 0.07553776875 0.45437469375 0.09004502187499999 0.4575538520833333 0.101050525
7 0.9121914104166666 0.2946473234375 0.8865870458333334 0.298149075 0.8632418895833334 0.30465232656249996 0.8549581229166667 0.310155078125 0.8474274270833334 0.3196598296875 0.8361313854166668 0.34917458749999997 0.8346252458333333 0.37418709375 0.83839059375 0.38869434687500004 0.8466743583333333 0.4047023515625 0.8526989166666666 0.40770385156250005 0.8602296104166667 0.40770385156250005 0.8888462541666667 0.3991996 0.91369755 0.3786893453125 0.92800586875 0.3551775890625 0.9317712166666666 0.3411705859375 0.9317712166666666 0.32616308125 0.9242405229166667 0.29714857499999997 0.9121914104166666 0.2946473234375
4 0.6391051604166668 0.8539269640624999 0.6308267375 0.8534267140624999 0.6233009 0.8564282140625 0.6067440562499999 0.8689344671875 0.5909397958333333 0.8729364687500001 0.5804036229166667 0.885942971875 0.5796510375 0.8964482234375 0.58341395625 0.9084542265625 0.5939501312500001 0.92646323125 0.6150224770833332 0.9504752375000001 0.6391051604166668 0.962481240625 0.67071368125 0.9599799906250001 0.6774869375 0.9509754875 0.6797446874999999 0.9424712359375 0.6782395187500001 0.913456728125 0.6692085145833333 0.886443221875 0.6541568375 0.8619309656249999 0.6391051604166668 0.8539269640624999
4 1 0.6854259265625 0.9874868125 0.6888444218750001 0.97391488125 0.697348675 0.94677101875 0.7048524265625 0.9286751083333333 0.7298649328125 0.9135951854166666 0.7398699343749999 0.9090712104166666 0.7468734359375 0.9083172125 0.7543771890625 0.9135951854166666 0.7678839421875 0.9226431416666667 0.7788894453124999 0.9331990875 0.786893446875 0.9776848604166666 0.8059029515624999 0.9935187833333334 0.8069034515625001 1 0.8054700984375 1 0.6854259265625
4 0.7498794833333334 0.9539769890625 0.7582059520833333 0.9819909953125 0.7672893729166667 0.99949975 0.8021091520833333 0.99949975 0.8043800083333333 0.9919959984375 0.8263316083333333 0.9589794890625001 0.8286024624999999 0.9504752375000001 0.7733449875 0.92346173125 0.7672893729166667 0.9239619812500001 0.76047680625 0.9274637312499999 0.7498794833333334 0.9429714859375 0.7498794833333334 0.9539769890625
11 0.4374494854166667 0.3421710859375 0.4420146833333333 0.3456728359375 0.44429728125 0.34417208593750004 0.45038421041666665 0.3456728359375 0.48234058333333335 0.338169084375 0.5028839666666667 0.3296648328125 0.4975579041666667 0.3281640828125 0.4701667270833333 0.3281640828125 0.4435364145833333 0.3301650828125 0.4366886208333333 0.337668834375 0.4374494854166667 0.3421710859375
11 0.5822438020833334 0.35501100625 0.5784993354166666 0.37368684375 0.5627725854166666 0.3821910953125 0.54105469375 0.3811905953125 0.52457905 0.37518759375 0.4848877291666666 0.37418709375 0.4759010166666667 0.37668834375000004 0.46616540833333336 0.3836918453125 0.46616540833333336 0.4087043515625 0.51409455 0.5507753875 0.52008569375 0.5527763875 0.5964727645833333 0.33416708281249996 0.5957238729166666 0.32716358125 0.5897327291666666 0.32516258124999997 0.5642703729166667 0.32566283125 0.5642703729166667 0.33216608281250004 0.5567814416666667 0.33716858437499997 0.5567814416666667 0.3416708359375 0.5695126208333333 0.3436718359375 0.5822438020833334 0.35501100625