3 0.58732498125 0.14857428749999999 0.5902726604166666 0.139069534375 0.5762711854166667 0.1190595296875 0.5755342666666666 0.101050525 0.5725865875 0.09604802343749999 0.5556374354166667 0.0925462734375 0.5408990416666666 0.099549775 0.5416359624999999 0.11055527812499999 0.5563743541666667 0.136568284375 0.5703758291666666 0.1460730359375 0.58732498125 0.14857428749999999
3 0.4465733229166667 0.1590795390625 0.45099484166666665 0.1580790390625 0.4583640375 0.1455727859375 0.46131171666666665 0.12906453281250002 0.4591009583333333 0.115057528125 0.45394252083333336 0.11055527812499999 0.4244657333333333 0.10755377656250001 0.41046426041666667 0.10855427656250001 0.39646278541666663 0.115057528125 0.39056742916666665 0.12356178124999999 0.3898305083333333 0.13606803437499998 0.397936625 0.14707353750000002 0.4244657333333333 0.1560780390625 0.4465733229166667 0.1590795390625
5 0.8179808395833333 0.27563781875000004 0.8216654375 0.2681340671875 0.8216654375 0.189094546875 0.8179808395833333 0.1830915453125 0.8076639645833333 0.17908954531250001 0.7988209291666667 0.1825912953125 0.79661016875 0.188594296875 0.79587325 0.2711355671875 0.7988209291666667 0.27613806875 0.8142962416666666 0.27763881874999996 0.8179808395833333 0.27563781875000004
3 0.38319823124999997 0.3511755875 0.4016212229166667 0.3571785890625 0.4082535 0.3566783390625 0.41488577708333335 0.34917458749999997 0.4163596166666667 0.338169084375 0.4119380979166667 0.3336668328125 0.4016212229166667 0.3296648328125 0.3957258666666667 0.3186593296875 0.3898305083333333 0.3161580796875 0.3795136333333333 0.31665832968749996 0.36477523958333335 0.3081540765625 0.352984525 0.312156078125 0.3515106854166667 0.3176588296875 0.35887988125 0.3301650828125 0.37656595416666666 0.34067033593749996 0.38319823124999997 0.3511755875
3 0.87988209375 0.0965482734375 0.8990420041666667 0.100050025 0.9093588791666666 0.099549775 0.9152542374999999 0.0945472734375 0.9159911562499999 0.086043021875 0.9012527625 0.06803401718749999 0.8983050854166666 0.036518259375 0.8924097270833333 0.0340170078125 0.851142225 0.0335167578125 0.8445099479166667 0.035517759375 0.8408253499999999 0.040520259375 0.8408253499999999 0.060030015625 0.8445099479166667 0.0685342671875 0.8651437000000001 0.089544771875 0.87988209375 0.0965482734375
2 0.8938835666666667 0.7533766890625 0.9019896833333333 0.737368684375 0.9012527625 0.72386193125 0.8924097270833333 0.7193596796875 0.8791451729166667 0.7163581796875 0.8673544583333332 0.72286143125 0.8621960208333334 0.7283641828125 0.8621960208333334 0.7363681843750001 0.8680913770833333 0.7458729359375 0.8872512895833334 0.7538769390625 0.8938835666666667 0.7533766890625
2 0.58216654375 0.79689845 0.5843773020833333 0.7778889437500001 0.5814296250000001 0.7703851921875 0.5703758291666666 0.7673836921875 0.5600589541666667 0.7708854421875 0.5593220333333334 0.77688844375 0.56300663125 0.784892446875 0.5792188645833334 0.7973987 0.58216654375 0.79689845
5 0.47826086874999996 0.113056528125 0.48194546875 0.103051525 0.4812085479166667 0.0325162578125 0.47826086874999996 0.0285142578125 0.4701547541666667 0.0310155078125 0.46278555625 0.0410205109375 0.45615327916666665 0.07553776875 0.45541636041666667 0.09004502187499999 0.4583640375 0.101050525 0.4694178333333333 0.111055528125 0.47826086874999996 0.113056528125
7 0.8533529854166667 0.40770385156250005 0.86072218125 0.40770385156250005 0.8887251291666666 0.3991996 0.9130434791666667 0.3786893453125 0.9270449520833334 0.3551775890625 0.93072955 0.3411705859375 0.93072955 0.32616308125 0.9233603541666666 0.29714857499999997 0.9115696395833334 0.2946473234375 0.8865143708333334 0.298149075 0.8636698604166667 0.30465232656249996 0.85556374375 0.310155078125 0.8481945458333333 0.3196598296875 0.8371407520833334 0.34917458749999997 0.8356669125 0.37418709375 0.8393515104166667 0.38869434687500004 0.8474576270833333 0.4047023515625 0.8533529854166667 0.40770385156250005
4 0.6153279291666667 0.9504752375000001 0.6389093583333333 0.962481240625 0.6698599854166667 0.9599799906250001 0.6764922625 0.9509754875 0.6787030208333333 0.9424712359375 0.67722918125 0.913456728125 0.6683861458333333 0.886443221875 0.6536477520833334 0.8619309656249999 0.6389093583333333 0.8539269640624999 0.6308032416666667 0.8534267140624999 0.6234340458333333 0.8564282140625 0.6072218125000001 0.8689344671875 0.5917465 0.8729364687500001 0.5814296250000001 0.885942971875 0.5806927041666667 0.8964482234375 0.5843773020833333 0.9084542265625 0.5946941791666667 0.92646323125 0.6153279291666667 0.9504752375000001
4 0.9336772291666667 0.786893446875 0.9771554895833333 0.8059029515624999 0.9926308041666666 0.8069034515625001 0.99926308125 0.8054027015624999 0.99926308125 0.685342671875 0.9867354458333334 0.6888444218750001 0.9734708916666667 0.697348675 0.9469417833333333 0.7048524265625 0.9292557104166667 0.7298649328125 0.9145173166666667 0.7398699343749999 0.9100958 0.7468734359375 0.9093588791666666 0.7543771890625 0.9145173166666667 0.7678839421875 0.9233603541666666 0.7788894453124999 0.9336772291666667 0.786893446875
4 0.80176860625 0.99949975 0.8039793666666667 0.9919959984375 0.8253500375 0.9589794890625001 0.8275607958333333 0.9504752375000001 0.7737656604166666 0.92346173125 0.7678703020833333 0.9239619812500001 0.761238025 0.9274637312499999 0.75092115 0.9429714859375 0.75092115 0.9539769890625 0.7590272666666666 0.9819909953125 0.7678703020833333 0.99949975 0.80176860625 0.99949975
11 0.4450994833333333 0.34417208593750004 0.45099484166666665 0.3456728359375 0.48194546875 0.338169084375 0.5018423 0.3296648328125 0.4966838625 0.3281640828125 0.4701547541666667 0.3281640828125 0.4443625645833333 0.3301650828125 0.4377302875 0.337668834375 0.43846720625 0.3421710859375 0.44288872500000004 0.3456728359375 0.4450994833333333 0.34417208593750004
11 0.5954310979166666 0.33416708281249996 0.5946941791666667 0.32716358125 0.5887988208333332 0.32516258124999997 0.5637435520833333 0.32566283125 0.5637435520833333 0.33216608281250004 0.5563743541666667 0.33716858437499997 0.5563743541666667 0.3416708359375 0.5689019895833333 0.3436718359375 0.5814296250000001 0.35501100625 0.577745025 0.37368684375 0.5622697124999999 0.3821910953125 0.5408990416666666 0.3811905953125 0.5246868083333334 0.37518759375 0.48563006666666664 0.37418709375 0.47678703125 0.37668834375000004 0.467207075 0.3836918453125 0.467207075 0.4087043515625 0.5143699333333334 0.5507753875 0.5202652916666667 0.5527763875 0.5954310979166666 0.33416708281249996