3 0.5408990420918367 0.0995497744140625 0.5416359617346939 0.11055527734375 0.5563743545918367 0.1365682841796875 0.5703758290816326 0.1460730361328125 0.5873249821428571 0.148574287109375 0.5902726607142857 0.13906953515625 0.5762711862244898 0.119059529296875 0.5755342665816326 0.101050525390625 0.5725865880102041 0.0960480244140625 0.5556374349489797 0.0925462734375 0.5408990420918367 0.0995497744140625
3 0.42446573341836735 0.10755377734375 0.41046425892857147 0.10855427734375 0.3964627857142857 0.1150575283203125 0.39056742857142857 0.12356178125 0.3898305089285714 0.1360680341796875 0.397936625 0.147073537109375 0.42446573341836735 0.1560780390625 0.4465733239795919 0.1590795400390625 0.45099484183673466 0.1580790390625 0.45836403826530614 0.1455727861328125 0.46131171683673466 0.1290645322265625 0.4591009579081633 0.1150575283203125 0.4539425204081633 0.11055527734375 0.42446573341836735 0.10755377734375
5 0.7966101696428571 0.188594296875 0.79587325 0.2711355673828125 0.7988209285714286 0.2761380693359375 0.8142962423469389 0.2776388193359375 0.8179808405612244 0.2756378193359375 0.8216654387755102 0.2681340673828125 0.8216654387755102 0.189094546875 0.8179808405612244 0.1830915458984375 0.8076639642857142 0.179089544921875 0.7988209285714286 0.1825912958984375 0.7966101696428571 0.188594296875
3 0.4016212232142857 0.32966483203125 0.39572586607142857 0.318659330078125 0.3898305089285714 0.3161580791015625 0.3795136326530612 0.3166583291015625 0.36477523979591836 0.3081540771484375 0.3529845242346939 0.312156078125 0.35151068494897963 0.3176588291015625 0.35887988265306126 0.3301650830078125 0.3765659540816327 0.3406703349609375 0.38319823086734695 0.351175587890625 0.4016212232142857 0.3571785888671875 0.4082535 0.3566783388671875 0.41488577806122445 0.3491745869140625 0.4163596173469388 0.3381690849609375 0.41193809821428573 0.3336668330078125 0.4016212232142857 0.32966483203125
3 0.8983050841836734 0.0365182587890625 0.8924097270408163 0.0340170087890625 0.8511422257653062 0.0335167587890625 0.8445099489795919 0.0355177587890625 0.8408253494897959 0.040520259765625 0.8408253494897959 0.0600300146484375 0.8445099489795919 0.068534267578125 0.8651436989795918 0.0895447724609375 0.8798820931122449 0.0965482744140625 0.8990420038265307 0.100050025390625 0.9093588801020408 0.0995497744140625 0.9152542372448979 0.0945472734375 0.9159911568877551 0.086043021484375 0.9012527640306123 0.0680340166015625 0.8983050841836734 0.0365182587890625
2 0.8621960204081632 0.728364181640625 0.8621960204081632 0.7363681845703125 0.8680913775510204 0.7458729365234374 0.8872512895408163 0.7538769384765625 0.8938835663265305 0.7533766884765625 0.9019896836734693 0.7373686845703125 0.9012527640306123 0.7238619306640625 0.8924097270408163 0.7193596796875 0.8791451734693878 0.7163581787109375 0.8673544579081632 0.7228614306640625 0.8621960204081632 0.728364181640625
2 0.5630066326530612 0.7848924462890625 0.5792188647959184 0.79739869921875 0.582166543367347 0.79689844921875 0.5843773022959184 0.7778889443359375 0.5814296237244898 0.7703851923828124 0.5703758290816326 0.76738369140625 0.5600589540816326 0.7708854423828125 0.5593220344387755 0.7768884443359375 0.5630066326530612 0.7848924462890625
5 0.45615327933673466 0.0755377685546875 0.45541635969387756 0.0900450224609375 0.45836403826530614 0.101050525390625 0.46941783290816325 0.11105552734375 0.4782608698979592 0.1130565283203125 0.48194546811224487 0.103051525390625 0.4812085484693877 0.0325162578125 0.4782608698979592 0.0285142568359375 0.47015475255102035 0.0310155078125 0.462785556122449 0.0410205107421875 0.45615327933673466 0.0755377685546875
7 0.9307295510204081 0.3261630810546875 0.9233603533163266 0.29714857421875 0.9115696390306123 0.2946473232421875 0.8865143698979593 0.29814907421875 0.8636698596938776 0.304652326171875 0.855563743622449 0.3101550771484375 0.8481945471938775 0.319659830078125 0.8371407512755102 0.3491745869140625 0.8356669119897959 0.37418709375 0.8393515102040817 0.38869434765625 0.8474576275510204 0.4047023515625 0.8533529846938775 0.4077038515625 0.860722181122449 0.4077038515625 0.8887251288265305 0.399199599609375 0.9130434783163266 0.3786893447265625 0.9270449515306122 0.3551775888671875 0.9307295510204081 0.3411705849609375 0.9307295510204081 0.3261630810546875
4 0.6683861454081632 0.8864432216796875 0.6536477525510204 0.8619309658203125 0.6389093584183674 0.8539269638671875 0.6308032423469387 0.853426712890625 0.6234340459183674 0.8564282138671875 0.6072218125 0.868934466796875 0.5917465000000001 0.8729364677734375 0.5814296237244898 0.8859429716796875 0.5806927040816326 0.8964482236328125 0.5843773022959184 0.9084542275390625 0.5946941785714286 0.9264632314453125 0.6153279298469387 0.9504752373046875 0.6389093584183674 0.962481240234375 0.6698599846938775 0.959979990234375 0.676492262755102 0.9509754873046875 0.6787030216836735 0.9424712353515625 0.6772291823979592 0.913456728515625 0.6683861454081632 0.8864432216796875
4 0.9734708915816327 0.6973486748046875 0.9469417831632654 0.70485242578125 0.9292557117346939 0.7298649326171875 0.9145173176020408 0.7398699345703125 0.9100957997448978 0.7468734365234375 0.9093588801020408 0.7543771884765625 0.9145173176020408 0.7678839423828125 0.9233603533163266 0.7788894443359375 0.9336772295918366 0.7868934462890625 0.9771554897959184 0.805902951171875 0.9926308035714285 0.8069034521484375 0.9992630803571428 0.805402701171875 0.9992630803571428 0.6853426708984375 0.9867354464285715 0.688844421875 0.9734708915816327 0.6973486748046875
4 0.761238025510204 0.9274637314453125 0.7509211492346939 0.9429714853515625 0.7509211492346939 0.95397698828125 0.7590272665816326 0.9819909951171875 0.7678703022959183 0.99949975 0.8017686071428571 0.99949975 0.8039793660714286 0.991995998046875 0.8253500369897959 0.9589794892578125 0.8275607959183674 0.9504752373046875 0.7737656594387756 0.92346173046875 0.7678703022959183 0.9239619814453125 0.761238025510204 0.9274637314453125
11 0.4443625650510204 0.3301650830078125 0.43773028698979594 0.337668833984375 0.43846720663265304 0.3421710859375 0.44288872576530613 0.3456728359375 0.4450994846938775 0.3441720859375 0.45099484183673466 0.3456728359375 0.48194546811224487 0.3381690849609375 0.501842299744898 0.32966483203125 0.49668386096938777 0.32816408203125 0.47015475255102035 0.32816408203125 0.4443625650510204 0.3301650830078125
11 0.5563743545918367 0.3416708349609375 0.5689019897959183 0.3436718359375 0.5814296237244898 0.355011005859375 0.577745025510204 0.37368684375 0.5622697130102041 0.382191095703125 0.5408990420918367 0.381190595703125 0.5246868086734694 0.37518759375 0.4856300663265306 0.37418709375 0.4767870306122449 0.37668834375 0.4672070739795918 0.383691845703125 0.4672070739795918 0.4087043525390625 0.5143699336734694 0.5507753876953125 0.5202652908163266 0.552776388671875 0.5954310982142856 0.334167083984375 0.5946941785714286 0.32716358203125 0.5887988214285714 0.3251625810546875 0.5637435522959183 0.3256628310546875 0.5637435522959183 0.3321660830078125 0.5563743545918367 0.337168583984375 0.5563743545918367 0.3416708349609375