11 0.7369791666666666 0.76171875 0.78125 0.64453125 0.78125 0.6123046875 0.60546875 0.607421875 0.6028645833333334 0.6123046875 0.61328125 0.6259765625 0.7239583333333334 0.7529296875 0.7369791666666666 0.76171875
6 0.7903645833333334 0.513671875 0.8046875 0.546875 0.8203125 0.548828125 0.8776041666666666 0.5361328125 0.8815104166666666 0.525390625 0.87890625 0.5009765625 0.8619791666666666 0.4765625 0.84375 0.46875 0.7747395833333334 0.4716796875 0.7682291666666666 0.4765625 0.7682291666666666 0.486328125 0.7786458333333334 0.50390625 0.7903645833333334 0.513671875
6 0.7734375 0.470703125 0.8372395833333334 0.4658203125 0.8450520833333334 0.4599609375 0.8111979166666666 0.4150390625 0.78515625 0.392578125 0.734375 0.3896484375 0.70703125 0.3974609375 0.6953125 0.40625 0.6953125 0.41796875 0.71875 0.455078125 0.7369791666666666 0.466796875 0.7734375 0.470703125
4 0.3841145833333333 0.2763671875 0.3997395833333333 0.2763671875 0.4127604166666667 0.271484375 0.4244791666666667 0.255859375 0.42578125 0.2412109375 0.4140625 0.2265625 0.3997395833333333 0.220703125 0.3515625 0.2158203125 0.3294270833333333 0.2060546875 0.3098958333333333 0.205078125 0.29296875 0.2099609375 0.2799479166666667 0.2265625 0.28125 0.240234375 0.2955729166666667 0.2548828125 0.3333333333333333 0.2578125 0.3841145833333333 0.2763671875
8 0.4296875 0.2412109375 0.44921875 0.2431640625 0.4635416666666667 0.2373046875 0.4622395833333333 0.2099609375 0.44921875 0.1904296875 0.4036458333333333 0.1826171875 0.38671875 0.185546875 0.3763020833333333 0.193359375 0.37890625 0.2119140625 0.38671875 0.2177734375 0.4140625 0.2255859375 0.4296875 0.2412109375
2 0.5325520833333334 0.2900390625 0.515625 0.2890625 0.5130208333333334 0.29296875 0.5208333333333334 0.30078125 0.5338541666666666 0.30078125 0.5325520833333334 0.2900390625
1 0.5859375 0.33984375 0.5833333333333334 0.333984375 0.5690104166666666 0.3330078125 0.5559895833333334 0.3369140625 0.5559895833333334 0.345703125 0.56640625 0.3544921875 0.5716145833333334 0.3544921875 0.5859375 0.33984375
1 0.7278645833333334 0.36328125 0.7161458333333334 0.359375 0.7005208333333334 0.361328125 0.6953125 0.3720703125 0.7083333333333334 0.3837890625 0.7135416666666666 0.3837890625 0.7278645833333334 0.36328125
1 0.7643229166666666 0.2568359375 0.7395833333333334 0.2607421875 0.7395833333333334 0.2685546875 0.75390625 0.2783203125 0.7682291666666666 0.265625 0.7643229166666666 0.2568359375
1 0.5130208333333334 0.1572265625 0.4986979166666667 0.1552734375 0.48828125 0.1591796875 0.48828125 0.169921875 0.50390625 0.177734375 0.51171875 0.169921875 0.5130208333333334 0.1572265625
2 0.4348958333333333 0.3701171875 0.4166666666666667 0.3701171875 0.4153645833333333 0.3759765625 0.4205729166666667 0.380859375 0.4375 0.3798828125 0.4348958333333333 0.3701171875
9 0.53125 0.2861328125 0.53125 0.2900390625 0.5325520833333334 0.2919921875 0.53515625 0.2919921875 0.5364583333333334 0.291015625 0.5403645833333334 0.28515625 0.5403645833333334 0.283203125 0.54296875 0.2802734375 0.5442708333333334 0.2763671875 0.5481770833333334 0.2734375 0.5533854166666666 0.2734375 0.5559895833333334 0.271484375 0.5559895833333334 0.265625 0.5533854166666666 0.263671875 0.5481770833333334 0.263671875 0.54296875 0.26171875 0.5390625 0.26171875 0.5377604166666666 0.263671875 0.5377604166666666 0.275390625 0.53515625 0.2783203125 0.5338541666666666 0.283203125 0.53125 0.2861328125
9 0.5260416666666666 0.1630859375 0.5221354166666666 0.1640625 0.5221354166666666 0.16796875 0.5260416666666666 0.171875 0.5390625 0.171875 0.5403645833333334 0.169921875 0.5403645833333334 0.1669921875 0.53515625 0.162109375 0.53515625 0.158203125 0.5364583333333334 0.1572265625 0.5364583333333334 0.154296875 0.5377604166666666 0.1533203125 0.5377604166666666 0.1513671875 0.5390625 0.150390625 0.5390625 0.146484375 0.5403645833333334 0.1455078125 0.5403645833333334 0.140625 0.5390625 0.1396484375 0.5364583333333334 0.140625 0.5338541666666666 0.1435546875 0.5338541666666666 0.1474609375 0.53125 0.1513671875 0.5299479166666666 0.1591796875 0.5260416666666666 0.1630859375
9 0.6341145833333334 0.1474609375 0.6315104166666666 0.1552734375 0.6263020833333334 0.162109375 0.6263020833333334 0.1640625 0.6236979166666666 0.16796875 0.625 0.169921875 0.62890625 0.169921875 0.6315104166666666 0.16796875 0.6341145833333334 0.1640625 0.6354166666666666 0.1591796875 0.6380208333333334 0.15625 0.6380208333333334 0.154296875 0.6419270833333334 0.1484375 0.6458333333333334 0.1455078125 0.6536458333333334 0.14453125 0.6549479166666666 0.142578125 0.6549479166666666 0.1357421875 0.6536458333333334 0.1337890625 0.6510416666666666 0.1328125 0.6484375 0.1328125 0.6471354166666666 0.1337890625 0.6419270833333334 0.1328125 0.640625 0.1337890625 0.63671875 0.1337890625 0.6341145833333334 0.1357421875 0.6341145833333334 0.138671875 0.6354166666666666 0.1396484375 0.6354166666666666 0.146484375 0.6341145833333334 0.1474609375
9 0.8203125 0.203125 0.8307291666666666 0.181640625 0.828125 0.1787109375 0.8229166666666666 0.1796875 0.8059895833333334 0.208984375 0.8072916666666666 0.21875 0.82421875 0.2177734375 0.8255208333333334 0.208984375 0.8203125 0.203125
9 0.7578125 0.5791015625 0.7682291666666666 0.576171875 0.7721354166666666 0.5498046875 0.76953125 0.5400390625 0.765625 0.537109375 0.7604166666666666 0.541015625 0.7578125 0.5595703125 0.75 0.5634765625 0.7513020833333334 0.57421875 0.7578125 0.5791015625
9 0.82421875 0.6044921875 0.8072916666666666 0.6044921875 0.79296875 0.623046875 0.7916666666666666 0.6298828125 0.8072916666666666 0.6171875 0.8203125 0.615234375 0.82421875 0.6044921875
9 0.90625 0.619140625 0.8997395833333334 0.6064453125 0.8684895833333334 0.63671875 0.8684895833333334 0.6435546875 0.875 0.6435546875 0.8984375 0.6171875 0.90625 0.619140625
9 0.3802083333333333 0.5791015625 0.3893229166666667 0.576171875 0.3997395833333333 0.5546875 0.4088541666666667 0.5478515625 0.4036458333333333 0.537109375 0.3854166666666667 0.5390625 0.3828125 0.54296875 0.3841145833333333 0.5546875 0.375 0.5712890625 0.375 0.5771484375 0.3802083333333333 0.5791015625
9 0.23046875 0.6953125 0.23046875 0.689453125 0.22395833333333334 0.6845703125 0.21875 0.6865234375 0.19921875 0.716796875 0.18619791666666666 0.7265625 0.18619791666666666 0.7373046875 0.20963541666666666 0.736328125 0.21354166666666666 0.720703125 0.23046875 0.6953125
9 0.3606770833333333 0.70703125 0.3606770833333333 0.7021484375 0.3541666666666667 0.6982421875 0.3216145833333333 0.7373046875 0.3229166666666667 0.7470703125 0.34375 0.7451171875 0.3463541666666667 0.7265625 0.3606770833333333 0.70703125
9 0.12890625 0.76171875 0.13151041666666666 0.7509765625 0.11979166666666667 0.75390625 0.1171875 0.7509765625 0.10546875 0.7509765625 0.10026041666666667 0.763671875 0.08333333333333333 0.7822265625 0.08463541666666667 0.7880859375 0.10026041666666667 0.7841796875 0.11328125 0.7666015625 0.12890625 0.76171875
3 0.21354166666666666 0.599609375 0.20963541666666666 0.5849609375 0.20182291666666666 0.5771484375 0.19010416666666666 0.5771484375 0.17708333333333334 0.583984375 0.17447916666666666 0.5966796875 0.1796875 0.6025390625 0.20963541666666666 0.603515625 0.21354166666666666 0.599609375
3 0.24088541666666666 0.6064453125 0.23828125 0.5986328125 0.22005208333333334 0.59765625 0.20963541666666666 0.607421875 0.20833333333333334 0.619140625 0.2265625 0.6279296875 0.23307291666666666 0.6259765625 0.24088541666666666 0.6064453125
3 0.2565104166666667 0.63671875 0.2721354166666667 0.626953125 0.2682291666666667 0.6123046875 0.2630208333333333 0.6083984375 0.24479166666666666 0.607421875 0.23958333333333334 0.611328125 0.23958333333333334 0.6201171875 0.22916666666666666 0.62890625 0.23046875 0.6337890625 0.2565104166666667 0.63671875
11 0.2786458333333333 0.5322265625 0.2760416666666667 0.5283203125 0.203125 0.53125 0.20442708333333334 0.54296875 0.24348958333333334 0.578125 0.25390625 0.5703125 0.2786458333333333 0.5322265625
11 0.36328125 0.6328125 0.3528645833333333 0.6201171875 0.328125 0.6083984375 0.3177083333333333 0.5947265625 0.3125 0.59375 0.2890625 0.640625 0.2877604166666667 0.6474609375 0.29296875 0.650390625 0.359375 0.640625 0.36328125 0.6328125
4 0.18229166666666666 0.8212890625 0.2109375 0.8115234375 0.20963541666666666 0.8056640625 0.18880208333333334 0.806640625 0.17057291666666666 0.7958984375 0.15755208333333334 0.79296875 0.12369791666666667 0.7919921875 0.1015625 0.7861328125 0.09114583333333333 0.7880859375 0.08984375 0.7939453125 0.10546875 0.8076171875 0.14713541666666666 0.8203125 0.18229166666666666 0.8212890625
10 0 0.7802734375 0.03515625 0.8115234375 0.07161458333333333 0.82421875 0.10546875 0.8251953125 0.11067708333333333 0.822265625 0.109375 0.8134765625 0.1015625 0.8046875 0.0703125 0.779296875 0.0390625 0.763671875 0.00390625 0.75390625 0 0.75390625 0 0.7802734375
9 0.13151041666666666 0.29296875 0.12760416666666666 0.2783203125 0.14322916666666666 0.2509765625 0.14322916666666666 0.2431640625 0.13671875 0.2451171875 0.11848958333333333 0.27734375 0.109375 0.2822265625 0.10807291666666667 0.2890625 0.11328125 0.29296875 0.12369791666666667 0.2958984375 0.13151041666666666 0.29296875
9 0 0.2900390625 0.024739583333333332 0.2646484375 0.04296875 0.255859375 0.0390625 0.25 0.022135416666666668 0.248046875 0.018229166666666668 0.2509765625 0.014322916666666666 0.263671875 0 0.275390625 0 0.2900390625
1 0.10286458333333333 0.28515625 0.10286458333333333 0.271484375 0.06901041666666667 0.2705078125 0.06901041666666667 0.2841796875 0.08333333333333333 0.2939453125 0.09114583333333333 0.2939453125 0.10286458333333333 0.28515625
7 0.06510416666666667 0.5234375 0.07942708333333333 0.5458984375 0.08333333333333333 0.5654296875 0.09765625 0.5791015625 0.11979166666666667 0.5859375 0.14453125 0.5859375 0.17317708333333334 0.5771484375 0.19140625 0.5634765625 0.19921875 0.546875 0.19270833333333334 0.52734375 0.13313802083333334 0.491455078125 0.11979166666666667 0.4765625 0.10807291666666667 0.4521484375 0.09765625 0.4443359375 0.08203125 0.4404296875 0.048177083333333336 0.443359375 0.026041666666666668 0.4521484375 0.010416666666666666 0.466796875 0.009114583333333334 0.478515625 0.014322916666666666 0.4912109375 0.024739583333333332 0.5009765625 0.06510416666666667 0.5234375
10 0.5065104166666666 0.54296875 0.5221354166666666 0.5341796875 0.5247395833333334 0.51953125 0.51171875 0.498046875 0.4739583333333333 0.48828125 0.4479166666666667 0.501953125 0.4466145833333333 0.5068359375 0.4544270833333333 0.5166015625 0.4908854166666667 0.5400390625 0.5065104166666666 0.54296875
7 0.38671875 0.693359375 0.4192708333333333 0.689453125 0.4140625 0.6591796875 0.4010416666666667 0.640625 0.3580729166666667 0.6474609375 0.3528645833333333 0.6689453125 0.35546875 0.689453125 0.3515625 0.6953125 0.3606770833333333 0.701171875 0.38671875 0.693359375
4 0.4583333333333333 0.7080078125 0.4453125 0.69921875 0.4205729166666667 0.69140625 0.3763020833333333 0.6982421875 0.3671875 0.7119140625 0.3658854166666667 0.716796875 0.3763020833333333 0.71875 0.4479166666666667 0.720703125 0.4583333333333333 0.7080078125
0 0.5533854166666666 0.615234375 0.5299479166666666 0.6181640625 0.5338541666666666 0.6298828125 0.55078125 0.625 0.5546875 0.6201171875 0.5533854166666666 0.615234375
11 0.61328125 0.6025390625 0.5598958333333334 0.53515625 0.5533854166666666 0.537109375 0.515625 0.595703125 0.5143229166666666 0.60546875 0.52734375 0.6064453125 0.5833333333333334 0.6064453125 0.61328125 0.6025390625
7 0.4895833333333333 0.556640625 0.48046875 0.5517578125 0.4596354166666667 0.5537109375 0.4283854166666667 0.548828125 0.4375 0.6064453125 0.4817708333333333 0.6083984375 0.4973958333333333 0.591796875 0.4895833333333333 0.556640625
4 0.4830729166666667 0.8515625 0.4986979166666667 0.8359375 0.4947916666666667 0.830078125 0.4583333333333333 0.8310546875 0.4322916666666667 0.8251953125 0.4166666666666667 0.830078125 0.4153645833333333 0.83984375 0.421875 0.845703125 0.4557291666666667 0.8564453125 0.4830729166666667 0.8515625
11 0.44140625 0.8720703125 0.4661458333333333 0.8984375 0.4973958333333333 0.8935546875 0.5247395833333334 0.8466796875 0.5247395833333334 0.841796875 0.5169270833333334 0.841796875 0.4973958333333333 0.8447265625 0.4674479166666667 0.8583984375 0.4322916666666667 0.8544921875 0.44140625 0.8720703125
3 0.22005208333333334 0.92578125 0.23046875 0.9365234375 0.24348958333333334 0.935546875 0.2526041666666667 0.9267578125 0.25390625 0.9130859375 0.2421875 0.9111328125 0.23177083333333334 0.8994140625 0.21744791666666666 0.900390625 0.2109375 0.9150390625 0.20052083333333334 0.91796875 0.20052083333333334 0.923828125 0.22005208333333334 0.92578125
2 0.2565104166666667 0.796875 0.25390625 0.79296875 0.2265625 0.794921875 0.22526041666666666 0.8017578125 0.23046875 0.8046875 0.24739583333333334 0.8037109375 0.2565104166666667 0.796875
2 0.2109375 0.7763671875 0.20572916666666666 0.76953125 0.1875 0.7705078125 0.18489583333333334 0.77734375 0.18880208333333334 0.7802734375 0.19791666666666666 0.78125 0.2109375 0.7763671875
8 0.80078125 0.7822265625 0.7890625 0.7705078125 0.78125 0.7705078125 0.76953125 0.7783203125 0.7604166666666666 0.791015625 0.76171875 0.798828125 0.7864583333333334 0.80078125 0.796875 0.796875 0.80078125 0.7822265625
8 0.8606770833333334 0.728515625 0.8619791666666666 0.71875 0.8502604166666666 0.70703125 0.8307291666666666 0.7080078125 0.8216145833333334 0.7158203125 0.8203125 0.7255859375 0.8411458333333334 0.734375 0.8502604166666666 0.734375 0.8606770833333334 0.728515625
3 0.8606770833333334 0.685546875 0.8541666666666666 0.6845703125 0.8372395833333334 0.697265625 0.8385416666666666 0.7060546875 0.8541666666666666 0.705078125 0.86328125 0.697265625 0.8606770833333334 0.685546875
3 0.9453125 0.5986328125 0.9453125 0.5908203125 0.9348958333333334 0.5869140625 0.9075520833333334 0.59375 0.8997395833333334 0.6005859375 0.90234375 0.619140625 0.9075520833333334 0.62109375 0.9388020833333334 0.60546875 0.9453125 0.5986328125
3 0.7747395833333334 0.5458984375 0.7890625 0.5439453125 0.7942708333333334 0.5380859375 0.7942708333333334 0.5263671875 0.7864583333333334 0.51171875 0.7734375 0.505859375 0.7526041666666666 0.51171875 0.7578125 0.5205078125 0.7721354166666666 0.525390625 0.7708333333333334 0.5400390625 0.7747395833333334 0.5458984375
3 0.75 0.548828125 0.7578125 0.5439453125 0.76171875 0.5302734375 0.7395833333333334 0.505859375 0.73046875 0.50390625 0.7252604166666666 0.5068359375 0.7239583333333334 0.5146484375 0.7395833333333334 0.5302734375 0.7395833333333334 0.5458984375 0.75 0.548828125
0 0.69921875 0.5029296875 0.69921875 0.513671875 0.7122395833333334 0.5166015625 0.7174479166666666 0.5029296875 0.69921875 0.5029296875
3 0.6708359375 0.17745214843749998 0.6669296875 0.17061621093749998 0.6487005208333334 0.16768652343749998 0.6213567708333334 0.16963964843749998 0.6174505208333334 0.17842871093749998 0.6278671875 0.18917089843749998 0.6565130208333334 0.19014746093749998 0.6708359375 0.17745214843749998
3 0.8506770833333334 0.17330078124999998 0.8506250000000001 0.17330078124999998 0.8506250000000001 0.17357421875 0.8506770833333334 0.17357421875 0.8506770833333334 0.17330078124999998
3 0.859375 0.1650390625 0.8515625 0.1591796875 0.8346354166666666 0.1591796875 0.8255208333333334 0.16796875 0.82421875 0.1787109375 0.8463541666666666 0.181640625 0.8580729166666666 0.1787109375 0.859375 0.1650390625
0 0.75390625 0.21875 0.7513020833333334 0.2119140625 0.7278645833333334 0.2119140625 0.7278645833333334 0.21875 0.7356770833333334 0.224609375 0.7473958333333334 0.224609375 0.75390625 0.21875
0 0.5455729166666666 0.13671875 0.55078125 0.126953125 0.546875 0.1162109375 0.5026041666666666 0.1123046875 0.5013020833333334 0.1240234375 0.51171875 0.138671875 0.5338541666666666 0.1416015625 0.5455729166666666 0.13671875
10 0.13020833333333334 0.2236328125 0.11197916666666667 0.23046875 0.11067708333333333 0.23828125 0.11588541666666667 0.2412109375 0.14583333333333334 0.2412109375 0.13020833333333334 0.2236328125
4 0.4635416666666667 0.7939453125 0.48046875 0.7802734375 0.4700520833333333 0.771484375 0.4388020833333333 0.76171875 0.41796875 0.76171875 0.4049479166666667 0.7685546875 0.4036458333333333 0.7802734375 0.4283854166666667 0.78515625 0.4505208333333333 0.7978515625 0.4635416666666667 0.7939453125
2 0.7135416666666666 0.3095703125 0.7135416666666666 0.30078125 0.69921875 0.2919921875 0.6809895833333334 0.2919921875 0.6783854166666666 0.296875 0.6888020833333334 0.30859375 0.7057291666666666 0.3115234375 0.7135416666666666 0.3095703125