11 0.7822916666666667 0.64453125 0.7822916666666667 0.6123046875 0.6044574979166666 0.607421875 0.6018229166666667 0.6123046875 0.6123612375 0.6259765625 0.7243309 0.7529296875 0.7375038020833333 0.76171875 0.7822916666666667 0.64453125
6 0.7738176479166667 0.4716796875 0.7671875 0.4765625 0.7671875 0.486328125 0.7777957375 0.50390625 0.7897300041666667 0.513671875 0.80431633125 0.546875 0.8202286875 0.548828125 0.87857399375 0.5361328125 0.8825520833333333 0.525390625 0.8799000229166667 0.5009765625 0.8626616375 0.4765625 0.8440972229166667 0.46875 0.7738176479166667 0.4716796875
6 0.6942708333333333 0.41796875 0.7180344208333334 0.455078125 0.7365172104166666 0.466796875 0.7734827895833334 0.470703125 0.8381725541666667 0.4658203125 0.84609375 0.4599609375 0.81176856875 0.4150390625 0.7853645833333334 0.392578125 0.7338768125 0.3896484375 0.7061526270833334 0.3974609375 0.6942708333333333 0.40625 0.6942708333333333 0.41796875
4 0.32909226249999995 0.2060546875 0.30928199375 0.205078125 0.2921130958333333 0.2099609375 0.27890625 0.2265625 0.28022693541666666 0.240234375 0.2947544645833334 0.2548828125 0.33305431458333334 0.2578125 0.38456101249999997 0.2763671875 0.4004092270833333 0.2763671875 0.41361607083333335 0.271484375 0.42550223125000003 0.255859375 0.42682291666666666 0.2412109375 0.41493675625000004 0.2265625 0.4004092270833333 0.220703125 0.3515438979166667 0.2158203125 0.32909226249999995 0.2060546875
8 0.3779267729166667 0.2119140625 0.3859258395833333 0.2177734375 0.413922575 0.2255859375 0.42992070833333335 0.2412109375 0.4499183770833334 0.2431640625 0.46458333333333335 0.2373046875 0.46325015625 0.2099609375 0.4499183770833334 0.1904296875 0.40325715208333335 0.1826171875 0.3859258395833333 0.185546875 0.37526041666666665 0.193359375 0.3779267729166667 0.2119140625
2 0.5205729166666667 0.30078125 0.5348958333333333 0.30078125 0.5334635416666667 0.2900390625 0.51484375 0.2890625 0.5119791666666667 0.29296875 0.5205729166666667 0.30078125
1 0.5841938395833334 0.333984375 0.5688745479166666 0.3330078125 0.5549479166666667 0.3369140625 0.5549479166666667 0.345703125 0.5660892208333334 0.3544921875 0.5716598729166668 0.3544921875 0.5869791666666667 0.33984375 0.5841938395833334 0.333984375
1 0.6998125000000001 0.361328125 0.6942708333333333 0.3720703125 0.708125 0.3837890625 0.7136666666666667 0.3837890625 0.72890625 0.36328125 0.7164375 0.359375 0.6998125000000001 0.361328125
1 0.75390625 0.2783203125 0.7692708333333333 0.265625 0.7650804916666666 0.2568359375 0.7385416666666667 0.2607421875 0.7385416666666667 0.2685546875 0.75390625 0.2783203125
1 0.48723958333333334 0.1591796875 0.48723958333333334 0.169921875 0.5041803729166666 0.177734375 0.5126507666666666 0.169921875 0.5140625 0.1572265625 0.49853344375 0.1552734375 0.48723958333333334 0.1591796875
2 0.42002144583333334 0.380859375 0.43854166666666666 0.3798828125 0.4356924020833333 0.3701171875 0.41574754999999997 0.3701171875 0.41432291666666665 0.3759765625 0.42002144583333334 0.380859375
9 0.5443256583333334 0.2763671875 0.5485608562500001 0.2734375 0.5542077854166667 0.2734375 0.55703125 0.271484375 0.55703125 0.265625 0.5542077854166667 0.263671875 0.5485608562500001 0.263671875 0.542913925 0.26171875 0.5386787270833333 0.26171875 0.5372669958333333 0.263671875 0.5372669958333333 0.275390625 0.53444353125 0.2783203125 0.5330317979166667 0.283203125 0.5302083333333333 0.2861328125 0.5302083333333333 0.2900390625 0.5316200666666666 0.2919921875 0.53444353125 0.2919921875 0.5358552625 0.291015625 0.5400904604166666 0.28515625 0.5400904604166666 0.283203125 0.542913925 0.2802734375 0.5443256583333334 0.2763671875
9 0.5356026791666667 0.158203125 0.5370535708333333 0.1572265625 0.5370535708333333 0.154296875 0.5385044645833333 0.1533203125 0.5385044645833333 0.1513671875 0.5399553562499999 0.150390625 0.5399553562499999 0.146484375 0.54140625 0.1455078125 0.54140625 0.140625 0.5399553562499999 0.1396484375 0.5370535708333333 0.140625 0.5341517854166666 0.1435546875 0.5341517854166666 0.1474609375 0.53125 0.1513671875 0.52979910625 0.1591796875 0.5254464291666666 0.1630859375 0.52109375 0.1640625 0.52109375 0.16796875 0.5254464291666666 0.171875 0.5399553562499999 0.171875 0.54140625 0.169921875 0.54140625 0.1669921875 0.5356026791666667 0.162109375 0.5356026791666667 0.158203125
9 0.6337673604166666 0.1640625 0.63515625 0.1591796875 0.6379340270833332 0.15625 0.6379340270833332 0.154296875 0.64210069375 0.1484375 0.6462673604166667 0.1455078125 0.65460069375 0.14453125 0.6559895833333333 0.142578125 0.6559895833333333 0.1357421875 0.65460069375 0.1337890625 0.6518229166666667 0.1328125 0.6490451395833333 0.1328125 0.64765625 0.1337890625 0.64210069375 0.1328125 0.64071180625 0.1337890625 0.6365451395833334 0.1337890625 0.6337673604166666 0.1357421875 0.6337673604166666 0.138671875 0.63515625 0.1396484375 0.63515625 0.146484375 0.6337673604166666 0.1474609375 0.6309895833333333 0.1552734375 0.6254340270833333 0.162109375 0.6254340270833333 0.1640625 0.62265625 0.16796875 0.6240451395833334 0.169921875 0.6282118062500001 0.169921875 0.6309895833333333 0.16796875 0.6337673604166666 0.1640625
9 0.8204769729166668 0.203125 0.8317708333333333 0.181640625 0.8289473687500001 0.1787109375 0.8233004395833333 0.1796875 0.8049479166666667 0.208984375 0.80635965 0.21875 0.8247121708333334 0.2177734375 0.8261239041666666 0.208984375 0.8204769729166668 0.203125
9 0.7503829666666667 0.57421875 0.7575061270833333 0.5791015625 0.7689031854166667 0.576171875 0.7731770833333333 0.5498046875 0.77032781875 0.5400390625 0.7660539208333332 0.537109375 0.7603553916666667 0.541015625 0.7575061270833333 0.5595703125 0.7489583333333333 0.5634765625 0.7503829666666667 0.57421875
9 0.7920104166666667 0.623046875 0.790625 0.6298828125 0.80725 0.6171875 0.8211041666666666 0.615234375 0.8252604166666667 0.6044921875 0.80725 0.6044921875 0.7920104166666667 0.623046875
9 0.8674479166666667 0.63671875 0.8674479166666667 0.6435546875 0.8743175291666667 0.6435546875 0.8990481312499999 0.6171875 0.9072916666666667 0.619140625 0.9004220541666667 0.6064453125 0.8674479166666667 0.63671875
9 0.37395833333333334 0.5712890625 0.37395833333333334 0.5771484375 0.37948717916666663 0.5791015625 0.3891626604166667 0.576171875 0.40022035208333334 0.5546875 0.40989583333333335 0.5478515625 0.40436698750000005 0.537109375 0.385016025 0.5390625 0.38225160208333336 0.54296875 0.3836338145833333 0.5546875 0.37395833333333334 0.5712890625
9 0.21378676458333334 0.720703125 0.23151041666666666 0.6953125 0.23151041666666666 0.689453125 0.22469362708333335 0.6845703125 0.21924019583333332 0.6865234375 0.19878982916666665 0.716796875 0.18515625 0.7265625 0.18515625 0.7373046875 0.20969669166666666 0.736328125 0.21378676458333334 0.720703125
9 0.36171875 0.7021484375 0.3548611104166667 0.6982421875 0.32057291666666665 0.7373046875 0.32194444375 0.7470703125 0.3438888895833333 0.7451171875 0.34663194375 0.7265625 0.36171875 0.70703125 0.36171875 0.7021484375
9 0.09995073125000001 0.7841796875 0.11353462916666666 0.7666015625 0.12983530416666667 0.76171875 0.13255208333333332 0.7509765625 0.12032657708333333 0.75390625 0.11760979791666666 0.7509765625 0.10538428958333333 0.7509765625 0.09995073125000001 0.763671875 0.08229166666666667 0.7822265625 0.08365005625 0.7880859375 0.09995073125000001 0.7841796875
3 0.21458333333333332 0.599609375 0.21046875 0.5849609375 0.20223958333333333 0.5771484375 0.18989583333333335 0.5771484375 0.17618055624999998 0.583984375 0.1734375 0.5966796875 0.17892361041666666 0.6025390625 0.21046875 0.603515625 0.21458333333333332 0.599609375
3 0.23915625000000001 0.5986328125 0.21976041666666665 0.59765625 0.20867708333333335 0.607421875 0.20729166666666668 0.619140625 0.22668750000000001 0.6279296875 0.23361458333333335 0.6259765625 0.24192708333333332 0.6064453125 0.23915625000000001 0.5986328125
3 0.22949021458333335 0.6337890625 0.25679450833333334 0.63671875 0.27317708333333335 0.626953125 0.2690814395833333 0.6123046875 0.26362058125 0.6083984375 0.244507575 0.607421875 0.23904671666666666 0.611328125 0.23904671666666666 0.6201171875 0.228125 0.62890625 0.22949021458333335 0.6337890625
11 0.20208333333333334 0.53125 0.20342133541666665 0.54296875 0.24356142291666666 0.578125 0.2542654458333333 0.5703125 0.2796875 0.5322265625 0.27701149375 0.5283203125 0.20208333333333334 0.53125
11 0.36030890833333334 0.640625 0.36432291666666666 0.6328125 0.35361889375 0.6201171875 0.32819683958333334 0.6083984375 0.3174928166666667 0.5947265625 0.3121408041666667 0.59375 0.28805675208333337 0.640625 0.28671875 0.6474609375 0.29207076249999997 0.650390625 0.36030890833333334 0.640625
4 0.09012656875 0.7880859375 0.08880208333333334 0.7939453125 0.10469590000000001 0.8076171875 0.1470794125 0.8203125 0.18284050208333333 0.8212890625 0.21197916666666666 0.8115234375 0.21065468125 0.8056640625 0.189462925 0.806640625 0.17092013958333335 0.7958984375 0.15767529166666666 0.79296875 0.1232386875 0.7919921875 0.10072244583333334 0.7861328125 0.09012656875 0.7880859375
10 0 0.7811822562499999 0.034776347916666665 0.8115234375 0.07192095625 0.82421875 0.10641237708333334 0.8251953125 0.11171875 0.822265625 0.11039215625000001 0.8134765625 0.10243259791666667 0.8046875 0.07059436250000001 0.779296875 0.038756127083333335 0.763671875 0.0029381125 0.75390625 0 0.75390625 0 0.7811822562499999
9 0.112548225 0.29296875 0.12358217499999999 0.2958984375 0.13185763958333332 0.29296875 0.12771990833333333 0.2783203125 0.14427083333333332 0.2509765625 0.14427083333333332 0.2431640625 0.13737461458333333 0.2451171875 0.1180652 0.27734375 0.10841049374999999 0.2822265625 0.10703125 0.2890625 0.112548225 0.29296875
9 0 0.2890194203125 0.0248974125 0.2646484375 0.04401041666666667 0.255859375 0.03991477291666667 0.25 0.022166983333333334 0.248046875 0.0180713375 0.2509765625 0.013975693749999999 0.263671875 0 0.2745777640625 0 0.2890194203125
1 0.06796875 0.2705078125 0.06796875 0.2841796875 0.08317307708333334 0.2939453125 0.09146634583333334 0.2939453125 0.10390625 0.28515625 0.10390625 0.271484375 0.06796875 0.2705078125
7 0.20026041666666666 0.546875 0.19367865208333335 0.52734375 0.13345551458333332 0.491455078125 0.1199629 0.4765625 0.108115725 0.4521484375 0.09758490208333333 0.4443359375 0.08178867083333333 0.4404296875 0.04756349791666667 0.443359375 0.025185502083333332 0.4521484375 0.00938926875 0.466796875 0.008072916666666667 0.478515625 0.013338327083333332 0.4912109375 0.02386915 0.5009765625 0.06467608541666667 0.5234375 0.07915596458333334 0.5458984375 0.08310502291666667 0.5654296875 0.09758490208333333 0.5791015625 0.1199629 0.5859375 0.14497360208333332 0.5859375 0.17393336250000002 0.5771484375 0.1923623 0.5634765625 0.20026041666666666 0.546875
10 0.49102430625 0.5400390625 0.5070659729166667 0.54296875 0.5231076395833333 0.5341796875 0.52578125 0.51953125 0.51241319375 0.498046875 0.4736458333333333 0.48828125 0.4469097229166667 0.501953125 0.44557291666666665 0.5068359375 0.45359374999999996 0.5166015625 0.49102430625 0.5400390625
7 0.3599158645833333 0.701171875 0.38675881458333333 0.693359375 0.4203125 0.689453125 0.4149439104166667 0.6591796875 0.4015224354166667 0.640625 0.35723157083333335 0.6474609375 0.35186298125 0.6689453125 0.354547275 0.689453125 0.35052083333333334 0.6953125 0.3599158645833333 0.701171875
4 0.459375 0.7080078125 0.4460607395833333 0.69921875 0.42076364374999997 0.69140625 0.3754951583333333 0.6982421875 0.3661751770833333 0.7119140625 0.36484375 0.716796875 0.3754951583333333 0.71875 0.4487235916666667 0.720703125 0.459375 0.7080078125
0 0.55149396875 0.625 0.5557291666666667 0.6201171875 0.5543174333333333 0.615234375 0.52890625 0.6181640625 0.5331414479166666 0.6298828125 0.55149396875 0.625
11 0.5598135958333333 0.53515625 0.55316611875 0.537109375 0.5146107458333333 0.595703125 0.51328125 0.60546875 0.52657620625 0.6064453125 0.5837445166666666 0.6064453125 0.6143229166666667 0.6025390625 0.5598135958333333 0.53515625
7 0.48099941041666666 0.5517578125 0.4595371458333333 0.5537109375 0.42734375 0.548828125 0.4367334895833333 0.6064453125 0.48234080208333335 0.6083984375 0.4984375 0.591796875 0.49038915000000005 0.556640625 0.48099941041666666 0.5517578125
4 0.4556966145833333 0.8564453125 0.4837239583333333 0.8515625 0.49973958333333335 0.8359375 0.4957356770833333 0.830078125 0.4583658854166667 0.8310546875 0.43167317708333336 0.8251953125 0.4156575520833333 0.830078125 0.41432291666666665 0.83984375 0.42099609375 0.845703125 0.4556966145833333 0.8564453125
11 0.43125 0.8544921875 0.4405699833333333 0.8720703125 0.46586707708333336 0.8984375 0.49782130208333336 0.8935546875 0.52578125 0.8466796875 0.52578125 0.841796875 0.51779269375 0.841796875 0.49782130208333336 0.8447265625 0.46719850416666664 0.8583984375 0.43125 0.8544921875
3 0.2103023375 0.9150390625 0.19947916666666668 0.91796875 0.19947916666666668 0.923828125 0.2197726125 0.92578125 0.23059578333333333 0.9365234375 0.24412474583333335 0.935546875 0.25359502083333335 0.9267578125 0.25494791666666666 0.9130859375 0.24277185 0.9111328125 0.23194867916666664 0.8994140625 0.21706681874999997 0.900390625 0.2103023375 0.9150390625
2 0.22560763958333335 0.794921875 0.22421875 0.8017578125 0.22977430625 0.8046875 0.24782986041666666 0.8037109375 0.25755208333333335 0.796875 0.25477430625 0.79296875 0.22560763958333335 0.794921875
2 0.18666666666666665 0.7705078125 0.18385416666666668 0.77734375 0.18807291666666667 0.7802734375 0.19791666666666666 0.78125 0.21197916666666666 0.7763671875 0.20635416666666667 0.76953125 0.18666666666666665 0.7705078125
8 0.8018229166666667 0.7822265625 0.7894993270833334 0.7705078125 0.7812836020833333 0.7705078125 0.7689600124999999 0.7783203125 0.759375 0.791015625 0.7607442875 0.798828125 0.7867607520833333 0.80078125 0.7977150541666667 0.796875 0.8018229166666667 0.7822265625
8 0.8616536458333334 0.728515625 0.8630208333333333 0.71875 0.8507161458333333 0.70703125 0.8302083333333333 0.7080078125 0.8206380208333334 0.7158203125 0.8192708333333333 0.7255859375 0.8411458333333334 0.734375 0.8507161458333333 0.734375 0.8616536458333334 0.728515625
3 0.8361979166666667 0.697265625 0.8376041666666667 0.7060546875 0.8544791666666666 0.705078125 0.8643229166666667 0.697265625 0.8615104166666666 0.685546875 0.8544791666666666 0.6845703125 0.8361979166666667 0.697265625
3 0.9463541666666667 0.5986328125 0.9463541666666667 0.5908203125 0.9354613104166667 0.5869140625 0.9068675604166666 0.59375 0.8986979166666667 0.6005859375 0.90142113125 0.619140625 0.9068675604166666 0.62109375 0.93954613125 0.60546875 0.9463541666666667 0.5986328125
3 0.7720703125 0.525390625 0.770703125 0.5400390625 0.7748046875 0.5458984375 0.78984375 0.5439453125 0.7953125 0.5380859375 0.7953125 0.5263671875 0.787109375 0.51171875 0.7734375 0.505859375 0.7515625 0.51171875 0.75703125 0.5205078125 0.7720703125 0.525390625
3 0.7394037354166667 0.5458984375 0.7503951145833334 0.548828125 0.75863865 0.5439453125 0.7627604166666667 0.5302734375 0.7394037354166667 0.505859375 0.7297862791666667 0.50390625 0.7242905895833334 0.5068359375 0.7229166666666667 0.5146484375 0.7394037354166667 0.5302734375 0.7394037354166667 0.5458984375
0 0.6981770833333333 0.5029296875 0.6981770833333333 0.513671875 0.7126860125000001 0.5166015625 0.7184895833333333 0.5029296875 0.6981770833333333 0.5029296875
3 0.6678189145833334 0.17061621093749998 0.6488783666666667 0.16768652343749998 0.6204675437499999 0.16963964843749998 0.6164088541666667 0.17842871093749998 0.627232025 0.18917089843749998 0.65699574375 0.19014746093749998 0.6718776041666668 0.17745214843749998 0.6678189145833334 0.17061621093749998
3 0.85171875 0.17330078124999998 0.8495833333333334 0.17330078124999998 0.8495833333333334 0.17357421875 0.85171875 0.17357421875 0.85171875 0.17330078124999998
3 0.8521412041666667 0.1591796875 0.8342110333333334 0.1591796875 0.8245563270833334 0.16796875 0.8231770833333333 0.1787109375 0.8466242291666667 0.181640625 0.8590374229166666 0.1787109375 0.8604166666666667 0.1650390625 0.8521412041666667 0.1591796875
0 0.7268229166666667 0.2119140625 0.7268229166666667 0.21875 0.7352604166666666 0.224609375 0.7479166666666667 0.224609375 0.7549479166666667 0.21875 0.7521354166666666 0.2119140625 0.7268229166666667 0.2119140625
0 0.5518229166666667 0.126953125 0.54775219375 0.1162109375 0.501617325 0.1123046875 0.5002604166666667 0.1240234375 0.5111156791666667 0.138671875 0.5341831145833333 0.1416015625 0.5463952854166667 0.13671875 0.5518229166666667 0.126953125
10 0.11515239166666666 0.2412109375 0.146875 0.2412109375 0.130324075 0.2236328125 0.11101466041666666 0.23046875 0.10963541666666667 0.23828125 0.11515239166666666 0.2412109375
4 0.45075035208333336 0.7978515625 0.46412429375 0.7939453125 0.48151041666666666 0.7802734375 0.47081126458333333 0.771484375 0.43871380625 0.76171875 0.41731550208333335 0.76171875 0.4039415604166667 0.7685546875 0.40260416666666665 0.7802734375 0.4280146541666667 0.78515625 0.45075035208333336 0.7978515625
2 0.7145833333333333 0.30078125 0.6994116520833333 0.2919921875 0.6801022375 0.2919921875 0.67734375 0.296875 0.6883777 0.30859375 0.7063078708333334 0.3115234375 0.7145833333333333 0.3095703125 0.7145833333333333 0.30078125