11 0.7239583329081634 0.7529296875 0.7369791670918366 0.76171875 0.78125 0.64453125 0.78125 0.6123046875 0.60546875 0.607421875 0.6028645829081632 0.6123046875 0.61328125 0.6259765625 0.7239583329081634 0.7529296875
6 0.8619791670918366 0.4765625 0.84375 0.46875 0.7747395829081634 0.4716796875 0.7682291670918366 0.4765625 0.7682291670918366 0.486328125 0.7786458329081634 0.50390625 0.7903645829081634 0.513671875 0.8046875 0.546875 0.8203125 0.548828125 0.8776041670918366 0.5361328125 0.8815104170918366 0.525390625 0.87890625 0.5009765625 0.8619791670918366 0.4765625
6 0.70703125 0.3974609375 0.6953125 0.40625 0.6953125 0.41796875 0.71875 0.455078125 0.7369791670918366 0.466796875 0.7734375 0.470703125 0.8372395829081634 0.4658203125 0.8450520829081634 0.4599609375 0.8111979170918366 0.4150390625 0.78515625 0.392578125 0.734375 0.3896484375 0.70703125 0.3974609375
4 0.39973958290816325 0.220703125 0.3515625 0.2158203125 0.32942708290816325 0.2060546875 0.3098958329081633 0.205078125 0.29296875 0.2099609375 0.2799479170918367 0.2265625 0.28125 0.240234375 0.2955729170918367 0.2548828125 0.33333333290816325 0.2578125 0.38411458290816325 0.2763671875 0.39973958290816325 0.2763671875 0.41276041709183675 0.271484375 0.42447916709183675 0.255859375 0.42578125 0.2412109375 0.4140625 0.2265625 0.39973958290816325 0.220703125
8 0.38671875 0.185546875 0.37630208290816325 0.193359375 0.37890625 0.2119140625 0.38671875 0.2177734375 0.4140625 0.2255859375 0.4296875 0.2412109375 0.44921875 0.2431640625 0.46354166709183675 0.2373046875 0.46223958290816325 0.2099609375 0.44921875 0.1904296875 0.40364583290816325 0.1826171875 0.38671875 0.185546875
2 0.515625 0.2890625 0.5130208329081632 0.29296875 0.5208333329081632 0.30078125 0.5338541670918368 0.30078125 0.5325520829081632 0.2900390625 0.515625 0.2890625
1 0.5716145829081632 0.3544921875 0.5859375 0.33984375 0.5833333329081632 0.333984375 0.5690104170918368 0.3330078125 0.5559895829081632 0.3369140625 0.5559895829081632 0.345703125 0.56640625 0.3544921875 0.5716145829081632 0.3544921875
1 0.7278645829081634 0.36328125 0.7161458329081634 0.359375 0.7005208329081634 0.361328125 0.6953125 0.3720703125 0.7083333329081634 0.3837890625 0.7135416670918366 0.3837890625 0.7278645829081634 0.36328125
1 0.7395833329081634 0.2607421875 0.7395833329081634 0.2685546875 0.75390625 0.2783203125 0.7682291670918366 0.265625 0.7643229170918366 0.2568359375 0.7395833329081634 0.2607421875
1 0.5130208329081632 0.1572265625 0.49869791709183675 0.1552734375 0.48828125 0.1591796875 0.48828125 0.169921875 0.50390625 0.177734375 0.51171875 0.169921875 0.5130208329081632 0.1572265625
2 0.41666666709183675 0.3701171875 0.41536458290816325 0.3759765625 0.42057291709183675 0.380859375 0.4375 0.3798828125 0.43489583290816325 0.3701171875 0.41666666709183675 0.3701171875
9 0.5403645829081632 0.283203125 0.54296875 0.2802734375 0.5442708329081632 0.2763671875 0.5481770829081632 0.2734375 0.5533854170918368 0.2734375 0.5559895829081632 0.271484375 0.5559895829081632 0.265625 0.5533854170918368 0.263671875 0.5481770829081632 0.263671875 0.54296875 0.26171875 0.5390625 0.26171875 0.5377604170918368 0.263671875 0.5377604170918368 0.275390625 0.53515625 0.2783203125 0.5338541670918368 0.283203125 0.53125 0.2861328125 0.53125 0.2900390625 0.5325520829081632 0.2919921875 0.53515625 0.2919921875 0.5364583329081632 0.291015625 0.5403645829081632 0.28515625 0.5403645829081632 0.283203125
9 0.5403645829081632 0.1669921875 0.53515625 0.162109375 0.53515625 0.158203125 0.5364583329081632 0.1572265625 0.5364583329081632 0.154296875 0.5377604170918368 0.1533203125 0.5377604170918368 0.1513671875 0.5390625 0.150390625 0.5390625 0.146484375 0.5403645829081632 0.1455078125 0.5403645829081632 0.140625 0.5390625 0.1396484375 0.5364583329081632 0.140625 0.5338541670918368 0.1435546875 0.5338541670918368 0.1474609375 0.53125 0.1513671875 0.5299479170918368 0.1591796875 0.5260416670918368 0.1630859375 0.5221354170918368 0.1640625 0.5221354170918368 0.16796875 0.5260416670918368 0.171875 0.5390625 0.171875 0.5403645829081632 0.169921875 0.5403645829081632 0.1669921875
9 0.62890625 0.169921875 0.6315104170918368 0.16796875 0.6341145829081632 0.1640625 0.6354166670918368 0.1591796875 0.6380208329081632 0.15625 0.6380208329081632 0.154296875 0.6419270829081632 0.1484375 0.6458333329081632 0.1455078125 0.6536458329081634 0.14453125 0.6549479170918366 0.142578125 0.6549479170918366 0.1357421875 0.6536458329081634 0.1337890625 0.6510416670918368 0.1328125 0.6484375 0.1328125 0.6471354170918368 0.1337890625 0.6419270829081632 0.1328125 0.640625 0.1337890625 0.63671875 0.1337890625 0.6341145829081632 0.1357421875 0.6341145829081632 0.138671875 0.6354166670918368 0.1396484375 0.6354166670918368 0.146484375 0.6341145829081632 0.1474609375 0.6315104170918368 0.1552734375 0.6263020829081632 0.162109375 0.6263020829081632 0.1640625 0.6236979170918368 0.16796875 0.625 0.169921875 0.62890625 0.169921875
9 0.82421875 0.2177734375 0.8255208329081634 0.208984375 0.8203125 0.203125 0.8307291670918366 0.181640625 0.828125 0.1787109375 0.8229166670918366 0.1796875 0.8059895829081634 0.208984375 0.8072916670918366 0.21875 0.82421875 0.2177734375
9 0.7578125 0.5595703125 0.75 0.5634765625 0.7513020829081634 0.57421875 0.7578125 0.5791015625 0.7682291670918366 0.576171875 0.7721354170918366 0.5498046875 0.76953125 0.5400390625 0.765625 0.537109375 0.7604166670918366 0.541015625 0.7578125 0.5595703125
9 0.82421875 0.6044921875 0.8072916670918366 0.6044921875 0.79296875 0.623046875 0.7916666670918366 0.6298828125 0.8072916670918366 0.6171875 0.8203125 0.615234375 0.82421875 0.6044921875
9 0.90625 0.619140625 0.8997395829081634 0.6064453125 0.8684895829081634 0.63671875 0.8684895829081634 0.6435546875 0.875 0.6435546875 0.8984375 0.6171875 0.90625 0.619140625
9 0.3828125 0.54296875 0.38411458290816325 0.5546875 0.375 0.5712890625 0.375 0.5771484375 0.38020833290816325 0.5791015625 0.38932291709183675 0.576171875 0.39973958290816325 0.5546875 0.40885416709183675 0.5478515625 0.40364583290816325 0.537109375 0.38541666709183675 0.5390625 0.3828125 0.54296875
9 0.18619791709183672 0.7373046875 0.20963541709183672 0.736328125 0.21354166709183672 0.720703125 0.23046875 0.6953125 0.23046875 0.689453125 0.22395833290816328 0.6845703125 0.21875 0.6865234375 0.19921875 0.716796875 0.18619791709183672 0.7265625 0.18619791709183672 0.7373046875
9 0.34635416709183675 0.7265625 0.36067708290816325 0.70703125 0.36067708290816325 0.7021484375 0.35416666709183675 0.6982421875 0.3216145829081633 0.7373046875 0.3229166670918367 0.7470703125 0.34375 0.7451171875 0.34635416709183675 0.7265625
9 0.08333333290816326 0.7822265625 0.08463541709183674 0.7880859375 0.10026041709183674 0.7841796875 0.11328125 0.7666015625 0.12890625 0.76171875 0.13151041709183675 0.7509765625 0.11979166709183674 0.75390625 0.1171875 0.7509765625 0.10546875 0.7509765625 0.10026041709183674 0.763671875 0.08333333290816326 0.7822265625
3 0.1796875 0.6025390625 0.20963541709183672 0.603515625 0.21354166709183672 0.599609375 0.20963541709183672 0.5849609375 0.20182291709183672 0.5771484375 0.19010416709183672 0.5771484375 0.17708333290816328 0.583984375 0.17447916709183672 0.5966796875 0.1796875 0.6025390625
3 0.23307291709183672 0.6259765625 0.24088541709183672 0.6064453125 0.23828125 0.5986328125 0.22005208290816328 0.59765625 0.20963541709183672 0.607421875 0.20833333290816328 0.619140625 0.2265625 0.6279296875 0.23307291709183672 0.6259765625
3 0.23958333290816328 0.6201171875 0.22916666709183672 0.62890625 0.23046875 0.6337890625 0.2565104170918367 0.63671875 0.2721354170918367 0.626953125 0.2682291670918367 0.6123046875 0.2630208329081633 0.6083984375 0.24479166709183672 0.607421875 0.23958333290816328 0.611328125 0.23958333290816328 0.6201171875
11 0.2786458329081633 0.5322265625 0.2760416670918367 0.5283203125 0.203125 0.53125 0.20442708290816328 0.54296875 0.24348958290816328 0.578125 0.25390625 0.5703125 0.2786458329081633 0.5322265625
11 0.2877604170918367 0.6474609375 0.29296875 0.650390625 0.359375 0.640625 0.36328125 0.6328125 0.35286458290816325 0.6201171875 0.328125 0.6083984375 0.3177083329081633 0.5947265625 0.3125 0.59375 0.2890625 0.640625 0.2877604170918367 0.6474609375
4 0.12369791709183674 0.7919921875 0.1015625 0.7861328125 0.09114583290816326 0.7880859375 0.08984375 0.7939453125 0.10546875 0.8076171875 0.14713541709183675 0.8203125 0.18229166709183672 0.8212890625 0.2109375 0.8115234375 0.20963541709183672 0.8056640625 0.18880208290816328 0.806640625 0.17057291709183672 0.7958984375 0.15755208290816325 0.79296875 0.12369791709183674 0.7919921875
10 0 0.7802734375 0.03515625 0.8115234375 0.07161458290816326 0.82421875 0.10546875 0.8251953125 0.11067708290816326 0.822265625 0.109375 0.8134765625 0.1015625 0.8046875 0.0703125 0.779296875 0.0390625 0.763671875 0.00390625 0.75390625 0 0.75390625 0 0.7802734375
9 0.109375 0.2822265625 0.10807291709183674 0.2890625 0.11328125 0.29296875 0.12369791709183674 0.2958984375 0.13151041709183675 0.29296875 0.12760416709183675 0.2783203125 0.14322916709183675 0.2509765625 0.14322916709183675 0.2431640625 0.13671875 0.2451171875 0.11848958290816326 0.27734375 0.109375 0.2822265625
9 0 0.2900390625 0.024739582908163266 0.2646484375 0.04296875 0.255859375 0.0390625 0.25 0.022135417091836734 0.248046875 0.018229167091836734 0.2509765625 0.014322917091836735 0.263671875 0 0.275390625 0 0.2900390625
1 0.10286458290816326 0.28515625 0.10286458290816326 0.271484375 0.06901041709183674 0.2705078125 0.06901041709183674 0.2841796875 0.08333333290816326 0.2939453125 0.09114583290816326 0.2939453125 0.10286458290816326 0.28515625
7 0.17317708290816328 0.5771484375 0.19140625 0.5634765625 0.19921875 0.546875 0.19270833290816328 0.52734375 0.13313802040816325 0.491455078125 0.11979166709183674 0.4765625 0.10807291709183674 0.4521484375 0.09765625 0.4443359375 0.08203125 0.4404296875 0.04817708290816327 0.443359375 0.026041667091836734 0.4521484375 0.010416667091836735 0.466796875 0.009114582908163265 0.478515625 0.014322917091836735 0.4912109375 0.024739582908163266 0.5009765625 0.06510416709183674 0.5234375 0.07942708290816326 0.5458984375 0.08333333290816326 0.5654296875 0.09765625 0.5791015625 0.11979166709183674 0.5859375 0.14453125 0.5859375 0.17317708290816328 0.5771484375
10 0.44661458290816325 0.5068359375 0.45442708290816325 0.5166015625 0.49088541709183675 0.5400390625 0.5065104170918368 0.54296875 0.5221354170918368 0.5341796875 0.5247395829081632 0.51953125 0.51171875 0.498046875 0.47395833290816325 0.48828125 0.44791666709183675 0.501953125 0.44661458290816325 0.5068359375
7 0.35546875 0.689453125 0.3515625 0.6953125 0.36067708290816325 0.701171875 0.38671875 0.693359375 0.41927083290816325 0.689453125 0.4140625 0.6591796875 0.40104166709183675 0.640625 0.35807291709183675 0.6474609375 0.35286458290816325 0.6689453125 0.35546875 0.689453125
4 0.37630208290816325 0.71875 0.44791666709183675 0.720703125 0.45833333290816325 0.7080078125 0.4453125 0.69921875 0.42057291709183675 0.69140625 0.37630208290816325 0.6982421875 0.3671875 0.7119140625 0.36588541709183675 0.716796875 0.37630208290816325 0.71875
0 0.5299479170918368 0.6181640625 0.5338541670918368 0.6298828125 0.55078125 0.625 0.5546875 0.6201171875 0.5533854170918368 0.615234375 0.5299479170918368 0.6181640625
11 0.5833333329081632 0.6064453125 0.61328125 0.6025390625 0.5598958329081632 0.53515625 0.5533854170918368 0.537109375 0.515625 0.595703125 0.5143229170918368 0.60546875 0.52734375 0.6064453125 0.5833333329081632 0.6064453125
7 0.49739583290816325 0.591796875 0.48958333290816325 0.556640625 0.48046875 0.5517578125 0.45963541709183675 0.5537109375 0.42838541709183675 0.548828125 0.4375 0.6064453125 0.48177083290816325 0.6083984375 0.49739583290816325 0.591796875
4 0.41536458290816325 0.83984375 0.421875 0.845703125 0.45572916709183675 0.8564453125 0.48307291709183675 0.8515625 0.49869791709183675 0.8359375 0.49479166709183675 0.830078125 0.45833333290816325 0.8310546875 0.43229166709183675 0.8251953125 0.41666666709183675 0.830078125 0.41536458290816325 0.83984375
11 0.49739583290816325 0.8447265625 0.46744791709183675 0.8583984375 0.43229166709183675 0.8544921875 0.44140625 0.8720703125 0.46614583290816325 0.8984375 0.49739583290816325 0.8935546875 0.5247395829081632 0.8466796875 0.5247395829081632 0.841796875 0.5169270829081632 0.841796875 0.49739583290816325 0.8447265625
3 0.23177083290816328 0.8994140625 0.21744791709183672 0.900390625 0.2109375 0.9150390625 0.20052083290816328 0.91796875 0.20052083290816328 0.923828125 0.22005208290816328 0.92578125 0.23046875 0.9365234375 0.24348958290816328 0.935546875 0.2526041670918367 0.9267578125 0.25390625 0.9130859375 0.2421875 0.9111328125 0.23177083290816328 0.8994140625
2 0.2565104170918367 0.796875 0.25390625 0.79296875 0.2265625 0.794921875 0.22526041709183672 0.8017578125 0.23046875 0.8046875 0.24739583290816328 0.8037109375 0.2565104170918367 0.796875
2 0.2109375 0.7763671875 0.20572916709183672 0.76953125 0.1875 0.7705078125 0.18489583290816328 0.77734375 0.18880208290816328 0.7802734375 0.19791666709183672 0.78125 0.2109375 0.7763671875
8 0.7864583329081634 0.80078125 0.796875 0.796875 0.80078125 0.7822265625 0.7890625 0.7705078125 0.78125 0.7705078125 0.76953125 0.7783203125 0.7604166670918366 0.791015625 0.76171875 0.798828125 0.7864583329081634 0.80078125
8 0.8411458329081634 0.734375 0.8502604170918366 0.734375 0.8606770829081634 0.728515625 0.8619791670918366 0.71875 0.8502604170918366 0.70703125 0.8307291670918366 0.7080078125 0.8216145829081634 0.7158203125 0.8203125 0.7255859375 0.8411458329081634 0.734375
3 0.8606770829081634 0.685546875 0.8541666670918366 0.6845703125 0.8372395829081634 0.697265625 0.8385416670918366 0.7060546875 0.8541666670918366 0.705078125 0.86328125 0.697265625 0.8606770829081634 0.685546875
3 0.9075520829081634 0.62109375 0.9388020829081634 0.60546875 0.9453125 0.5986328125 0.9453125 0.5908203125 0.9348958329081634 0.5869140625 0.9075520829081634 0.59375 0.8997395829081634 0.6005859375 0.90234375 0.619140625 0.9075520829081634 0.62109375
3 0.7526041670918366 0.51171875 0.7578125 0.5205078125 0.7721354170918366 0.525390625 0.7708333329081634 0.5400390625 0.7747395829081634 0.5458984375 0.7890625 0.5439453125 0.7942708329081634 0.5380859375 0.7942708329081634 0.5263671875 0.7864583329081634 0.51171875 0.7734375 0.505859375 0.7526041670918366 0.51171875
3 0.7239583329081634 0.5146484375 0.7395833329081634 0.5302734375 0.7395833329081634 0.5458984375 0.75 0.548828125 0.7578125 0.5439453125 0.76171875 0.5302734375 0.7395833329081634 0.505859375 0.73046875 0.50390625 0.7252604170918366 0.5068359375 0.7239583329081634 0.5146484375
0 0.7122395829081634 0.5166015625 0.7174479170918366 0.5029296875 0.69921875 0.5029296875 0.69921875 0.513671875 0.7122395829081634 0.5166015625
3 0.6565130204081632 0.1901474609375 0.6708359375 0.1774521484375 0.6669296875 0.1706162109375 0.6487005204081633 0.1676865234375 0.6213567704081633 0.1696396484375 0.6174505204081633 0.1784287109375 0.6278671875 0.1891708984375 0.6565130204081632 0.1901474609375
3 0.850625 0.17357421875 0.8506770829081632 0.17357421875 0.8506770829081632 0.17330078125 0.850625 0.17330078125 0.850625 0.17357421875
3 0.8580729170918366 0.1787109375 0.859375 0.1650390625 0.8515625 0.1591796875 0.8346354170918366 0.1591796875 0.8255208329081634 0.16796875 0.82421875 0.1787109375 0.8463541670918366 0.181640625 0.8580729170918366 0.1787109375
0 0.75390625 0.21875 0.7513020829081634 0.2119140625 0.7278645829081634 0.2119140625 0.7278645829081634 0.21875 0.7356770829081634 0.224609375 0.7473958329081634 0.224609375 0.75390625 0.21875
0 0.5338541670918368 0.1416015625 0.5455729170918368 0.13671875 0.55078125 0.126953125 0.546875 0.1162109375 0.5026041670918368 0.1123046875 0.5013020829081632 0.1240234375 0.51171875 0.138671875 0.5338541670918368 0.1416015625
10 0.11197916709183674 0.23046875 0.11067708290816326 0.23828125 0.11588541709183674 0.2412109375 0.14583333290816325 0.2412109375 0.13020833290816325 0.2236328125 0.11197916709183674 0.23046875
4 0.40364583290816325 0.7802734375 0.42838541709183675 0.78515625 0.45052083290816325 0.7978515625 0.46354166709183675 0.7939453125 0.48046875 0.7802734375 0.47005208290816325 0.771484375 0.43880208290816325 0.76171875 0.41796875 0.76171875 0.40494791709183675 0.7685546875 0.40364583290816325 0.7802734375
2 0.7057291670918366 0.3115234375 0.7135416670918366 0.3095703125 0.7135416670918366 0.30078125 0.69921875 0.2919921875 0.6809895829081634 0.2919921875 0.6783854170918366 0.296875 0.6888020829081634 0.30859375 0.7057291670918366 0.3115234375