1 0.21548913125 0.584375 0.22375452916666666 0.584375 0.23697916666666666 0.571875 0.23697916666666666 0.5578125 0.2353260875 0.55625 0.23367300625 0.55625 0.23201992708333333 0.5546875 0.20391757291666668 0.5546875 0.20226449375 0.55625 0.19895833333333332 0.55625 0.19895833333333332 0.571875 0.20061141249999997 0.5734375 0.20226449375 0.5734375 0.20557065208333333 0.5765625 0.20557065208333333 0.578125 0.20722373125000002 0.5796875 0.20887681249999998 0.5796875 0.21052989166666666 0.58125 0.21218297083333332 0.58125 0.21548913125 0.584375
1 0.09895833333333333 0.4453125 0.09895833333333333 0.459375 0.11383605 0.4734375 0.12540760833333334 0.4734375 0.12706068750000002 0.471875 0.12871376875 0.471875 0.13697916666666668 0.4640625 0.13697916666666668 0.4515625 0.13532608750000003 0.45 0.13367300625 0.45 0.13036684791666667 0.446875 0.13036684791666667 0.4453125 0.09895833333333333 0.4453125
1 0.13992300625 0.6421875 0.1415760875 0.6421875 0.14322916666666666 0.640625 0.14322916666666666 0.6265625 0.1415760875 0.625 0.13992300625 0.625 0.13661684791666667 0.621875 0.10520833333333333 0.621875 0.10520833333333333 0.6390625 0.11182065208333333 0.6453125 0.11182065208333333 0.646875 0.11347373125 0.6484375 0.12339221041666668 0.6484375 0.12504528958333333 0.65 0.13000452916666666 0.65 0.13165760833333334 0.6484375 0.13496376875 0.6484375 0.13661684791666667 0.646875 0.13661684791666667 0.6453125 0.13992300625 0.6421875
4 0.4241003791666667 0.1265625 0.4241003791666667 0.128125 0.42571022708333334 0.1296875 0.427320075 0.1296875 0.4305397729166666 0.1328125 0.4305397729166666 0.134375 0.4321496208333333 0.1359375 0.47239583333333335 0.1359375 0.47400568125000003 0.134375 0.47400568125000003 0.1328125 0.4772253791666667 0.1296875 0.47883522708333337 0.1296875 0.48044507500000005 0.128125 0.48044507500000005 0.1265625 0.48366477291666665 0.1234375 0.48527462083333334 0.1234375 0.48688446874999997 0.121875 0.48688446874999997 0.1203125 0.4901041666666667 0.1171875 0.4901041666666667 0.1015625 0.48849431875 0.1 0.48849431875 0.0984375 0.48688446874999997 0.096875 0.48688446874999997 0.0953125 0.48527462083333334 0.09375 0.48366477291666665 0.09375 0.48044507500000005 0.090625 0.48044507500000005 0.0890625 0.47883522708333337 0.0875 0.47239583333333335 0.0875 0.46917613541666664 0.084375 0.44341856041666666 0.084375 0.44180871250000003 0.0859375 0.44019886458333335 0.0859375 0.4385890145833333 0.0875 0.4321496208333333 0.0875 0.4305397729166666 0.0890625 0.4305397729166666 0.090625 0.427320075 0.09375 0.42571022708333334 0.09375 0.4192708333333333 0.1 0.4192708333333333 0.1234375 0.42088068125 0.1234375 0.4241003791666667 0.1265625
1 0.2803323416666667 0.259375 0.2803323416666667 0.2578125 0.28365575416666666 0.2546875 0.28531746041666667 0.2546875 0.2869791666666667 0.253125 0.2869791666666667 0.2375 0.28531746041666667 0.2359375 0.28531746041666667 0.234375 0.28365575416666666 0.2328125 0.2520833333333333 0.2328125 0.2520833333333333 0.246875 0.25374503958333333 0.2484375 0.25374503958333333 0.25 0.25540674583333334 0.2515625 0.25540674583333334 0.253125 0.25706845208333334 0.2546875 0.25873015833333335 0.2546875 0.2620535708333333 0.2578125 0.2620535708333333 0.259375 0.2637152770833333 0.2609375 0.2786706354166667 0.2609375 0.2803323416666667 0.259375
1 0.0067708333333333336 0.271875 0.0067708333333333336 0.290625 0.011755952083333333 0.2953125 0.011755952083333333 0.296875 0.013417658333333334 0.2984375 0.03501984166666667 0.2984375 0.03668154791666667 0.296875 0.03668154791666667 0.2953125 0.040004960416666666 0.2921875 0.041666666666666664 0.2921875 0.041666666666666664 0.2765625 0.03668154791666667 0.271875 0.0067708333333333336 0.271875
1 0.5614583333333333 0.571875 0.5680706520833334 0.578125 0.5680706520833334 0.58125 0.57798913125 0.590625 0.5928668479166667 0.590625 0.5928668479166667 0.5859375 0.5945199270833333 0.584375 0.5945199270833333 0.5828125 0.5994791666666667 0.578125 0.5994791666666667 0.559375 0.5614583333333333 0.559375 0.5614583333333333 0.571875
1 0.43219696874999997 0.1671875 0.43219696874999997 0.1625 0.43385416666666665 0.1609375 0.43385416666666665 0.159375 0.43219696874999997 0.1578125 0.43219696874999997 0.15625 0.4305397729166666 0.1546875 0.4305397729166666 0.1515625 0.39739583333333334 0.1515625 0.39739583333333334 0.16875 0.39905303125 0.1703125 0.39905303125 0.171875 0.40071022708333337 0.1734375 0.40236742499999995 0.1734375 0.40568181875 0.1765625 0.40568181875 0.178125 0.4073390145833333 0.1796875 0.4222537875 0.1796875 0.4305397729166666 0.171875 0.4305397729166666 0.16875 0.43219696874999997 0.1671875
1 0.92421875 0.390625 0.92421875 0.384375 0.9291666666666667 0.3796875 0.9291666666666667 0.36875 0.8895833333333333 0.36875 0.8895833333333333 0.38125 0.89288194375 0.384375 0.89288194375 0.3890625 0.8994791666666667 0.3953125 0.8994791666666667 0.396875 0.9011284729166668 0.3984375 0.9159722229166667 0.3984375 0.9176215270833333 0.396875 0.9176215270833333 0.3953125 0.9209201395833334 0.3921875 0.9225694437499999 0.3921875 0.92421875 0.390625
1 0.9802951395833334 0.240625 0.9802951395833334 0.2390625 0.98359375 0.2359375 0.9852430562500001 0.2359375 0.9868923604166666 0.234375 0.9868923604166666 0.2234375 0.9885416666666667 0.221875 0.9885416666666667 0.21875 0.9868923604166666 0.2171875 0.9868923604166666 0.2140625 0.9506076395833334 0.2140625 0.9489583333333333 0.215625 0.9489583333333333 0.2296875 0.95390625 0.234375 0.95390625 0.2359375 0.95555555625 0.2375 0.95555555625 0.240625 0.9572048604166666 0.2421875 0.9588541666666667 0.2421875 0.9621527770833332 0.2453125 0.9621527770833332 0.246875 0.9736979166666667 0.246875 0.9802951395833334 0.240625
1 0.5428668479166666 0.45625 0.5478260875000001 0.4515625 0.5478260875000001 0.45 0.5494791666666666 0.4484375 0.5494791666666666 0.434375 0.5114583333333333 0.434375 0.5114583333333333 0.45 0.5131114125 0.4515625 0.5131114125 0.453125 0.5180706520833334 0.4578125 0.5180706520833334 0.459375 0.5197237312499999 0.4609375 0.5213768125 0.4609375 0.5246829708333334 0.4640625 0.5246829708333334 0.465625 0.5362545291666667 0.465625 0.5428668479166666 0.459375 0.5428668479166666 0.45625
1 0.7303503791666667 0.328125 0.7303503791666667 0.325 0.73532196875 0.3203125 0.73532196875 0.31875 0.7369791666666666 0.3171875 0.7369791666666666 0.296875 0.705492425 0.296875 0.70217803125 0.3 0.7005208333333334 0.3 0.7005208333333334 0.315625 0.705492425 0.3203125 0.705492425 0.321875 0.7071496208333333 0.3234375 0.7088068187500001 0.3234375 0.7121212124999999 0.3265625 0.7121212124999999 0.328125 0.7137784083333333 0.3296875 0.7286931812499999 0.3296875 0.7303503791666667 0.328125
8 0.5651041666666666 0.996875 0.5619130291666666 0.99375 0.5603174604166666 0.99375 0.5539351854166666 0.9875 0.5523396166666666 0.9875 0.5491484791666666 0.984375 0.5491484791666666 0.9828125 0.5475529104166666 0.98125 0.5395750666666667 0.98125 0.5347883604166667 0.9765625 0.4901124333333333 0.9765625 0.4869212958333333 0.9796875 0.4853257270833333 0.9796875 0.4837301583333333 0.98125 0.47734788333333333 0.98125 0.47096560833333334 0.9875 0.46937003958333334 0.9875 0.46617890208333335 0.990625 0.46617890208333335 0.9921875 0.46458333333333335 0.99375 0.46458333333333335 0.9984375 0.5651041666666666 0.9984375 0.5651041666666666 0.996875
8 0.9542708333333334 0.4671875 0.9558854166666666 0.46875 0.9575 0.46875 0.9591145833333333 0.4703125 0.9688020833333333 0.4703125 0.9704166666666667 0.46875 0.9736458333333334 0.46875 0.9752604166666666 0.4671875 0.9784895833333334 0.4671875 0.9849479166666666 0.4609375 0.9897916666666667 0.4609375 0.99625 0.4546875 0.9994791666666667 0.4546875 0.9994791666666667 0.425 0.9978645833333334 0.425 0.99140625 0.41875 0.9865625 0.41875 0.9849479166666666 0.4171875 0.95265625 0.4171875 0.9510416666666667 0.41875 0.9445833333333333 0.41875 0.94296875 0.4203125 0.94296875 0.421875 0.9397395833333333 0.425 0.938125 0.425 0.9348958333333334 0.428125 0.9348958333333334 0.45 0.9365104166666666 0.4515625 0.9365104166666666 0.453125 0.9510416666666667 0.4671875 0.9542708333333334 0.4671875
3 0.36178977291666664 0.746875 0.36178977291666664 0.7453125 0.36504103541666666 0.7421875 0.36666666666666664 0.7421875 0.36666666666666664 0.7328125 0.36504103541666666 0.7328125 0.3634154041666667 0.73125 0.3634154041666667 0.7296875 0.36178977291666664 0.728125 0.36178977291666664 0.7265625 0.36016414166666666 0.725 0.3585385104166667 0.725 0.35528724791666666 0.721875 0.35528724791666666 0.7203125 0.3536616166666667 0.71875 0.35203598541666664 0.71875 0.3487847229166666 0.715625 0.3487847229166666 0.7140625 0.34715909166666664 0.7125 0.3455334604166667 0.7125 0.3422821979166667 0.709375 0.3422821979166667 0.7078125 0.34065656666666666 0.70625 0.33903093333333334 0.70625 0.3357796708333333 0.703125 0.3357796708333333 0.7 0.33252840833333336 0.696875 0.3211489895833333 0.696875 0.31952335833333334 0.6984375 0.31789772708333336 0.6984375 0.31464646458333334 0.7015625 0.31302083333333336 0.7015625 0.31302083333333336 0.740625 0.31464646458333334 0.740625 0.3162720958333333 0.7421875 0.32927714583333334 0.7421875 0.3309027770833334 0.74375 0.3341540395833333 0.74375 0.3374053020833333 0.746875 0.36178977291666664 0.746875
7 0.23656798333333334 0.440625 0.23177083333333334 0.4453125 0.23177083333333334 0.4859375 0.24616228125 0.4859375 0.24776133125 0.484375 0.24776133125 0.4828125 0.2509594291666667 0.4796875 0.2589546791666667 0.4796875 0.2605537270833333 0.478125 0.2605537270833333 0.4765625 0.26375182708333333 0.4734375 0.27814327499999997 0.4734375 0.279742325 0.471875 0.279742325 0.4703125 0.282940425 0.4671875 0.28613852291666664 0.4671875 0.2877375729166667 0.465625 0.2893366229166666 0.465625 0.29253472291666666 0.4625 0.2941337729166667 0.4625 0.2957328208333333 0.4609375 0.29733187083333334 0.4609375 0.29893092083333334 0.459375 0.29893092083333334 0.4578125 0.3021290208333333 0.4546875 0.30852521875 0.4546875 0.31492141875 0.4484375 0.31652046875 0.4484375 0.3181195166666667 0.446875 0.3181195166666667 0.4453125 0.3229166666666667 0.440625 0.3229166666666667 0.43125 0.3213176166666667 0.43125 0.3181195166666667 0.428125 0.3181195166666667 0.4265625 0.31652046875 0.425 0.30852521875 0.425 0.30532712083333335 0.421875 0.30532712083333335 0.4203125 0.30372807083333336 0.41875 0.2653508770833333 0.41875 0.2589546791666667 0.425 0.25735562916666666 0.425 0.25575657916666666 0.4265625 0.25575657916666666 0.428125 0.2525584791666667 0.43125 0.24456323124999998 0.43125 0.24296418125 0.4328125 0.24296418125 0.434375 0.23976608125 0.4375 0.23816703125000002 0.4375 0.23656798333333334 0.4390625 0.23656798333333334 0.440625
4 0.9170119375 0.1484375 0.9138401208333333 0.1453125 0.9106683062500001 0.1453125 0.9090823979166667 0.14375 0.88212195625 0.14375 0.8757783250000001 0.15 0.8694346916666666 0.15 0.8678487833333333 0.1515625 0.8678487833333333 0.153125 0.8646769666666666 0.15625 0.8615051499999999 0.15625 0.8599192416666667 0.1578125 0.8583333333333333 0.1578125 0.8583333333333333 0.18125 0.8599192416666667 0.1828125 0.8599192416666667 0.184375 0.8615051499999999 0.1859375 0.8615051499999999 0.1890625 0.8646769666666666 0.1921875 0.8678487833333333 0.1921875 0.8694346916666666 0.19375 0.8710205999999999 0.19375 0.8757783250000001 0.1984375 0.88212195625 0.1984375 0.8837078645833334 0.2 0.8852937729166667 0.2 0.88687968125 0.2015625 0.88687968125 0.203125 0.8884655895833333 0.2046875 0.9296992041666667 0.2046875 0.9312851125 0.203125 0.9344569291666667 0.203125 0.9344569291666667 0.2015625 0.9360428375000001 0.2 0.9376287458333333 0.2 0.9392146541666667 0.1984375 0.9994791666666667 0.1984375 0.9994791666666667 0.1421875 0.9931355333333334 0.1421875 0.991549625 0.14375 0.9883778083333333 0.14375 0.9867919 0.1453125 0.9852059916666666 0.1453125 0.9836200833333333 0.146875 0.982034175 0.146875 0.9804482687499999 0.1484375 0.9788623604166666 0.1484375 0.9772764520833334 0.15 0.9201837541666666 0.15 0.9185978458333334 0.1484375 0.9170119375 0.1484375
3 0.22097537916666665 0.5109375 0.22258522708333334 0.5125 0.224195075 0.5125 0.22741477291666667 0.515625 0.28053977291666665 0.515625 0.28053977291666665 0.5140625 0.28375946874999997 0.5109375 0.28536931875 0.5109375 0.2869791666666667 0.509375 0.2869791666666667 0.490625 0.28536931875 0.4890625 0.28536931875 0.4875 0.28053977291666665 0.4828125 0.28053977291666665 0.4765625 0.2563920458333333 0.4765625 0.2563920458333333 0.478125 0.25317234791666665 0.48125 0.24512310625 0.48125 0.24351325833333334 0.4828125 0.24351325833333334 0.484375 0.24029356041666666 0.4875 0.23868371249999998 0.4875 0.23224431874999998 0.49375 0.22097537916666665 0.49375 0.21614583333333334 0.4984375 0.21614583333333334 0.5109375 0.22097537916666665 0.5109375
3 0.6197083333333333 0.6296875 0.6213541666666667 0.628125 0.6213541666666667 0.6078125 0.6197083333333333 0.60625 0.6197083333333333 0.6046875 0.6180625000000001 0.603125 0.6180625000000001 0.6015625 0.6164166666666666 0.6 0.6147708333333333 0.6 0.613125 0.5984375 0.5851458333333334 0.5984375 0.5835 0.6 0.5818541666666667 0.6 0.5802083333333333 0.6015625 0.5802083333333333 0.628125 0.5818541666666667 0.6296875 0.5884375 0.6296875 0.5950208333333333 0.6359375 0.6164166666666666 0.6359375 0.6180625000000001 0.634375 0.6180625000000001 0.6328125 0.6197083333333333 0.63125 0.6197083333333333 0.6296875
3 0.15523852708333333 0.784375 0.15683122083333334 0.7859375 0.15842391249999999 0.7859375 0.16160929999999998 0.7890625 0.16160929999999998 0.790625 0.16320199375 0.7921875 0.16479468541666667 0.7921875 0.16957276666666665 0.796875 0.17116545833333333 0.796875 0.17275815208333334 0.7984375 0.17753623125 0.7984375 0.18072161874999998 0.8015625 0.18072161874999998 0.803125 0.1823143125 0.8046875 0.19027777708333332 0.8046875 0.19187047083333333 0.80625 0.19346316458333332 0.80625 0.19664855 0.809375 0.19824124375000002 0.809375 0.19983393749999998 0.8109375 0.22053894999999998 0.8109375 0.22213164166666666 0.8125 0.24920742708333332 0.8125 0.2508001208333333 0.8109375 0.25398550625 0.8109375 0.25557820000000003 0.809375 0.25557820000000003 0.803125 0.2619489729166667 0.796875 0.2619489729166667 0.7921875 0.2635416666666667 0.790625 0.2635416666666667 0.7890625 0.2619489729166667 0.7875 0.2619489729166667 0.78125 0.26035627916666665 0.7796875 0.26035627916666665 0.778125 0.25239281458333335 0.7703125 0.2508001208333333 0.7703125 0.24920742708333332 0.76875 0.24124396041666665 0.76875 0.2348731875 0.7625 0.21576086875 0.7625 0.20939009583333332 0.75625 0.20779740416666667 0.75625 0.20461201666666667 0.753125 0.20461201666666667 0.7515625 0.19824124375000002 0.7453125 0.19824124375000002 0.7390625 0.19664855 0.7375 0.17275815208333334 0.7375 0.17116545833333333 0.7390625 0.16957276666666665 0.7390625 0.16479468541666667 0.74375 0.16320199375 0.74375 0.16160929999999998 0.7453125 0.16160929999999998 0.7515625 0.15523852708333333 0.7578125 0.15523852708333333 0.765625 0.15364583333333334 0.7671875 0.15364583333333334 0.78125 0.15523852708333333 0.7828125 0.15523852708333333 0.784375
2 0.6073660708333333 0.8171875 0.62276785625 0.8171875 0.6244791666666667 0.815625 0.6244791666666667 0.7984375 0.6039434520833333 0.7984375 0.60223214375 0.8 0.6005208333333333 0.8 0.6005208333333333 0.8109375 0.6073660708333333 0.8171875
8 0.9503787875 0.775 0.9520359854166667 0.7734375 0.9536931812499999 0.7734375 0.9553503791666667 0.771875 0.9553503791666667 0.7703125 0.9586647729166666 0.7671875 0.96032196875 0.7671875 0.9619791666666667 0.765625 0.9619791666666667 0.7453125 0.96032196875 0.74375 0.9586647729166666 0.74375 0.9553503791666667 0.740625 0.9553503791666667 0.7390625 0.9304924250000001 0.7390625 0.9304924250000001 0.740625 0.92717803125 0.74375 0.9255208333333333 0.74375 0.9255208333333333 0.7671875 0.9321496208333334 0.7734375 0.93380681875 0.7734375 0.9354640145833333 0.775 0.9371212124999999 0.775 0.9387784083333333 0.7765625 0.9470643937500001 0.7765625 0.9487215916666667 0.775 0.9503787875 0.775
4 0 0.6734375 0.002217741666666667 0.6734375 0.00547715 0.6765625 0.00547715 0.678125 0.036441531250000006 0.678125 0.036441531250000006 0.6765625 0.03970094166666667 0.6734375 0.04133064583333333 0.6734375 0.04296035 0.671875 0.04296035 0.6703125 0.04621975833333333 0.6671875 0.0478494625 0.6671875 0.049479166666666664 0.665625 0.049479166666666664 0.6515625 0.0478494625 0.65 0.04621975833333333 0.65 0.04296035 0.646875 0.04296035 0.6453125 0.04133064583333333 0.64375 0.03970094166666667 0.64375 0.0380712375 0.6421875 0.0103662625 0.6421875 0.008736558333333333 0.64375 0.007106854166666667 0.64375 0.00547715 0.6453125 0.003847445833333333 0.6453125 0.003847445833333333 0.646875 0.002217741666666667 0.6484375 0 0.6484375 0 0.6734375
1 0.0005208333333333333 0.2625 0.0005208333333333333 0.2796875 0.004166666666666667 0.278125 0.004166666666666667 0.2625 0.0005208333333333333 0.2625
3 0.0464480875 0.3984375 0.04485143541666667 0.3984375 0.043254781250000006 0.4 0.040061475 0.4 0.0336748625 0.40625 0.025691597916666666 0.40625 0.024094945833333332 0.4078125 0.024094945833333332 0.409375 0.020901639583333336 0.4125 0.019304985416666667 0.4125 0.017708333333333333 0.4140625 0.017708333333333333 0.4234375 0.0863644125 0.4234375 0.08796106458333333 0.421875 0.08955771875 0.421875 0.092751025 0.41875 0.09434767708333333 0.41875 0.09594433125 0.4171875 0.11031420833333333 0.4171875 0.11191086041666667 0.415625 0.11191086041666667 0.4140625 0.11510416666666666 0.4109375 0.11510416666666666 0.4015625 0.11350751458333333 0.4015625 0.11031420833333333 0.3984375 0.10871755416666667 0.3984375 0.10712090208333333 0.396875 0.10712090208333333 0.3953125 0.10552424791666667 0.3953125 0.10392759583333334 0.39375 0.10233094166666666 0.39375 0.0991376375 0.390625 0.0991376375 0.3890625 0.09754098333333333 0.3875 0.09434767708333333 0.3875 0.092751025 0.3859375 0.09115437083333333 0.3859375 0.0863644125 0.38125 0.08317110625 0.38125 0.07838114791666667 0.3765625 0.062414616666666665 0.3765625 0.062414616666666665 0.378125 0.0592213125 0.38125 0.05762465833333333 0.38125 0.056028006250000005 0.3828125 0.056028006250000005 0.384375 0.051238045833333336 0.3890625 0.051238045833333336 0.390625 0.04964139375 0.3921875 0.04964139375 0.39375 0.048044739583333336 0.3953125 0.048044739583333336 0.396875 0.0464480875 0.3984375
8 0.9739583333333334 0.753125 0.9756597229166667 0.7546875 0.9994791666666667 0.7546875 0.9994791666666667 0.7234375 0.9926736104166667 0.7234375 0.9909722229166668 0.725 0.9892708333333334 0.725 0.9875694437500001 0.7265625 0.9875694437500001 0.728125 0.98586805625 0.7296875 0.9841666666666666 0.7296875 0.9824652770833333 0.73125 0.9807638895833333 0.73125 0.9790625 0.7328125 0.9773611104166666 0.7328125 0.9739583333333334 0.7359375 0.9739583333333334 0.753125
2 0.9067708333333333 0.7171875 0.9084558833333334 0.7171875 0.91182598125 0.7203125 0.91182598125 0.721875 0.9286764708333333 0.721875 0.9354166666666667 0.715625 0.9354166666666667 0.7078125 0.9303615187500001 0.703125 0.91014093125 0.703125 0.9067708333333333 0.70625 0.9067708333333333 0.7171875
11 0.7900211354166667 0.5671875 0.79159873125 0.56875 0.7931763291666667 0.56875 0.794753925 0.5703125 0.7963315208333334 0.5703125 0.79790911875 0.571875 0.7994867145833333 0.571875 0.8010643125 0.5734375 0.8121074875000001 0.5734375 0.8136850854166667 0.575 0.8152626812499999 0.575 0.818417875 0.578125 0.8199954708333334 0.578125 0.8215730666666666 0.5796875 0.82946105 0.5796875 0.8310386479166667 0.58125 0.83261624375 0.58125 0.8357714375 0.584375 0.8373490333333333 0.584375 0.83892663125 0.5859375 0.8483922104166666 0.5859375 0.84996980625 0.5875 0.853125 0.5875 0.8578577895833334 0.5921875 0.86732336875 0.5921875 0.8689009666666667 0.59375 0.8704785625 0.59375 0.87363375625 0.596875 0.8752113520833333 0.596875 0.87678895 0.5984375 0.8830993354166666 0.5984375 0.8846769333333333 0.6 0.887832125 0.6 0.89098731875 0.603125 0.8941425125 0.603125 0.8957201083333334 0.6046875 0.9067632854166666 0.6046875 0.90834088125 0.60625 0.9114960750000001 0.60625 0.9146512687499999 0.609375 0.9178064604166667 0.609375 0.9193840583333334 0.6109375 0.9288496375 0.6109375 0.9304272333333333 0.6125 0.93200483125 0.6125 0.9335824270833334 0.6140625 0.935160025 0.6140625 0.9367376208333333 0.615625 0.94935839375 0.615625 0.94935839375 0.6140625 0.9525135875 0.6109375 0.9540911833333333 0.6109375 0.9556687791666667 0.609375 0.9556687791666667 0.6078125 0.9572463770833333 0.60625 0.9572463770833333 0.6046875 0.9604015708333333 0.6015625 0.9604015708333333 0.6 0.9619791666666667 0.5984375 0.9619791666666667 0.5890625 0.9540911833333333 0.58125 0.9430480062500001 0.58125 0.9414704104166667 0.5796875 0.9398928145833333 0.5796875 0.935160025 0.575 0.9146512687499999 0.575 0.9130736708333332 0.5734375 0.9114960750000001 0.5734375 0.90834088125 0.5703125 0.9067632854166666 0.5703125 0.9051856875 0.56875 0.8894097229166668 0.56875 0.887832125 0.5671875 0.8862545291666667 0.5671875 0.8830993354166666 0.5640625 0.8815217395833332 0.5640625 0.8799441416666667 0.5625 0.8720561604166667 0.5625 0.8704785625 0.5609375 0.8689009666666667 0.5609375 0.8657457729166667 0.5578125 0.8641681770833334 0.5578125 0.8625905791666667 0.55625 0.853125 0.55625 0.8515474041666666 0.5546875 0.84996980625 0.5546875 0.8483922104166666 0.553125 0.8468146125 0.553125 0.8452370166666667 0.5515625 0.8436594208333333 0.5515625 0.8420818229166667 0.55 0.8373490333333333 0.55 0.8357714375 0.5484375 0.83261624375 0.5484375 0.8310386479166667 0.546875 0.82946105 0.546875 0.8278834541666666 0.5453125 0.8231506645833334 0.5453125 0.8215730666666666 0.54375 0.8073746979166666 0.54375 0.8057971020833333 0.5421875 0.8042195041666667 0.5421875 0.8026419083333334 0.540625 0.8010643125 0.540625 0.7994867145833333 0.5390625 0.79790911875 0.5390625 0.7963315208333334 0.5375 0.7679347833333333 0.5375 0.7663571854166666 0.5390625 0.7584692020833333 0.5390625 0.7568916062500001 0.540625 0.7490036229166667 0.540625 0.7474260270833334 0.5390625 0.7442708333333333 0.5390625 0.7442708333333333 0.5546875 0.7505812208333332 0.5546875 0.7568916062500001 0.5609375 0.7710899750000001 0.5609375 0.7774003625 0.5671875 0.7900211354166667 0.5671875
0 0.5695932541666667 0.8125 0.5679315479166667 0.8109375 0.5679315479166667 0.809375 0.5430059520833334 0.809375 0.5396825395833333 0.8125 0.5380208333333333 0.8125 0.5380208333333333 0.8234375 0.5430059520833334 0.8234375 0.5446676583333333 0.825 0.5463293645833333 0.825 0.5513144833333333 0.8296875 0.5712549604166667 0.8296875 0.5729166666666666 0.828125 0.5729166666666666 0.8171875 0.5695932541666667 0.8140625 0.5695932541666667 0.8125
9 0.4559027770833334 0.815625 0.46088789583333334 0.8109375 0.46088789583333334 0.8078125 0.46421131041666663 0.8046875 0.46587301666666664 0.8046875 0.46753472291666665 0.803125 0.46753472291666665 0.8 0.47251984166666666 0.7953125 0.47251984166666666 0.79375 0.47418154791666667 0.7921875 0.47418154791666667 0.7890625 0.4775049604166667 0.7859375 0.4791666666666667 0.7859375 0.4791666666666667 0.7828125 0.4775049604166667 0.78125 0.46421131041666663 0.78125 0.4625496041666667 0.7828125 0.4625496041666667 0.784375 0.45922618958333333 0.7875 0.4575644833333333 0.7875 0.4559027770833334 0.7890625 0.4559027770833334 0.790625 0.4492559520833333 0.796875 0.4492559520833333 0.8015625 0.44427083333333334 0.80625 0.44427083333333334 0.8125 0.44759424583333335 0.815625 0.4559027770833334 0.815625
11 0.6398501020833333 0.85 0.6445757104166667 0.8546875 0.6524517270833333 0.8546875 0.65402693125 0.85625 0.6556021333333334 0.85625 0.6587525416666666 0.859375 0.66032774375 0.859375 0.6619029479166667 0.8609375 0.6745045729166667 0.8609375 0.6760797770833334 0.8625 0.6792301833333333 0.8625 0.6823805895833334 0.865625 0.6839557916666668 0.865625 0.6855309958333333 0.8671875 0.6997078250000001 0.8671875 0.7012830291666667 0.86875 0.7044334354166666 0.86875 0.7075838416666667 0.871875 0.7107342479166667 0.871875 0.7123094520833334 0.8734375 0.7312118895833333 0.8734375 0.73278709375 0.875 0.7359375 0.875 0.7390879062500001 0.878125 0.7438135166666666 0.878125 0.74538871875 0.8796875 0.7595655479166666 0.8796875 0.7611407520833333 0.88125 0.76271595625 0.88125 0.7642911583333334 0.8828125 0.7658663625000001 0.8828125 0.7674415645833333 0.884375 0.7973704270833333 0.884375 0.7973704270833333 0.8828125 0.7989456291666667 0.88125 0.8005208333333333 0.88125 0.8020960375 0.8796875 0.8099720520833333 0.8796875 0.8146976625 0.875 0.8162728666666667 0.875 0.8178480687499999 0.8734375 0.82414888125 0.8734375 0.8257240854166666 0.871875 0.8288744916666667 0.871875 0.8320248979166667 0.86875 0.8336001020833332 0.86875 0.8351753041666666 0.8671875 0.8430513208333333 0.8671875 0.8462017270833333 0.8640625 0.84777693125 0.8640625 0.8525025416666666 0.859375 0.85407774375 0.859375 0.8651041666666667 0.8484375 0.8651041666666667 0.8375 0.8588033541666668 0.8375 0.85722815 0.8390625 0.8462017270833333 0.8390625 0.844626525 0.8375 0.7910696145833334 0.8375 0.7894944104166667 0.8359375 0.7595655479166666 0.8359375 0.7579903458333334 0.834375 0.7564151416666667 0.834375 0.7548399395833333 0.8328125 0.6067708333333334 0.8328125 0.6067708333333334 0.8359375 0.6083460375 0.8359375 0.6099212395833333 0.8375 0.61149644375 0.8375 0.61464685 0.840625 0.6162220520833334 0.840625 0.61779725625 0.8421875 0.6256732729166666 0.8421875 0.6319740854166667 0.8484375 0.6351244916666666 0.8484375 0.6366996958333334 0.85 0.6398501020833333 0.85
9 0.5314814812499999 0.775 0.5314814812499999 0.7734375 0.5348379624999999 0.7703125 0.5348379624999999 0.76875 0.5365162041666667 0.7671875 0.5365162041666667 0.7640625 0.5398726854166667 0.7609375 0.5415509249999999 0.7609375 0.5432291666666667 0.759375 0.5432291666666667 0.7515625 0.5415509249999999 0.75 0.5331597229166667 0.75 0.52476851875 0.7578125 0.52476851875 0.759375 0.51805555625 0.765625 0.51805555625 0.771875 0.514699075 0.775 0.5130208333333334 0.775 0.5130208333333334 0.7796875 0.5197337958333333 0.7859375 0.5214120375 0.7859375 0.5298032416666667 0.778125 0.5298032416666667 0.7765625 0.5314814812499999 0.775
8 0.9994791666666667 0.7234375 0.9926736104166667 0.7234375 0.9909722229166668 0.725 0.9892708333333334 0.725 0.9875694437500001 0.7265625 0.9875694437500001 0.728125 0.9841666666666666 0.73125 0.9807638895833333 0.73125 0.9790625 0.7328125 0.9773611104166666 0.7328125 0.9739583333333334 0.7359375 0.9739583333333334 0.7546875 0.9994791666666667 0.7546875 0.9994791666666667 0.7234375
0 0.8050881416666668 0.871875 0.8050881416666668 0.8703125 0.8083733979166666 0.8671875 0.8116586541666667 0.8671875 0.81330128125 0.865625 0.8149439104166666 0.865625 0.8165865375 0.8640625 0.8165865375 0.8625 0.8182291666666667 0.8609375 0.8182291666666667 0.85625 0.8165865375 0.8546875 0.8034455125 0.8546875 0.8001602562500001 0.8578125 0.7985176291666666 0.8578125 0.7952323708333334 0.8609375 0.7919471145833333 0.8609375 0.7903044875 0.8625 0.7755208333333333 0.8625 0.7755208333333333 0.8703125 0.7771634625 0.871875 0.7788060895833334 0.871875 0.78044871875 0.8734375 0.8034455125 0.8734375 0.8050881416666668 0.871875
7 0.04295343125 0.671875 0.03660539166666667 0.678125 0.03660539166666667 0.6828125 0.030257352083333335 0.6890625 0.030257352083333335 0.6953125 0.027083333333333334 0.6984375 0.027083333333333334 0.7234375 0.030257352083333335 0.7265625 0.030257352083333335 0.728125 0.0318443625 0.7296875 0.03343137291666667 0.7296875 0.03660539166666667 0.7328125 0.03660539166666667 0.734375 0.038192402083333334 0.7359375 0.044540441666666666 0.7359375 0.05088848125 0.7421875 0.06199755 0.7421875 0.06358455833333333 0.74375 0.06675857916666667 0.74375 0.0683455875 0.7453125 0.06993259791666667 0.7453125 0.07151960833333333 0.746875 0.11912990208333334 0.746875 0.12230392083333334 0.74375 0.12389093125 0.74375 0.12547794166666668 0.7421875 0.13499999999999998 0.7421875 0.13658701041666665 0.740625 0.13817401875 0.740625 0.14134803958333333 0.7375 0.14293505 0.7375 0.14452205833333334 0.7359375 0.1476960791666667 0.7359375 0.14928308750000002 0.734375 0.14928308750000002 0.7328125 0.15245710833333334 0.7296875 0.15404411666666668 0.7296875 0.16197916666666667 0.721875 0.16197916666666667 0.7078125 0.16039215625 0.70625 0.15880514791666667 0.70625 0.15721813750000002 0.7046875 0.15563112708333332 0.7046875 0.15245710833333334 0.7015625 0.15087009791666667 0.7015625 0.14928308750000002 0.7 0.14610906875 0.7 0.14452205833333334 0.6984375 0.14293505 0.6984375 0.1397610291666667 0.6953125 0.13817401875 0.6953125 0.13658701041666665 0.69375 0.13341298958333334 0.69375 0.13182598125 0.6921875 0.13023897083333333 0.6921875 0.12706495 0.6890625 0.12547794166666668 0.6890625 0.12389093125 0.6875 0.12071691250000001 0.6875 0.11754289166666668 0.684375 0.11754289166666668 0.6828125 0.11595588333333334 0.68125 0.11436887291666667 0.68125 0.11119485208333332 0.678125 0.11119485208333332 0.6765625 0.10960784375 0.675 0.10802083333333333 0.675 0.10484681458333332 0.671875 0.10484681458333332 0.6703125 0.098498775 0.6640625 0.098498775 0.659375 0.09215073541666667 0.653125 0.09215073541666667 0.6515625 0.090563725 0.65 0.0683455875 0.65 0.06358455833333333 0.6546875 0.06199755 0.6546875 0.06041053958333333 0.65625 0.058823529166666666 0.65625 0.05247548958333333 0.6625 0.05088848125 0.6625 0.04930147083333333 0.6640625 0.04930147083333333 0.665625 0.04612745 0.66875 0.044540441666666666 0.66875 0.04295343125 0.6703125 0.04295343125 0.671875
0 0.8557291666666667 0.846875 0.8557291666666667 0.8453125 0.8371936270833333 0.8453125 0.8371936270833333 0.846875 0.8338235291666667 0.85 0.83213848125 0.85 0.8304534312499999 0.8515625 0.8287683833333334 0.8515625 0.8287683833333334 0.853125 0.8270833333333333 0.8546875 0.8270833333333333 0.859375 0.8355085791666668 0.859375 0.8405637250000001 0.8546875 0.8473039208333333 0.8546875 0.8557291666666667 0.846875
7 0.049085366666666665 0.834375 0.04749745833333333 0.8359375 0.04749745833333333 0.8375 0.04590955208333333 0.8390625 0.04432164583333333 0.8390625 0.04432164583333333 0.8421875 0.04273373958333333 0.84375 0.04273373958333333 0.846875 0.04114583333333333 0.8484375 0.04114583333333333 0.8796875 0.04273373958333333 0.88125 0.04273373958333333 0.8828125 0.049085366666666665 0.8890625 0.049085366666666665 0.890625 0.057024897916666664 0.8984375 0.05861280416666667 0.8984375 0.061788618749999996 0.9015625 0.061788618749999996 0.903125 0.063376525 0.9046875 0.06972815 0.9046875 0.07607977708333333 0.9109375 0.12848069166666667 0.9109375 0.13483231666666665 0.9046875 0.14118394375 0.9046875 0.14277185 0.903125 0.14435975625 0.903125 0.14753556874999998 0.9 0.149123475 0.9 0.15071138125 0.8984375 0.15388719583333332 0.8984375 0.15547510208333334 0.896875 0.15547510208333334 0.8953125 0.15865091458333333 0.8921875 0.16023882083333335 0.8921875 0.16182672708333332 0.890625 0.16182672708333332 0.8890625 0.16817835416666668 0.8828125 0.16817835416666668 0.8765625 0.16976626041666665 0.875 0.16976626041666665 0.8734375 0.17135416666666667 0.871875 0.17135416666666667 0.8453125 0.16817835416666668 0.8421875 0.16817835416666668 0.8375 0.16341463333333334 0.8328125 0.16341463333333334 0.83125 0.16182672708333332 0.8296875 0.16182672708333332 0.828125 0.15865091458333333 0.825 0.15706300833333334 0.825 0.15547510208333334 0.8234375 0.15388719583333332 0.8234375 0.149123475 0.81875 0.1459476625 0.81875 0.14277185 0.815625 0.14277185 0.8140625 0.14118394375 0.8125 0.13006859791666667 0.8125 0.12848069166666667 0.8109375 0.08719512291666667 0.8109375 0.08560721458333333 0.8125 0.07766768333333333 0.8125 0.07131605625 0.81875 0.06496443125 0.81875 0.05861280416666667 0.825 0.057024897916666664 0.825 0.05543699166666667 0.8265625 0.05543699166666667 0.828125 0.052261179166666664 0.83125 0.050673272916666665 0.83125 0.049085366666666665 0.8328125 0.049085366666666665 0.834375
9 0.5661458333333333 0.8125 0.5694901312499999 0.815625 0.5728344291666667 0.815625 0.5795230270833333 0.809375 0.5795230270833333 0.8078125 0.582867325 0.8046875 0.5845394729166667 0.8046875 0.5862116229166666 0.803125 0.5862116229166666 0.7984375 0.5878837729166667 0.796875 0.5878837729166667 0.7953125 0.59290021875 0.790625 0.59290021875 0.7890625 0.5962445166666667 0.7859375 0.5979166666666667 0.7859375 0.5979166666666667 0.78125 0.5962445166666667 0.78125 0.5945723687500001 0.7796875 0.582867325 0.7796875 0.581195175 0.78125 0.581195175 0.784375 0.5778508770833334 0.7875 0.5761787270833333 0.7875 0.5745065791666666 0.7890625 0.5745065791666666 0.79375 0.5728344291666667 0.7953125 0.5728344291666667 0.796875 0.5678179833333333 0.8015625 0.5678179833333333 0.803125 0.5661458333333333 0.8046875 0.5661458333333333 0.8125
4 0.3931000708333333 0.496875 0.38203792708333334 0.5078125 0.38203792708333334 0.509375 0.3804576208333333 0.5109375 0.3804576208333333 0.5125 0.37887731458333335 0.5140625 0.37887731458333335 0.515625 0.3741363958333333 0.5203125 0.3741363958333333 0.521875 0.3709757833333333 0.525 0.36939547708333337 0.525 0.3678151708333333 0.5265625 0.3678151708333333 0.528125 0.3646545583333333 0.53125 0.3630742520833333 0.53125 0.36149394583333333 0.5328125 0.36149394583333333 0.534375 0.35833333333333334 0.5375 0.35833333333333334 0.5546875 0.36149394583333333 0.5578125 0.36149394583333333 0.559375 0.3630742520833333 0.5609375 0.3630742520833333 0.5625 0.3678151708333333 0.5671875 0.3678151708333333 0.56875 0.3725560895833333 0.5734375 0.3741363958333333 0.5734375 0.3804576208333333 0.5796875 0.38361823333333334 0.5796875 0.38677884583333333 0.5828125 0.38677884583333333 0.584375 0.3883591520833333 0.5859375 0.39626068333333336 0.5859375 0.3994212958333333 0.5890625 0.3994212958333333 0.590625 0.40100160208333335 0.5921875 0.40890313333333334 0.5921875 0.4152243583333333 0.5984375 0.4436698708333333 0.5984375 0.44525017708333336 0.6 0.46105324166666667 0.6 0.46263354791666667 0.5984375 0.48475783541666667 0.5984375 0.48633814166666667 0.596875 0.48633814166666667 0.5953125 0.4894987541666667 0.5921875 0.4974002854166667 0.5921875 0.49898059166666664 0.590625 0.49898059166666664 0.5890625 0.5021412041666667 0.5859375 0.5100427354166667 0.5859375 0.5116230416666666 0.584375 0.5116230416666666 0.5828125 0.5147836541666667 0.5796875 0.5163639604166667 0.5796875 0.5179442666666667 0.578125 0.5179442666666667 0.5765625 0.5211048791666667 0.5734375 0.5226851854166666 0.5734375 0.5242654916666667 0.571875 0.5242654916666667 0.5703125 0.5274261041666667 0.5671875 0.5290064104166666 0.5671875 0.5305867166666667 0.565625 0.5305867166666667 0.5640625 0.5337473291666667 0.5609375 0.5353276354166667 0.5609375 0.5369079416666668 0.559375 0.5369079416666668 0.5515625 0.5432291666666667 0.5453125 0.5432291666666667 0.51875 0.5416488604166666 0.5171875 0.5416488604166666 0.515625 0.5384882479166666 0.5125 0.5384882479166666 0.5109375 0.5369079416666668 0.509375 0.5369079416666668 0.5046875 0.5353276354166667 0.503125 0.5353276354166667 0.5015625 0.5305867166666667 0.496875 0.5305867166666667 0.4953125 0.5290064104166666 0.49375 0.5274261041666667 0.49375 0.5242654916666667 0.490625 0.5242654916666667 0.4890625 0.5226851854166666 0.4875 0.5211048791666667 0.4875 0.5179442666666667 0.484375 0.5179442666666667 0.4828125 0.5163639604166667 0.48125 0.5147836541666667 0.48125 0.5084624291666667 0.475 0.5021412041666667 0.475 0.4958199791666667 0.46875 0.48633814166666667 0.46875 0.48475783541666667 0.4671875 0.4831775291666667 0.4671875 0.4784366104166667 0.4625 0.42154558333333336 0.4625 0.40732282708333334 0.4765625 0.40732282708333334 0.478125 0.4057425208333333 0.4796875 0.4057425208333333 0.48125 0.40416221458333335 0.4828125 0.40416221458333335 0.484375 0.3994212958333333 0.4890625 0.3994212958333333 0.490625 0.39626068333333336 0.49375 0.39468037708333337 0.49375 0.3931000708333333 0.4953125 0.3931000708333333 0.496875
0 0.9944940479166667 0.6109375 0.9961557541666667 0.609375 0.9994791666666667 0.609375 0.9994791666666667 0.6 0.9645833333333333 0.6 0.9645833333333333 0.6125 0.9679067458333334 0.6125 0.9695684520833333 0.6109375 0.9944940479166667 0.6109375
8 0.9387784083333333 0.7765625 0.9470643937500001 0.7765625 0.9487215916666667 0.775 0.9503787875 0.775 0.9520359854166667 0.7734375 0.9536931812499999 0.7734375 0.9553503791666667 0.771875 0.9553503791666667 0.7703125 0.9586647729166666 0.7671875 0.96032196875 0.7671875 0.9619791666666667 0.765625 0.9619791666666667 0.7453125 0.96032196875 0.74375 0.9586647729166666 0.74375 0.9553503791666667 0.740625 0.9553503791666667 0.7390625 0.9304924250000001 0.7390625 0.9304924250000001 0.740625 0.92717803125 0.74375 0.9255208333333333 0.74375 0.9255208333333333 0.7671875 0.92717803125 0.7671875 0.9304924250000001 0.7703125 0.9304924250000001 0.771875 0.9321496208333334 0.7734375 0.93380681875 0.7734375 0.9354640145833333 0.775 0.9371212124999999 0.775 0.9387784083333333 0.7765625
0 0.5202788979166667 0.8171875 0.52842741875 0.8171875 0.5349462375 0.8109375 0.5414650541666667 0.8109375 0.5430947583333333 0.809375 0.5430947583333333 0.8078125 0.5463541666666667 0.8046875 0.5463541666666667 0.8015625 0.5447244625 0.8 0.5447244625 0.7984375 0.5430947583333333 0.796875 0.5430947583333333 0.7953125 0.5414650541666667 0.79375 0.5382056458333333 0.79375 0.5365759416666667 0.7921875 0.5349462375 0.7921875 0.5300571229166666 0.7875 0.5267977145833334 0.7875 0.52353830625 0.784375 0.5039818541666666 0.784375 0.5007224458333334 0.7875 0.49583333333333335 0.7875 0.49583333333333335 0.80625 0.4990927416666667 0.809375 0.4990927416666667 0.815625 0.5007224458333334 0.8171875 0.50235215 0.8171875 0.5056115583333333 0.8203125 0.5056115583333333 0.821875 0.5170194895833333 0.821875 0.5170194895833333 0.8203125 0.5202788979166667 0.8171875
11 0.9461538458333333 0.884375 0.9477697645833333 0.884375 0.9493856833333333 0.8859375 0.9510016020833334 0.8859375 0.9526175208333334 0.8875 0.9542334395833334 0.8859375 0.9720085479166667 0.8859375 0.9736244666666667 0.884375 0.9752403854166667 0.884375 0.9768563041666667 0.8828125 0.9800881416666667 0.8828125 0.9817040604166666 0.884375 0.9849358979166667 0.884375 0.9865518166666667 0.8859375 0.9962473291666666 0.8859375 0.9978632479166667 0.8875 0.9994791666666667 0.8875 0.9994791666666667 0.8546875 0.9897836541666667 0.8546875 0.9881677354166667 0.85625 0.9703926291666666 0.85625 0.9655448708333334 0.8609375 0.9639289520833334 0.8609375 0.9623130333333333 0.8625 0.9461538458333333 0.8625 0.9396901708333334 0.86875 0.9364583333333333 0.86875 0.9364583333333333 0.8765625 0.9380742520833334 0.878125 0.9396901708333334 0.878125 0.9461538458333333 0.884375
8 0.9994791666666667 0.8859375 0.9994791666666667 0.8546875 0.9876302083333334 0.8546875 0.9859375 0.85625 0.97578125 0.85625 0.9740885416666667 0.8578125 0.9723958333333333 0.8578125 0.9723958333333333 0.878125 0.9740885416666667 0.878125 0.97578125 0.8796875 0.980859375 0.8796875 0.9825520833333333 0.88125 0.9842447916666667 0.88125 0.9893229166666667 0.8859375 0.9994791666666667 0.8859375
3 0.15364583333333334 0.765625 0.15364583333333334 0.78125 0.15523852708333333 0.7828125 0.15523852708333333 0.784375 0.15683122083333334 0.7859375 0.15842391249999999 0.7859375 0.16160929999999998 0.7890625 0.16160929999999998 0.790625 0.16320199375 0.7921875 0.16479468541666667 0.7921875 0.16957276666666665 0.796875 0.17116545833333333 0.796875 0.17275815208333334 0.7984375 0.17753623125 0.7984375 0.18072161874999998 0.8015625 0.18072161874999998 0.803125 0.1823143125 0.8046875 0.19187047083333333 0.8046875 0.19664855 0.809375 0.19824124375000002 0.809375 0.19983393749999998 0.8109375 0.22372433541666667 0.8109375 0.22531702916666668 0.8125 0.2285024145833333 0.8125 0.23009510833333333 0.8140625 0.24602204166666666 0.8140625 0.24761473333333334 0.8125 0.24920742708333332 0.8125 0.2508001208333333 0.8109375 0.25398550625 0.8109375 0.25557820000000003 0.809375 0.25557820000000003 0.803125 0.2619489729166667 0.796875 0.2619489729166667 0.7921875 0.2635416666666667 0.790625 0.2635416666666667 0.7890625 0.2619489729166667 0.7875 0.2619489729166667 0.78125 0.26035627916666665 0.7796875 0.26035627916666665 0.778125 0.25239281458333335 0.7703125 0.2508001208333333 0.7703125 0.24920742708333332 0.76875 0.24124396041666665 0.76875 0.2348731875 0.7625 0.21576086875 0.7625 0.20939009583333332 0.75625 0.20779740416666667 0.75625 0.20461201666666667 0.753125 0.20461201666666667 0.7515625 0.19824124375000002 0.7453125 0.19824124375000002 0.7390625 0.19664855 0.7375 0.17435084583333332 0.7375 0.17275815208333334 0.7390625 0.16957276666666665 0.7390625 0.16957276666666665 0.740625 0.16798007291666667 0.7421875 0.16638737916666668 0.7421875 0.16479468541666667 0.74375 0.16320199375 0.74375 0.16160929999999998 0.7453125 0.16160929999999998 0.7515625 0.15523852708333333 0.7578125 0.15523852708333333 0.7640625 0.15364583333333334 0.765625
6 0.9708333333333333 0.38125 0.9708333333333333 0.3953125 0.9809436270833333 0.4046875 0.9826286770833333 0.4046875 0.9893688729166666 0.4109375 0.9994791666666667 0.4109375 0.9994791666666667 0.3640625 0.9893688729166666 0.3640625 0.9893688729166666 0.365625 0.9876838229166667 0.3671875 0.985998775 0.3671875 0.984313725 0.36875 0.9826286770833333 0.36875 0.9809436270833333 0.3703125 0.9809436270833333 0.371875 0.9775735291666667 0.375 0.9758884812499999 0.375 0.97420343125 0.3765625 0.97420343125 0.378125 0.9708333333333333 0.38125
9 0.439007675 0.809375 0.440679825 0.809375 0.440679825 0.80625 0.44235197291666667 0.8046875 0.44235197291666667 0.8015625 0.4456962729166667 0.7984375 0.44736842083333334 0.7984375 0.4490405708333334 0.796875 0.4490405708333334 0.7953125 0.4540570166666667 0.790625 0.4540570166666667 0.7890625 0.4557291666666667 0.7875 0.4557291666666667 0.7796875 0.44235197291666667 0.7796875 0.440679825 0.78125 0.439007675 0.78125 0.43733552708333334 0.7828125 0.43733552708333334 0.7890625 0.43064692916666664 0.7953125 0.43064692916666664 0.796875 0.42730263125 0.8 0.4256304833333333 0.8 0.4239583333333333 0.8015625 0.4239583333333333 0.8109375 0.43733552708333334 0.8109375 0.439007675 0.809375
8 0.08218066874999999 0.19375 0.08060109374999999 0.1953125 0.08060109374999999 0.196875 0.07744193958333333 0.2 0.07586236249999999 0.2 0.06954405833333334 0.20625 0.06638490416666668 0.20625 0.06480532708333334 0.2078125 0.06322575208333334 0.2078125 0.06322575208333334 0.209375 0.060066597916666666 0.2125 0.060066597916666666 0.2140625 0.055327868749999995 0.21875 0.055327868749999995 0.221875 0.05216871666666667 0.225 0.05058913958333333 0.225 0.0490095625 0.2265625 0.0490095625 0.2328125 0.044270833333333336 0.2375 0.044270833333333336 0.278125 0.0490095625 0.2828125 0.0490095625 0.2859375 0.05058913958333333 0.2875 0.05058913958333333 0.2890625 0.05374829166666666 0.2921875 0.05374829166666666 0.29375 0.055327868749999995 0.2953125 0.055327868749999995 0.296875 0.056907445833333334 0.2984375 0.058487020833333334 0.2984375 0.061646175000000004 0.3015625 0.061646175000000004 0.303125 0.06322575208333334 0.3046875 0.06480532708333334 0.3046875 0.06954405833333334 0.309375 0.07112363333333334 0.309375 0.07270321041666666 0.3109375 0.08376024583333333 0.3109375 0.09007855208333333 0.3171875 0.10271516458333334 0.3171875 0.10587431666666666 0.3203125 0.10587431666666666 0.321875 0.10745389375 0.3234375 0.11693135208333333 0.3234375 0.11851092916666667 0.325 0.12009050624999999 0.325 0.12167008125 0.3265625 0.15168203541666667 0.3265625 0.1532616125 0.325 0.1548411875 0.325 0.15642076458333334 0.3234375 0.17695526041666668 0.3234375 0.18327356458333333 0.3171875 0.19117144791666665 0.3171875 0.19275102500000002 0.315625 0.19275102500000002 0.3140625 0.19591017708333333 0.3109375 0.2038080604166667 0.3109375 0.2053876375 0.309375 0.2053876375 0.3078125 0.20854678958333334 0.3046875 0.21012636666666668 0.3046875 0.21170594166666667 0.303125 0.21170594166666667 0.3015625 0.21486509583333332 0.2984375 0.21644467291666666 0.2984375 0.21802424791666666 0.296875 0.21802424791666666 0.2953125 0.2211834020833333 0.2921875 0.22276297916666668 0.2921875 0.22434255416666668 0.290625 0.22434255416666668 0.2890625 0.22908128333333336 0.284375 0.22908128333333336 0.2828125 0.23066086041666667 0.28125 0.23066086041666667 0.2765625 0.23697916666666666 0.2703125 0.23697916666666666 0.228125 0.23066086041666667 0.221875 0.23066086041666667 0.215625 0.22434255416666668 0.209375 0.22434255416666668 0.2078125 0.22276297916666668 0.20625 0.2211834020833333 0.20625 0.21802424791666666 0.203125 0.21802424791666666 0.2015625 0.21644467291666666 0.2 0.21486509583333332 0.2 0.20854678958333334 0.19375 0.20222848333333332 0.19375 0.19591017708333333 0.1875 0.18959187083333334 0.1875 0.18801229583333334 0.1859375 0.18643271875 0.1859375 0.18485314166666666 0.184375 0.18485314166666666 0.1828125 0.18169398958333333 0.1828125 0.18011441250000002 0.18125 0.16273907083333333 0.18125 0.16115949375 0.1796875 0.13430669375 0.1796875 0.13272711666666667 0.18125 0.11219262291666668 0.18125 0.11061304583333334 0.1828125 0.10903347083333334 0.1828125 0.10587431666666666 0.1859375 0.10429473958333334 0.1859375 0.10271516458333334 0.1875 0.09481728125000001 0.1875 0.09323770416666667 0.1890625 0.09323770416666667 0.190625 0.09007855208333333 0.19375 0.08218066874999999 0.19375
1 0.0005208333333333333 0.3984375 0.0005208333333333333 0.4046875 0.004166666666666667 0.403125 0.004166666666666667 0.3984375 0.0005208333333333333 0.3984375
8 0.74920343125 0.734375 0.75082720625 0.7359375 0.75245098125 0.7359375 0.7556985291666667 0.7390625 0.7556985291666667 0.740625 0.7573223041666667 0.7421875 0.7784313729166666 0.7421875 0.7800551479166666 0.740625 0.7800551479166666 0.7390625 0.7833026958333333 0.7359375 0.79142156875 0.7359375 0.79304534375 0.734375 0.79304534375 0.7328125 0.7979166666666667 0.728125 0.7979166666666667 0.725 0.7962928916666667 0.725 0.7946691166666666 0.7234375 0.7946691166666666 0.721875 0.7849264708333333 0.7125 0.7833026958333333 0.7125 0.7800551479166666 0.709375 0.7800551479166666 0.7078125 0.7784313729166666 0.70625 0.7768075979166666 0.70625 0.7751838229166667 0.7046875 0.7556985291666667 0.7046875 0.7540747541666666 0.70625 0.75082720625 0.70625 0.74920343125 0.7078125 0.74920343125 0.709375 0.7459558833333334 0.7125 0.7443321083333333 0.7125 0.7427083333333333 0.7140625 0.7427083333333333 0.728125 0.7443321083333333 0.7296875 0.7459558833333334 0.7296875 0.74920343125 0.7328125 0.74920343125 0.734375
11 0.740264675 0.876953125 0.6918451916666667 0.87109375 0.5492040104166667 0.837890625 0.4719945625 0.822265625 0.46152548541666666 0.8232421875 0.44843913750000003 0.8154296875 0.39871101875000003 0.806640625 0.39609375 0.8125 0.4026369229166667 0.8212890625 0.4549823104166667 0.880859375 0.6499688812500001 0.9794921875 0.7101660770833333 0.9580078125 0.7245610583333334 0.9375 0.7481164833333334 0.923828125 0.7664373687499999 0.9248046875 0.8122395833333333 0.896484375 0.7978446020833334 0.8896484375 0.7612028291666667 0.884765625 0.740264675 0.876953125
0 0.44208333333333333 0.8310546875 0.46458333333333335 0.828125 0.4603645833333333 0.8193359375 0.44067708333333333 0.814453125 0.43645833333333334 0.8251953125 0.44208333333333333 0.8310546875
0 0.40669157708333337 0.80859375 0.40390625 0.8173828125 0.4108695645833333 0.82421875 0.41644021666666664 0.828125 0.43175951041666666 0.828125 0.4359375 0.8154296875 0.40669157708333337 0.80859375
10 0.2948619375 0.6611328125 0.28151041666666665 0.67578125 0.28151041666666665 0.6953125 0.29352678541666666 0.703125 0.3042080020833334 0.7041015625 0.3135540666666667 0.703125 0.3269055895833333 0.6923828125 0.3429274145833333 0.6865234375 0.35894923958333336 0.685546875 0.365625 0.671875 0.36295469583333334 0.6640625 0.3522734791666667 0.65625 0.318894675 0.65234375 0.2948619375 0.6611328125
9 0.20801005833333336 0.8271484375 0.19427083333333334 0.8408203125 0.20114044583333335 0.8486328125 0.20938397916666668 0.845703125 0.23411458333333332 0.81640625 0.22037535833333333 0.8154296875 0.20801005833333336 0.8271484375
9 0.1826957625 0.833984375 0.17994791666666668 0.8408203125 0.19231321875 0.8427734375 0.2156699 0.8232421875 0.21979166666666666 0.814453125 0.20605244166666664 0.8125 0.1826957625 0.833984375
9 0.013433689583333333 0.931640625 0.009375 0.939453125 0.018845274999999998 0.943359375 0.06078506041666667 0.9111328125 0.06484375 0.90234375 0.054020579166666666 0.8994140625 0.013433689583333333 0.931640625
0 0.73203125 0.6728515625 0.7334201395833334 0.681640625 0.7417534729166667 0.6826171875 0.7653645833333333 0.671875 0.7653645833333333 0.6669921875 0.7584201395833333 0.6630859375 0.73203125 0.6728515625
4 0.5471354166666667 0.5263671875 0.5523798249999999 0.529296875 0.8316445708333333 0.6162109375 0.83820008125 0.61328125 0.85 0.5927734375 0.8421333875 0.5849609375 0.7569117520833333 0.5625 0.7320008125 0.5498046875 0.5707352541666667 0.5009765625 0.5589353354166666 0.501953125 0.54844651875 0.5205078125 0.5471354166666667 0.5263671875
11 0.7615546875 0.44987109375 0.59798046875 0.40201953125 0.5901289062499999 0.40397265625 0.565265625 0.44694140625 0.5678828125000001 0.45475390625 0.6673359375000001 0.48502734375 0.6935078125 0.49967578125 0.77594921875 0.52897265625 0.91596875 0.55826953125 0.94606640625 0.56803515625 0.9552265625 0.56608203125 0.984015625 0.51432421875 0.9813984375 0.50944140625 0.9683125 0.50455859375 0.77071484375 0.44694140625 0.7615546875 0.44987109375
9 0.8884706437500001 0.23046875 0.8856770833333333 0.2392578125 0.89824810625 0.2421875 0.91640625 0.21484375 0.91500946875 0.2080078125 0.9024384479166667 0.2080078125 0.8884706437500001 0.23046875
9 0.53613839375 0.099609375 0.5375 0.09375 0.5306919645833333 0.0908203125 0.48984375 0.10546875 0.48984375 0.1201171875 0.53613839375 0.099609375
9 0.03722162291666666 0.185546875 0.027604166666666666 0.1923828125 0.044091235416666666 0.1943359375 0.06744791666666666 0.181640625 0.06744791666666666 0.177734375 0.05920438125 0.173828125 0.03722162291666666 0.185546875
9 0 0.3734856203125 0.034895833333333334 0.35546875 0.027984775 0.3466796875 0.015544870833333333 0.3515625 0 0.3616300578125 0 0.3734856203125
3 0.027632706250000003 0.3466796875 0.04093892708333333 0.359375 0.06489012499999999 0.3701171875 0.088841325 0.369140625 0.10214754583333334 0.3642578125 0.1234375 0.3466796875 0.11811501041666667 0.328125 0.08751070208333332 0.3154296875 0.044930793749999996 0.3134765625 0.0356164375 0.31640625 0.026302083333333334 0.326171875 0.027632706250000003 0.3466796875
11 0.5264089208333333 0.3251953125 0.5067775104166666 0.3623046875 0.50546875 0.3701171875 0.5237914 0.376953125 0.6703725958333333 0.416015625 0.8143362708333334 0.4609375 0.8810830666666667 0.4755859375 0.8928619125 0.4736328125 0.9138020833333333 0.431640625 0.8823918270833333 0.41796875 0.7017828520833334 0.369140625 0.6873864854166667 0.3681640625 0.5355702458333333 0.3232421875 0.5264089208333333 0.3251953125
4 0.7321715791666666 0.2890625 0.9422320270833333 0.35546875 0.9527350499999999 0.3515625 0.9684895833333333 0.3251953125 0.96717670625 0.3203125 0.9566736833333334 0.31640625 0.7413617229166667 0.251953125 0.7295458229166666 0.2529296875 0.71641704375 0.2734375 0.7151041666666667 0.28125 0.7321715791666666 0.2890625
0 0.80984106875 0.478515625 0.8371627604166666 0.481947265625 0.8347440833333334 0.473921875 0.8007374562499999 0.4652841796875 0.7852486979166666 0.467259765625 0.80984106875 0.478515625