11 0.24348958290816328 0.4951171875 0.2903645829081633 0.525390625 0.3033854170918367 0.5283203125 0.40755208290816325 0.5302734375 0.41796875 0.5263671875 0.47395833290816325 0.4912109375 0.49088541709183675 0.4697265625 0.49348958290816325 0.4462890625 0.5026041670918368 0.4404296875 0.49739583290816325 0.39453125 0.49348958290816325 0.38671875 0.47786458290816325 0.376953125 0.39322916709183675 0.35546875 0.36328125 0.3408203125 0.2942708329081633 0.3193359375 0.2643229170918367 0.328125 0.22786458290816328 0.3515625 0.19921875 0.4013671875 0.20442708290816328 0.4541015625 0.21223958290816328 0.4736328125 0.23046875 0.4912109375 0.24348958290816328 0.4951171875
11 0.52734375 0.775390625 0.54296875 0.7734375 0.5559895829081632 0.7822265625 0.5546875 0.7900390625 0.5455729170918368 0.7958984375 0.5533854170918368 0.802734375 0.5703125 0.8017578125 0.71484375 0.744140625 0.5833333329081632 0.6201171875 0.54296875 0.587890625 0.5234375 0.6044921875 0.44401041709183675 0.6953125 0.44270833290816325 0.708984375 0.45703125 0.7802734375 0.51171875 0.79296875 0.52734375 0.775390625
11 0 0.4892578125 0.0703125 0.4736328125 0.12239583290816326 0.4375 0.14713541709183675 0.3642578125 0.13671875 0.3623046875 0.08203125 0.38671875 0.00390625 0.4072265625 0 0.4140625 0 0.4892578125
1 0.25390625 0.25390625 0.24479166709183672 0.2431640625 0.2265625 0.2412109375 0.21484375 0.2470703125 0.21744791709183672 0.2666015625 0.23307291709183672 0.2734375 0.2513020829081633 0.267578125 0.25390625 0.25390625
1 0.22005208290816328 0.337890625 0.22135416709183672 0.32421875 0.21484375 0.318359375 0.19140625 0.314453125 0.18098958290816328 0.3203125 0.1796875 0.333984375 0.19140625 0.3447265625 0.203125 0.34765625 0.22005208290816328 0.337890625
1 0.18489583290816328 0.4189453125 0.18880208290816328 0.4052734375 0.18098958290816328 0.3955078125 0.16276041709183675 0.390625 0.14713541709183675 0.3974609375 0.14713541709183675 0.412109375 0.15625 0.421875 0.17838541709183672 0.4228515625 0.18489583290816328 0.4189453125
7 0.21744791709183672 0.23828125 0.23958333290816328 0.23828125 0.2552083329081633 0.2333984375 0.2604166670918367 0.1611328125 0.25390625 0.15625 0.22786458290816328 0.1494140625 0.18880208290816328 0.15234375 0.16666666709183672 0.1650390625 0.15755208290816325 0.1787109375 0.16015625 0.20703125 0.16927083290816328 0.21875 0.18489583290816328 0.228515625 0.21744791709183672 0.23828125
7 0.1328125 0.3310546875 0.16015625 0.328125 0.16276041709183675 0.2353515625 0.12890625 0.2314453125 0.10677083290816326 0.236328125 0.08203125 0.2509765625 0.07291666709183674 0.265625 0.07291666709183674 0.291015625 0.09114583290816326 0.314453125 0.10807291709183674 0.32421875 0.1328125 0.3310546875
4 0.20572916709183672 0.5908203125 0.22916666709183672 0.5908203125 0.25390625 0.5830078125 0.2682291670918367 0.572265625 0.28125 0.55078125 0.2799479170918367 0.5341796875 0.2682291670918367 0.515625 0.25 0.501953125 0.23567708290816328 0.498046875 0.22395833290816328 0.498046875 0.15104166709183675 0.537109375 0.15104166709183675 0.5498046875 0.1640625 0.572265625 0.18229166709183672 0.5849609375 0.20572916709183672 0.5908203125
4 0.34244791709183675 0.4287109375 0.375 0.4345703125 0.40364583290816325 0.4326171875 0.42708333290816325 0.4228515625 0.44270833290816325 0.408203125 0.44401041709183675 0.3798828125 0.43619791709183675 0.3671875 0.42317708290816325 0.361328125 0.36328125 0.359375 0.35026041709183675 0.3662109375 0.3359375 0.3623046875 0.33333333290816325 0.3662109375 0.3203125 0.365234375 0.29296875 0.373046875 0.29296875 0.390625 0.3059895829081633 0.4072265625 0.3203125 0.4189453125 0.34244791709183675 0.4287109375
4 0.3033854170918367 0.482421875 0.32421875 0.4716796875 0.328125 0.462890625 0.3255208329081633 0.4443359375 0.3046875 0.4267578125 0.28125 0.4248046875 0.25 0.4453125 0.25 0.4560546875 0.2578125 0.4677734375 0.28125 0.4814453125 0.3033854170918367 0.482421875
7 0.5963541670918368 0.537109375 0.6015625 0.541015625 0.6236979170918368 0.537109375 0.6380208329081632 0.5205078125 0.63671875 0.498046875 0.6276041670918368 0.4833984375 0.6028645829081632 0.4697265625 0.5794270829081632 0.4716796875 0.5677083329081632 0.48046875 0.5677083329081632 0.48828125 0.58203125 0.4990234375 0.59375 0.515625 0.5963541670918368 0.537109375
7 0.6393229170918368 0.341796875 0.62109375 0.30859375 0.609375 0.3076171875 0.60546875 0.3173828125 0.6041666670918368 0.3896484375 0.6184895829081632 0.4033203125 0.6315104170918368 0.3916015625 0.6393229170918368 0.341796875
7 0.5572916670918368 0.37890625 0.56640625 0.3701171875 0.5716145829081632 0.314453125 0.5455729170918368 0.2783203125 0.5299479170918368 0.275390625 0.51953125 0.29296875 0.5169270829081632 0.3095703125 0.5325520829081632 0.349609375 0.546875 0.373046875 0.5572916670918368 0.37890625
1 0.6119791670918368 0.4150390625 0.6158854170918368 0.40234375 0.6067708329081632 0.3916015625 0.59375 0.3916015625 0.5846354170918368 0.3984375 0.5846354170918368 0.4072265625 0.5911458329081632 0.4150390625 0.5989583329081632 0.4189453125 0.6119791670918368 0.4150390625
1 0.66796875 0.48046875 0.6653645829081634 0.4658203125 0.6536458329081634 0.4619140625 0.6393229170918368 0.470703125 0.6432291670918368 0.4853515625 0.6497395829081632 0.4892578125 0.6614583329081634 0.48828125 0.66796875 0.48046875
1 0.8046875 0.4697265625 0.80859375 0.4580078125 0.7994791670918366 0.4482421875 0.78515625 0.447265625 0.7721354170918366 0.455078125 0.7708333329081634 0.462890625 0.7760416670918366 0.4697265625 0.7890625 0.474609375 0.8046875 0.4697265625
1 0.70703125 0.40625 0.7096354170918366 0.3935546875 0.703125 0.38671875 0.6875 0.384765625 0.6770833329081634 0.390625 0.6744791670918366 0.40234375 0.6796875 0.4072265625 0.6953125 0.4111328125 0.70703125 0.40625
1 0.8216145829081634 0.3388671875 0.8203125 0.3271484375 0.8125 0.322265625 0.796875 0.322265625 0.7877604170918366 0.330078125 0.7877604170918366 0.33984375 0.7994791670918366 0.3486328125 0.8138020829081634 0.34765625 0.8216145829081634 0.3388671875
5 0.13411458290816325 0.2255859375 0.1484375 0.21875 0.1484375 0.2119140625 0.04427083290816327 0.1005859375 0.03515625 0.09765625 0.013020832908163265 0.109375 0.0078125 0.11328125 0.01171875 0.1201171875 0.12239583290816326 0.2216796875 0.13411458290816325 0.2255859375
3 0.5963541670918368 0.6298828125 0.61328125 0.6337890625 0.6184895829081632 0.6298828125 0.6145833329081632 0.6142578125 0.6263020829081632 0.58984375 0.609375 0.5791015625 0.59765625 0.5849609375 0.6015625 0.60546875 0.5885416670918368 0.6123046875 0.5885416670918368 0.6201171875 0.5963541670918368 0.6298828125
3 0.7864583329081634 0.6904296875 0.7942708329081634 0.6943359375 0.8072916670918366 0.6923828125 0.8177083329081634 0.67578125 0.7942708329081634 0.65234375 0.7942708329081634 0.6435546875 0.78515625 0.6396484375 0.7682291670918366 0.6494140625 0.7682291670918366 0.65625 0.7838541670918366 0.6689453125 0.78125 0.6796875 0.7864583329081634 0.6904296875
3 0.9505208329081634 0.6962890625 0.9609375 0.658203125 0.953125 0.6494140625 0.93359375 0.6533203125 0.94140625 0.673828125 0.9309895829081634 0.6923828125 0.9427083329081634 0.701171875 0.9505208329081634 0.6962890625
3 0.23177083290816328 0.662109375 0.23177083290816328 0.6552734375 0.22526041709183672 0.6494140625 0.1875 0.6572265625 0.18489583290816328 0.666015625 0.19791666709183672 0.6748046875 0.2109375 0.6748046875 0.23177083290816328 0.662109375
9 0.203125 0.67578125 0.20833333290816328 0.685546875 0.22265625 0.6796875 0.22005208290816328 0.671875 0.203125 0.67578125
9 0.6080729170918368 0.71484375 0.6031015625 0.7251171875 0.6169661454081633 0.7307412109375 0.6205221352040816 0.7241142578125 0.6080729170918368 0.71484375
9 0.89453125 0.6318359375 0.8971354170918366 0.6318359375 0.8984375 0.62890625 0.9036458329081634 0.625 0.90625 0.6240234375 0.9049479170918366 0.6201171875 0.9010416670918366 0.6181640625 0.8932291670918366 0.619140625 0.890625 0.62109375 0.8893229170918366 0.623046875 0.8893229170918366 0.626953125 0.8919270829081634 0.630859375 0.89453125 0.6318359375
3 0.8932291670918366 0.654296875 0.8997395829081634 0.65625 0.90625 0.65625 0.9075520829081634 0.6572265625 0.9140625 0.6533203125 0.91796875 0.6474609375 0.91796875 0.64453125 0.9192708329081634 0.6435546875 0.9192708329081634 0.634765625 0.9153645829081634 0.62890625 0.91015625 0.6259765625 0.9036458329081634 0.6259765625 0.8984375 0.630859375 0.8984375 0.6396484375 0.8919270829081634 0.6484375 0.8919270829081634 0.65234375 0.8932291670918366 0.654296875
8 0.6796875 0.525390625 0.6692708329081634 0.517578125 0.6588541670918366 0.515625 0.6471354170918368 0.53125 0.62890625 0.5361328125 0.62890625 0.5498046875 0.6497395829081632 0.560546875 0.6770833329081634 0.537109375 0.6796875 0.525390625
7 0.5520833329081632 0.5400390625 0.54296875 0.5029296875 0.5221354170918368 0.4833984375 0.48828125 0.474609375 0.47135416709183675 0.4970703125 0.46875 0.5185546875 0.48177083290816325 0.533203125 0.515625 0.5419921875 0.5520833329081632 0.5400390625
4 0.703125 0.6337890625 0.70703125 0.607421875 0.7005208329081634 0.5986328125 0.6484375 0.5634765625 0.6354166670918368 0.5634765625 0.625 0.572265625 0.625 0.5849609375 0.6705729170918366 0.6162109375 0.6875 0.63671875 0.703125 0.6337890625
7 0.96484375 0.5234375 0.9622395829081634 0.484375 0.9518229170918366 0.4521484375 0.9427083329081634 0.4521484375 0.9114583329081634 0.4638671875 0.8919270829081634 0.4755859375 0.8932291670918366 0.494140625 0.9036458329081634 0.5087890625 0.9244791670918366 0.5166015625 0.96484375 0.5234375
7 0.77734375 0.4052734375 0.7669270829081634 0.37109375 0.7486979170918366 0.3720703125 0.7330729170918366 0.388671875 0.7265625 0.4052734375 0.7239583329081634 0.41796875 0.7395833329081634 0.42578125 0.7526041670918366 0.421875 0.77734375 0.4052734375
7 0.7604166670918366 0.353515625 0.7734375 0.337890625 0.7669270829081634 0.3173828125 0.75390625 0.3115234375 0.73828125 0.3134765625 0.71875 0.34375 0.7161458329081634 0.3525390625 0.7200520829081634 0.357421875 0.73828125 0.3603515625 0.7604166670918366 0.353515625
9 0.734375 0.361328125 0.7239583329081634 0.3583984375 0.71875 0.3583984375 0.71875 0.3642578125 0.7330729170918366 0.3662109375 0.734375 0.361328125
9 0.7408854170918366 0.4267578125 0.7473958329081634 0.4306640625 0.75390625 0.427734375 0.75390625 0.421875 0.7408854170918366 0.4267578125
9 0.56640625 0.3720703125 0.5611979170918368 0.3798828125 0.5690104170918368 0.3818359375 0.5716145829081632 0.373046875 0.56640625 0.3720703125
8 0.06640625 0.3466796875 0.07552083290816326 0.3408203125 0.078125 0.3271484375 0.06640625 0.3154296875 0.046875 0.3095703125 0.03125 0.3154296875 0.028645832908163266 0.3271484375 0.0390625 0.3388671875 0.05598958290816327 0.3466796875 0.06640625 0.3466796875
8 0 0.3134765625 0.029947917091836734 0.314453125 0.04427083290816327 0.3076171875 0.04427083290816327 0.296875 0.03776041709183674 0.2890625 0.024739582908163266 0.2841796875 0.005208332908163265 0.283203125 0 0.2841796875 0 0.3134765625
0 0.0234375 0.232421875 0.016927082908163266 0.2314453125 0.0078125 0.2412109375 0.0078125 0.251953125 0.014322917091836735 0.259765625 0.0234375 0.26171875 0.0234375 0.232421875
9 0.17057291709183672 0.2236328125 0.17057291709183672 0.2333984375 0.18619791709183672 0.2333984375 0.18098958290816328 0.2265625 0.17057291709183672 0.2236328125
4 0.43098958290816325 0.6376953125 0.44791666709183675 0.6357421875 0.45703125 0.623046875 0.46484375 0.5927734375 0.46354166709183675 0.58203125 0.453125 0.5703125 0.40625 0.5361328125 0.39322916709183675 0.5322265625 0.36458333290816325 0.53515625 0.35026041709183675 0.5537109375 0.34505208290816325 0.583984375 0.3515625 0.5927734375 0.41536458290816325 0.6328125 0.43098958290816325 0.6376953125
3 0.3828125 0.4921875 0.3828125 0.484375 0.36979166709183675 0.4755859375 0.34505208290816325 0.47265625 0.34114583290816325 0.482421875 0.35286458290816325 0.49609375 0.37109375 0.4970703125 0.3828125 0.4921875
3 0.49348958290816325 0.45703125 0.49609375 0.4482421875 0.47526041709183675 0.4365234375 0.46875 0.4267578125 0.45833333290816325 0.4287109375 0.45833333290816325 0.4453125 0.47135416709183675 0.4482421875 0.48307291709183675 0.4580078125 0.49348958290816325 0.45703125
3 0.48567708290816325 0.38671875 0.47786458290816325 0.384765625 0.46875 0.39453125 0.44791666709183675 0.400390625 0.44921875 0.4091796875 0.47005208290816325 0.4111328125 0.48697916709183675 0.3974609375 0.48567708290816325 0.38671875
5 0.2825520829081633 0.3974609375 0.2669270829081633 0.4052734375 0.26171875 0.416015625 0.2721354170918367 0.42578125 0.296875 0.412109375 0.2825520829081633 0.3974609375
5 0.23046875 0.4453125 0.21484375 0.44921875 0.21354166709183672 0.45703125 0.22005208290816328 0.4638671875 0.23828125 0.453125 0.23046875 0.4453125
2 0.7265625 0.5361328125 0.7161458329081634 0.5380859375 0.71484375 0.5458984375 0.72265625 0.55078125 0.73046875 0.541015625 0.7265625 0.5361328125
4 0.8671875 0.53125 0.8138020829081634 0.53125 0.7955729170918366 0.525390625 0.7734375 0.4892578125 0.7591145829081634 0.4814453125 0.7447916670918366 0.4794921875 0.78515625 0.546875 0.8111979170918366 0.5498046875 0.8880208329081634 0.544921875 0.8671875 0.53125
0 0.8619791670918366 0.4453125 0.8606770829081634 0.4248046875 0.8515625 0.416015625 0.8463541670918366 0.41796875 0.8411458329081634 0.431640625 0.8229166670918366 0.451171875 0.8502604170918366 0.451171875 0.8619791670918366 0.4453125