9 0.11354166666666667 0.1640625 0.11783854166666667 0.1796875 0.13645833333333332 0.181640625 0.13359375 0.1455078125 0.11354166666666667 0.1640625
9 0.3481321833333333 0.1318359375 0.36461925208333335 0.138671875 0.3714888645833333 0.134765625 0.3687410208333333 0.1201171875 0.38385416666666666 0.0947265625 0.37698455416666665 0.0888671875 0.365993175 0.08984375 0.3577496416666667 0.1123046875 0.34401041666666665 0.119140625 0.3481321833333333 0.1318359375
9 0.8146484375 0.16015625 0.8037109375 0.1689453125 0.80234375 0.17578125 0.81328125 0.1943359375 0.80234375 0.2236328125 0.80234375 0.2275390625 0.8091796875 0.228515625 0.816015625 0.2265625 0.82421875 0.203125 0.843359375 0.1875 0.84609375 0.1767578125 0.8392578125 0.166015625 0.82421875 0.1591796875 0.8146484375 0.16015625
9 0.7219769020833334 0.2861328125 0.73033288125 0.291015625 0.7372961958333334 0.267578125 0.7484375 0.2626953125 0.7484375 0.2529296875 0.7372961958333334 0.2431640625 0.7177989124999999 0.244140625 0.71640625 0.25390625 0.7247622291666667 0.2705078125 0.7219769020833334 0.2861328125
9 0.7019176145833333 0.4677734375 0.693726325 0.4814453125 0.6800741791666667 0.490234375 0.67734375 0.4951171875 0.6814393937500001 0.4990234375 0.72103061875 0.48046875 0.7223958333333333 0.46875 0.7019176145833333 0.4677734375
9 0.55234375 0.505859375 0.5565340916666667 0.515625 0.5691051145833333 0.5166015625 0.5830729166666667 0.5009765625 0.5816761354166666 0.4970703125 0.5746922354166667 0.49609375 0.55234375 0.505859375
9 0.4872632583333333 0.505859375 0.47748579583333334 0.5078125 0.46770833333333334 0.525390625 0.4691051145833333 0.533203125 0.4928503791666667 0.5224609375 0.4984375 0.5185546875 0.4956439395833333 0.509765625 0.4872632583333333 0.505859375
9 0.43255208333333334 0.51171875 0.4339488645833333 0.521484375 0.44512310624999996 0.525390625 0.46328125 0.501953125 0.43255208333333334 0.51171875
9 0.4481060604166667 0.4912109375 0.46067708333333335 0.4736328125 0.4564867416666667 0.470703125 0.44391571874999997 0.4775390625 0.4341382583333333 0.4775390625 0.42994791666666665 0.48046875 0.4313446979166667 0.4873046875 0.43693181875 0.4912109375 0.4481060604166667 0.4912109375
9 0.37576992708333334 0.5166015625 0.370199275 0.5185546875 0.3688066125 0.5205078125 0.36462862291666664 0.5234375 0.36323596041666667 0.5234375 0.35905797083333335 0.52734375 0.35070199375000005 0.5283203125 0.34791666666666665 0.5322265625 0.35070199375000005 0.5390625 0.35627264583333335 0.541015625 0.36323596041666667 0.5419921875 0.3688066125 0.5390625 0.3688066125 0.537109375 0.370199275 0.5361328125 0.370199275 0.5302734375 0.37994791666666666 0.5224609375 0.37994791666666666 0.5185546875 0.3771625895833333 0.5166015625 0.37576992708333334 0.5166015625
9 0.33519345208333334 0.513671875 0.33229166666666665 0.515625 0.33229166666666665 0.5224609375 0.3366443458333333 0.525390625 0.33954613125 0.525390625 0.34099702291666667 0.5263671875 0.3468005958333333 0.5263671875 0.34970238125 0.525390625 0.35260416666666666 0.5224609375 0.35260416666666666 0.5185546875 0.3468005958333333 0.5146484375 0.34389881041666664 0.513671875 0.33519345208333334 0.513671875
9 0.24973958333333332 0.5029296875 0.24973958333333332 0.5 0.24133184583333334 0.5009765625 0.2203125 0.515625 0.22731894791666668 0.525390625 0.23712797708333333 0.5244140625 0.23852926666666668 0.513671875 0.24973958333333332 0.5029296875
9 0.33145032083333337 0.5986328125 0.32039262916666666 0.599609375 0.31624599375 0.6044921875 0.31624599375 0.6123046875 0.30104166666666665 0.6279296875 0.30518830208333336 0.6328125 0.33697916666666666 0.6083984375 0.33145032083333337 0.5986328125
9 0.8275 0.541015625 0.8483775229166667 0.5260419921875 0.8588169645833333 0.521484375 0.865625 0.5224609375 0.865625 0.5166015625 0.8547321437500001 0.509765625 0.8452008937500001 0.5087890625 0.8411160708333333 0.51953125 0.81933035625 0.5361328125 0.81796875 0.5419921875 0.8275 0.541015625
9 0.9463541666666667 0.5146484375 0.9308854166666667 0.5048828125 0.9182291666666667 0.5048828125 0.9224479166666666 0.5146484375 0.9182291666666667 0.533203125 0.9280729166666667 0.537109375 0.9322916666666666 0.525390625 0.9463541666666667 0.5146484375
9 0.9997395833333333 0.49123828124999996 0.9787557520833333 0.490671875 0.9718039770833333 0.5146484375 0.9690104166666667 0.5244140625 0.9759943187500001 0.5283203125 0.9871685604166667 0.509765625 0.9997395833333333 0.5099013671875 0.9997395833333333 0.49123828124999996
9 0.9970228041666667 0.083984375 0.9929476354166666 0.1083984375 0.9494791666666667 0.142578125 0.9739301791666667 0.1435546875 0.9725717895833333 0.140625 0.9997395833333333 0.12109375 0.9970228041666667 0.083984375
9 0.03576388958333333 0.3896484375 0.030208333333333334 0.3759765625 0.042708333333333334 0.3603515625 0.04131944375 0.35546875 0.010763889583333333 0.3779296875 0.009375 0.3837890625 0.01631944375 0.3916015625 0.024652777083333334 0.3935546875 0.03576388958333333 0.3896484375
9 0.06398168125 0.482421875 0.05985991458333333 0.4931640625 0.040625 0.5048828125 0.04199892291666667 0.5126953125 0.06535560416666666 0.498046875 0.08046875 0.494140625 0.07909482708333333 0.482421875 0.06398168125 0.482421875
4 0.4104395604166667 0.41796875 0.40911458333333334 0.427734375 0.41573946875 0.4404296875 0.4899381875 0.498046875 0.50186298125 0.5029296875 0.5190876833333333 0.5029296875 0.5296875 0.4970703125 0.5296875 0.4814453125 0.4753634395833333 0.44140625 0.4687385520833333 0.4404296875 0.43163919375 0.4140625 0.4197144 0.4130859375 0.4104395604166667 0.41796875
4 0.599603175 0.3935546875 0.6167452041666667 0.3935546875 0.63125 0.380859375 0.6272941458333333 0.3701171875 0.6022404104166666 0.3623046875 0.4796089625 0.345703125 0.46510416666666665 0.3515625 0.4677414020833333 0.37109375 0.48752066875 0.3798828125 0.599603175 0.3935546875
4 0.5085503479166666 0.45703125 0.5231119791666666 0.44921875 0.5270833333333333 0.443359375 0.5231119791666666 0.4296875 0.4344184020833334 0.3544921875 0.41853298541666667 0.3515625 0.4 0.3642578125 0.4066189229166667 0.3798828125 0.4900173604166667 0.4521484375 0.5085503479166666 0.45703125
4 0.5328559020833333 0.265625 0.5302083333333333 0.27734375 0.5341796875 0.2841796875 0.6109592020833333 0.35546875 0.6255208333333333 0.3642578125 0.6480251729166666 0.3603515625 0.6572916666666667 0.3515625 0.6533203125 0.33984375 0.6003689229166667 0.2958984375 0.5712456604166667 0.2587890625 0.5593315979166668 0.251953125 0.54874131875 0.251953125 0.5328559020833333 0.265625
7 0.3690104166666667 0.2509765625 0.3865017354166667 0.255859375 0.40533854166666666 0.2451171875 0.42552083333333335 0.1455078125 0.421484375 0.1328125 0.40130208333333334 0.12109375 0.39053819375000004 0.1259765625 0.38246527708333333 0.1376953125 0.3609375 0.2236328125 0.3609375 0.2431640625 0.3690104166666667 0.2509765625
1 0.4498816291666667 0.1328125 0.44289772708333336 0.12890625 0.42473958333333334 0.1328125 0.42753314375 0.1494140625 0.43451704583333334 0.1552734375 0.4498816291666667 0.1572265625 0.45546875 0.1474609375 0.4498816291666667 0.1328125
1 0.21373456875 0.1962890625 0.22614776250000002 0.189453125 0.22890625 0.181640625 0.21925154375 0.1748046875 0.20959683541666668 0.1708984375 0.1971836416666667 0.1708984375 0.19166666666666668 0.1748046875 0.19166666666666668 0.185546875 0.19856288541666667 0.1923828125 0.21373456875 0.1962890625
1 0.45026041666666666 0.25 0.44613865 0.2421875 0.43102550208333335 0.2373046875 0.4186602020833333 0.2373046875 0.41041666666666665 0.2431640625 0.41041666666666665 0.2529296875 0.4255298125 0.2607421875 0.4378951145833333 0.259765625 0.45026041666666666 0.25
1 0.28717948750000005 0.271484375 0.29270833333333335 0.2626953125 0.2899439104166667 0.2568359375 0.267828525 0.2509765625 0.2581530458333333 0.2548828125 0.25677083333333334 0.263671875 0.26368189166666667 0.2705078125 0.2719751604166667 0.2734375 0.28717948750000005 0.271484375
1 0.9515625 0.0908203125 0.9434121624999999 0.0849609375 0.9257530958333333 0.083984375 0.9108108104166667 0.0888671875 0.9013020833333333 0.099609375 0.9026604729166666 0.1201171875 0.9203195375 0.1337890625 0.9420537729166667 0.119140625 0.9515625 0.0908203125
1 0.7953125 0.2861328125 0.78985906875 0.2802734375 0.75304840625 0.2802734375 0.7489583333333333 0.283203125 0.7503216916666666 0.2939453125 0.7775888479166666 0.3056640625 0.7912224270833333 0.302734375 0.7953125 0.2861328125
9 0.3756227354166667 0.337890625 0.37005208333333334 0.341796875 0.3714447458333333 0.3544921875 0.379800725 0.3583984375 0.39094202916666665 0.3564453125 0.40208333333333335 0.333984375 0.3756227354166667 0.337890625
9 0.3421875 0.3017578125 0.33796875 0.29296875 0.3140625 0.314453125 0.31828125 0.328125 0.32953125 0.3310546875 0.33796875 0.328125 0.33515625 0.30859375 0.3421875 0.3017578125
11 0.10450082916666667 0.2392578125 0.12430862916666667 0.2958984375 0.15996266666666664 0.3447265625 0.17184734583333333 0.3505859375 0.23259126041666667 0.3193359375 0.2484375 0.30859375 0.2484375 0.3037109375 0.19297566458333335 0.23046875 0.10450082916666667 0.2099609375 0.09921875 0.2099609375 0.10450082916666667 0.2392578125
11 0.9708473333333333 0.251953125 0.9511480729166667 0.228515625 0.8001204083333333 0.2333984375 0.7935539875 0.2373046875 0.75546875 0.23828125 0.7594086020833333 0.25 0.9577144937500001 0.4140625 0.9682207666666667 0.4033203125 0.9787270375 0.3994140625 0.9971130145833332 0.40234375 0.9997395833333333 0.3369140625 0.9905465958333333 0.3330078125 0.9826668916666667 0.322265625 0.9931731625 0.2958984375 0.98135360625 0.275390625 0.96953405 0.2724609375 0.9708473333333333 0.251953125
11 0.8036482666666667 0.7353515625 0.8208284666666666 0.7255859375 0.8565104166666667 0.6572265625 0.8432948791666667 0.6572265625 0.7151041666666667 0.6875 0.7151041666666667 0.6943359375 0.7283197041666667 0.7060546875 0.7692878708333333 0.732421875 0.8036482666666667 0.7353515625
11 0.6719791666666667 0.7236328125 0.7184635416666667 0.7060546875 0.7197916666666667 0.7021484375 0.7091666666666666 0.6904296875 0.6334635416666666 0.654296875 0.6201822916666667 0.650390625 0.6135416666666667 0.65234375 0.6135416666666667 0.6884765625 0.6361197916666667 0.720703125 0.6719791666666667 0.7236328125
11 0.6711038312500001 0.724609375 0.7145161291666666 0.7099609375 0.72109375 0.7041015625 0.7118850812499999 0.69140625 0.6171673395833334 0.6455078125 0.5777016125000001 0.6513671875 0.5303427416666666 0.6640625 0.5171875 0.6708984375 0.62900705625 0.720703125 0.6711038312500001 0.724609375
7 0.0837311125 0.314453125 0.07578125 0.3330078125 0.07975618125 0.3759765625 0.10095581458333333 0.408203125 0.14468006041666664 0.4384765625 0.16852964791666666 0.4443359375 0.18707932708333336 0.443359375 0.19635416666666666 0.4345703125 0.19502918958333335 0.41796875 0.16322973958333334 0.349609375 0.12613037916666667 0.30078125 0.11023065416666666 0.298828125 0.09830586041666667 0.302734375 0.0837311125 0.314453125
11 0.59930555625 0.39453125 0.5572861541666666 0.38671875 0.5178929666666667 0.3857421875 0.47062114166666663 0.3759765625 0.46142939791666665 0.3564453125 0.47062114166666663 0.3486328125 0.43910659166666666 0.33984375 0.43385416666666665 0.3408203125 0.4377934854166667 0.349609375 0.48243909791666667 0.39453125 0.5060750104166667 0.4091796875 0.5691041125 0.43359375 0.6006186625000001 0.4228515625 0.68203125 0.3759765625 0.61243661875 0.365234375 0.6268807875 0.373046875 0.6268807875 0.3876953125 0.6203152562500001 0.3935546875 0.59930555625 0.39453125
4 0.18779105416666667 0.4091796875 0.21577818541666666 0.4296875 0.25042892083333335 0.44140625 0.26242340625 0.44140625 0.27308517083333333 0.4365234375 0.27708333333333335 0.41015625 0.25709252499999996 0.3759765625 0.24509803958333334 0.3720703125 0.22110906875 0.375 0.19445465625 0.38671875 0.18645833333333334 0.39453125 0.18779105416666667 0.4091796875
5 0.23610551041666666 0.4873046875 0.25747647916666666 0.5048828125 0.2935399875 0.5087890625 0.31090389791666667 0.4970703125 0.31223958333333335 0.47265625 0.28552587291666665 0.44921875 0.2534694229166667 0.4443359375 0.24144825208333334 0.4482421875 0.23076276875 0.4609375 0.22942708333333334 0.4736328125 0.23610551041666666 0.4873046875
8 0.3387896833333333 0.486328125 0.3550099208333333 0.4814453125 0.36041666666666666 0.4736328125 0.36041666666666666 0.4599609375 0.34419642916666665 0.4453125 0.31986607083333335 0.4423828125 0.3049975208333333 0.4521484375 0.30364583333333334 0.4609375 0.3171626979166666 0.478515625 0.3387896833333333 0.486328125
8 0.32608901458333334 0.390625 0.33553503749999997 0.384765625 0.33958333333333335 0.37109375 0.3314867416666667 0.35546875 0.3206912875 0.3466796875 0.29640151458333336 0.3447265625 0.28020833333333334 0.35546875 0.28425662916666666 0.3779296875 0.2977509479166667 0.388671875 0.32608901458333334 0.390625
4 0.26130756666666666 0.126953125 0.24269462708333334 0.13671875 0.23072916666666668 0.1552734375 0.23072916666666668 0.1826171875 0.23870613958333334 0.1962890625 0.2573190791666667 0.212890625 0.27327302708333334 0.2197265625 0.2958744520833333 0.220703125 0.32512335625 0.2041015625 0.33177083333333335 0.1884765625 0.3291118416666666 0.1640625 0.32246436458333333 0.150390625 0.29720394791666666 0.130859375 0.28257949583333336 0.1259765625 0.26130756666666666 0.126953125
6 0.1109375 0.091796875 0.1109375 0.1162109375 0.12824074166666669 0.1435546875 0.15885416666666666 0.158203125 0.1854745375 0.1552734375 0.20011574166666665 0.1435546875 0.20677083333333332 0.1298828125 0.20410879583333333 0.099609375 0.188136575 0.0771484375 0.17083333333333334 0.06640625 0.146875 0.0634765625 0.12291666666666666 0.0732421875 0.1109375 0.091796875
11 0.40598958333333335 0.103515625 0.38598484791666665 0.0712890625 0.3713147104166667 0.0576171875 0.36464646458333333 0.0576171875 0.31796875 0.07421875 0.32330334583333337 0.1259765625 0.3553109208333333 0.138671875 0.37798295416666666 0.140625 0.40598958333333335 0.103515625
5 0.8784230354166667 0.2607421875 0.88507421875 0.2490234375 0.88374398125 0.2421875 0.8717718541666667 0.236328125 0.8318647583333333 0.228515625 0.8065902666666667 0.23046875 0.78663671875 0.2421875 0.7892971916666667 0.2490234375 0.8664509083333333 0.263671875 0.8784230354166667 0.2607421875
5 0.8680426 0.3017578125 0.8760416666666667 0.2900390625 0.8693757770833332 0.2744140625 0.8120491291666667 0.2568359375 0.7947178166666667 0.2587890625 0.78671875 0.265625 0.78938510625 0.271484375 0.8560439979166666 0.30078125 0.8680426 0.3017578125
3 0.97329898125 0.14453125 0.9544492458333332 0.1416015625 0.9221354166666667 0.158203125 0.9234818270833334 0.169921875 0.9490636083333333 0.1708984375 0.9773382083333334 0.1650390625 0.9854166666666667 0.1513671875 0.97329898125 0.14453125
3 0.9183573708333334 0.2578125 0.9130208333333333 0.2666015625 0.9196915062500001 0.2724609375 0.9583814104166667 0.28125 0.9997395833333333 0.2578125 0.9997395833333333 0.24609375 0.9183573708333334 0.2578125
11 0.8088541666666667 0.3896484375 0.8234635416666667 0.4033203125 0.8354166666666667 0.408203125 0.8845572916666666 0.4130859375 0.9071354166666666 0.408203125 0.9137760416666667 0.400390625 0.9151041666666667 0.3837890625 0.8739322916666666 0.3681640625 0.8619791666666666 0.357421875 0.8301041666666666 0.3583984375 0.8115104166666666 0.3720703125 0.8088541666666667 0.3896484375
0 0.8138276624999999 0.3799912109375 0.8095794270833333 0.383064453125 0.81087795 0.3867470703125 0.8228754291666667 0.39687109375 0.8346918458333333 0.40648144531249997 0.8560167958333333 0.39961328125 0.8668697916666667 0.392294921875 0.8617689375 0.387794921875 0.8490242333333333 0.38765625 0.8287964729166667 0.385568359375 0.8205067416666666 0.3800732421875 0.8138276624999999 0.3799912109375
8 0.9382560479166667 0.4130859375 0.9250672041666667 0.4091796875 0.8643985208333334 0.41796875 0.83933971875 0.4189453125 0.7997731854166666 0.4140625 0.7971354166666667 0.421875 0.8024109541666667 0.431640625 0.8367019479166667 0.4462890625 0.8749495958333333 0.4521484375 0.8947328625 0.4521484375 0.9171538979166667 0.447265625 0.9316616270833333 0.439453125 0.9501260083333333 0.4345703125 0.9606770833333333 0.42578125 0.9606770833333333 0.4208984375 0.9474882395833333 0.412109375 0.9382560479166667 0.4130859375
3 0.7300416666666667 0.36328125 0.7328125 0.353515625 0.7272708333333333 0.3310546875 0.7161875 0.3310546875 0.7009479166666667 0.345703125 0.6981770833333333 0.3564453125 0.7064895833333333 0.36328125 0.7189583333333334 0.3671875 0.7300416666666667 0.36328125
3 0.7391626604166667 0.3232421875 0.7432291666666667 0.3017578125 0.7350961541666667 0.2919921875 0.7106971145833333 0.2880859375 0.6944310895833333 0.298828125 0.6903645833333333 0.310546875 0.7012086 0.322265625 0.7269631416666668 0.330078125 0.7391626604166667 0.3232421875
7 0.5820808541666668 0.4677734375 0.5736731145833333 0.4658203125 0.56806795625 0.4755859375 0.5666666666666667 0.4873046875 0.572271825 0.4951171875 0.59609375 0.50390625 0.5946924604166667 0.4873046875 0.5820808541666668 0.4677734375
7 0.5927083333333333 0.478515625 0.5969618062500001 0.5029296875 0.6040509249999999 0.5107421875 0.6125578708333334 0.51171875 0.6182291666666667 0.4912109375 0.6012152770833333 0.478515625 0.5927083333333333 0.478515625
3 0.47109375 0.5400390625 0.46973214375 0.5322265625 0.46020089375 0.5283203125 0.43569196458333337 0.5283203125 0.4234375 0.5361328125 0.4234375 0.5458984375 0.44522321458333336 0.5546875 0.46020089375 0.55078125 0.47109375 0.5400390625
4 0.39989390416666665 0.5302734375 0.42134452083333335 0.53125 0.43072916666666666 0.5107421875 0.41866319375 0.4970703125 0.37442129583333333 0.4560546875 0.3650366520833333 0.45703125 0.35967399791666665 0.4677734375 0.35833333333333334 0.4853515625 0.37173996875 0.513671875 0.39989390416666665 0.5302734375
4 0.6137202375 0.5556640625 0.6018229166666667 0.55859375 0.6044667666666667 0.583984375 0.6137202375 0.6015625 0.6639533729166666 0.65234375 0.6930357145833334 0.654296875 0.71683035625 0.650390625 0.739303075 0.6416015625 0.740625 0.63671875 0.7141865083333333 0.611328125 0.6824603166666667 0.5888671875 0.6679191458333332 0.56640625 0.6480902770833333 0.5654296875 0.6137202375 0.5556640625
7 0.6395833333333333 0.51171875 0.6489123770833333 0.5380859375 0.6689031854166667 0.55859375 0.6808976708333333 0.58203125 0.6982230395833333 0.59765625 0.7075520833333333 0.599609375 0.7302083333333333 0.5732421875 0.7262101708333333 0.5380859375 0.7088848041666667 0.5263671875 0.6755667895833334 0.513671875 0.6435814958333334 0.5087890625 0.6395833333333333 0.51171875
7 0.7294270833333333 0.5361328125 0.7294270833333333 0.5458984375 0.74407738125 0.5751953125 0.75473214375 0.5869140625 0.76671875 0.587890625 0.78936011875 0.5693359375 0.7986830354166667 0.5419921875 0.82265625 0.5263671875 0.82265625 0.521484375 0.8026785708333333 0.4970703125 0.78936011875 0.4951171875 0.7613913687499999 0.5078125 0.7294270833333333 0.5361328125
3 0.82265625 0.5458984375 0.8169849541666667 0.541015625 0.8028067125 0.5419921875 0.7971354166666667 0.5458984375 0.7985532416666667 0.5546875 0.8155671291666666 0.5654296875 0.82265625 0.5576171875 0.82265625 0.5458984375
2 0.7179166666666668 0.50390625 0.71640625 0.51171875 0.7269791666666666 0.5146484375 0.7315104166666667 0.5068359375 0.7179166666666668 0.50390625
0 0.6723752208333333 0.49444042968749996 0.6634258208333333 0.48919433593750006 0.65778125 0.49017871093750004 0.65778125 0.495787109375 0.6672932645833334 0.502205078125 0.6834361979166667 0.5026875000000001 0.683182525 0.4985263671875 0.6723752208333333 0.49444042968749996
4 0.3857442875 0.646484375 0.39642977083333336 0.6572265625 0.41245799791666665 0.6640625 0.44050739166666664 0.662109375 0.46588541666666666 0.642578125 0.46454973125 0.615234375 0.4471858208333333 0.6005859375 0.43516465 0.603515625 0.40711525625 0.6220703125 0.39242271458333333 0.6220703125 0.38307291666666665 0.626953125 0.3857442875 0.646484375
4 0.32718023333333335 0.6708984375 0.34309593125 0.693359375 0.4160428770833333 0.7021484375 0.4346111916666667 0.69921875 0.4359375 0.693359375 0.42002180208333334 0.6708984375 0.39349563958333333 0.6552734375 0.37890625 0.640625 0.325853925 0.6435546875 0.321875 0.65234375 0.32718023333333335 0.6708984375
8 0.31048815416666664 0.6884765625 0.32526041666666666 0.6806640625 0.3212316166666667 0.6474609375 0.31048815416666664 0.634765625 0.29840175625 0.630859375 0.27154309583333336 0.6416015625 0.26348549791666664 0.6513671875 0.25677083333333334 0.67578125 0.27422896249999995 0.6884765625 0.31048815416666664 0.6884765625
8 0.22890625 0.47265625 0.22621704999999998 0.44921875 0.21680484791666668 0.4443359375 0.19932504166666665 0.4453125 0.16302083333333334 0.4755859375 0.16571003333333334 0.486328125 0.18587903958333335 0.4951171875 0.20873724583333333 0.4912109375 0.22890625 0.47265625
8 0.15 0.6591796875 0.17276785625000002 0.638671875 0.178125 0.6142578125 0.15 0.6025390625 0.13392857083333334 0.6015625 0.12455357083333334 0.60546875 0.103125 0.6279296875 0.10446428541666666 0.6416015625 0.12857142916666667 0.6552734375 0.15 0.6591796875
3 0.36432291666666666 0.3720703125 0.36432291666666666 0.365234375 0.3447679916666667 0.3486328125 0.33359375 0.353515625 0.34197443125 0.3740234375 0.36432291666666666 0.3720703125
3 0.42552083333333335 0.3232421875 0.42135416666666664 0.318359375 0.3921875 0.3193359375 0.3921875 0.3271484375 0.4032986104166667 0.3349609375 0.4157986104166667 0.3359375 0.42274305624999997 0.33203125 0.42552083333333335 0.3232421875
3 0.28151041666666665 0.38671875 0.28441220208333334 0.400390625 0.28876488125 0.4033203125 0.30182291666666666 0.4013671875 0.29892113125 0.3896484375 0.28876488125 0.384765625 0.28151041666666665 0.38671875
10 0.2948671395833333 0.4058642578125 0.2934440104166667 0.4156298828125 0.30752872708333334 0.42840625 0.31793750000000004 0.41339453125 0.31000782083333334 0.40262109375 0.30198278958333336 0.4039111328125 0.2948671395833333 0.4058642578125
4 0.4299760708333333 0.3095703125 0.42864583333333334 0.3251953125 0.4379574895833333 0.333984375 0.48185529374999997 0.34375 0.49515765833333336 0.34375 0.5044693125 0.3388671875 0.5191019145833333 0.3212890625 0.5270833333333333 0.2978515625 0.5270833333333333 0.2724609375 0.52043215 0.2607421875 0.5097902583333334 0.2587890625 0.488506475 0.2646484375 0.4299760708333333 0.3095703125
4 0.34575576249999995 0.2431640625 0.32324357291666667 0.23828125 0.31927083333333334 0.2412109375 0.32324357291666667 0.2646484375 0.33383754374999997 0.2880859375 0.35767398125 0.31640625 0.37091644583333333 0.3173828125 0.40931959166666665 0.306640625 0.4212378104166667 0.306640625 0.44375 0.2958984375 0.44375 0.2861328125 0.42521055 0.2685546875 0.397401375 0.263671875 0.34575576249999995 0.2431640625
2 0.5187026520833333 0.62890625 0.5231770833333333 0.62109375 0.5187026520833333 0.615234375 0.5097537875 0.6142578125 0.5067708333333333 0.6240234375 0.5187026520833333 0.62890625
3 0.47714684999999996 0.6884765625 0.48932291666666666 0.6767578125 0.4879700208333333 0.6572265625 0.47444105625 0.646484375 0.467676575 0.646484375 0.4500889229166667 0.6640625 0.43385416666666665 0.6669921875 0.4352070625 0.6806640625 0.45279471458333337 0.69140625 0.47714684999999996 0.6884765625
4 0.9052083333333333 0.5712890625 0.9065419833333334 0.5859375 0.9505524 0.61328125 0.9772253791666666 0.623046875 0.9932291666666667 0.619140625 0.9158775250000001 0.5703125 0.9052083333333333 0.5712890625
4 0.9110872395833333 0.732451171875 0.9085221354166666 0.732451171875 0.9085221354166666 0.732939453125 0.9110872395833333 0.732939453125 0.9110872395833333 0.732451171875
4 0.9645833333333333 0.7373046875 0.9632555291666667 0.73046875 0.8596868562500001 0.724609375 0.85703125 0.7294921875 0.8649980708333334 0.7392578125 0.9035043729166666 0.7470703125 0.9513052979166667 0.7451171875 0.9645833333333333 0.7373046875
0 0.67787688125 0.3502578125 0.6730078125 0.3509443359375 0.6850377000000001 0.357955078125 0.6954947916666666 0.3563583984375 0.693904775 0.3519716796875 0.6867367812499999 0.348712890625 0.67787688125 0.3502578125
1 0.7940104166666667 0.365234375 0.7885495583333333 0.359375 0.7516887625 0.3583984375 0.7489583333333333 0.3662109375 0.7544191916666667 0.37109375 0.77899305625 0.3798828125 0.7926452020833333 0.3759765625 0.7940104166666667 0.365234375
3 0.19947916666666668 0.302734375 0.20224358958333333 0.310546875 0.224358975 0.318359375 0.23541666666666666 0.3134765625 0.22574118541666666 0.302734375 0.20915464791666669 0.296875 0.19947916666666668 0.302734375
3 0.05187375625 0.3622626953125 0.06884114583333334 0.3610283203125 0.061459147916666665 0.3518583984375 0.04152355 0.35025097656250004 0.03926692708333333 0.3554267578125 0.05187375625 0.3622626953125
2 0.33038194375 0.525390625 0.32578125 0.533203125 0.3349826395833333 0.5361328125 0.33958333333333335 0.529296875 0.33038194375 0.525390625
3 0.15068435 0.5654296875 0.15338541666666666 0.5576171875 0.1358284875 0.5380859375 0.11151889583333333 0.5302734375 0.10071463125 0.5322265625 0.0953125 0.576171875 0.120972625 0.580078125 0.13852955416666665 0.568359375 0.15068435 0.5654296875
4 0.3091592270833334 0.5556640625 0.29962797708333333 0.5537109375 0.27239583333333334 0.57421875 0.2764806541666667 0.583984375 0.3009895833333333 0.5986328125 0.32005208333333335 0.5751953125 0.32005208333333335 0.5654296875 0.3091592270833334 0.5556640625
3 0.4215550604166667 0.5478515625 0.38479166666666664 0.5478515625 0.37526041666666665 0.552734375 0.37526041666666665 0.5634765625 0.38479166666666664 0.57421875 0.4106622020833333 0.5751953125 0.42291666666666666 0.56640625 0.4215550604166667 0.5478515625
0 0.53359375 0.5107421875 0.5265873020833334 0.5068359375 0.5041666666666667 0.5107421875 0.5041666666666667 0.5185546875 0.5111731145833333 0.5224609375 0.52938988125 0.5205078125 0.53359375 0.5166015625 0.53359375 0.5107421875