9 0.13541666709183675 0.181640625 0.1328125 0.1455078125 0.11458333290816326 0.1640625 0.11848958290816326 0.1796875 0.13541666709183675 0.181640625
9 0.35807291709183675 0.1123046875 0.34505208290816325 0.119140625 0.34895833290816325 0.1318359375 0.36458333290816325 0.138671875 0.37109375 0.134765625 0.36848958290816325 0.1201171875 0.3828125 0.0947265625 0.37630208290816325 0.0888671875 0.36588541709183675 0.08984375 0.35807291709183675 0.1123046875
9 0.8385416670918366 0.166015625 0.82421875 0.1591796875 0.8151041670918366 0.16015625 0.8046875 0.1689453125 0.8033854170918366 0.17578125 0.8138020829081634 0.1943359375 0.8033854170918366 0.2236328125 0.8033854170918366 0.2275390625 0.8098958329081634 0.228515625 0.81640625 0.2265625 0.82421875 0.203125 0.8424479170918366 0.1875 0.8450520829081634 0.1767578125 0.8385416670918366 0.166015625
9 0.7174479170918366 0.25390625 0.7252604170918366 0.2705078125 0.72265625 0.2861328125 0.73046875 0.291015625 0.7369791670918366 0.267578125 0.7473958329081634 0.2626953125 0.7473958329081634 0.2529296875 0.7369791670918366 0.2431640625 0.71875 0.244140625 0.7174479170918366 0.25390625
9 0.7200520829081634 0.48046875 0.7213541670918366 0.46875 0.7018229170918366 0.4677734375 0.6940104170918366 0.4814453125 0.6809895829081634 0.490234375 0.6783854170918366 0.4951171875 0.6822916670918366 0.4990234375 0.7200520829081634 0.48046875
9 0.5807291670918368 0.4970703125 0.57421875 0.49609375 0.5533854170918368 0.505859375 0.5572916670918368 0.515625 0.5690104170918368 0.5166015625 0.58203125 0.5009765625 0.5807291670918368 0.4970703125
9 0.49739583290816325 0.5185546875 0.49479166709183675 0.509765625 0.48697916709183675 0.505859375 0.47786458290816325 0.5078125 0.46875 0.525390625 0.47005208290816325 0.533203125 0.4921875 0.5224609375 0.49739583290816325 0.5185546875
9 0.4453125 0.525390625 0.46223958290816325 0.501953125 0.43359375 0.51171875 0.43489583290816325 0.521484375 0.4453125 0.525390625
9 0.43229166709183675 0.4873046875 0.4375 0.4912109375 0.44791666709183675 0.4912109375 0.45963541709183675 0.4736328125 0.45572916709183675 0.470703125 0.44401041709183675 0.4775390625 0.43489583290816325 0.4775390625 0.43098958290816325 0.48046875 0.43229166709183675 0.4873046875
9 0.37890625 0.5185546875 0.37630208290816325 0.5166015625 0.375 0.5166015625 0.36979166709183675 0.5185546875 0.36848958290816325 0.5205078125 0.36458333290816325 0.5234375 0.36328125 0.5234375 0.359375 0.52734375 0.3515625 0.5283203125 0.34895833290816325 0.5322265625 0.3515625 0.5390625 0.35677083290816325 0.541015625 0.36328125 0.5419921875 0.36848958290816325 0.5390625 0.36848958290816325 0.537109375 0.36979166709183675 0.5361328125 0.36979166709183675 0.5302734375 0.37890625 0.5224609375 0.37890625 0.5185546875
9 0.34635416709183675 0.5146484375 0.34375 0.513671875 0.3359375 0.513671875 0.33333333290816325 0.515625 0.33333333290816325 0.5224609375 0.33723958290816325 0.525390625 0.33984375 0.525390625 0.34114583290816325 0.5263671875 0.34635416709183675 0.5263671875 0.34895833290816325 0.525390625 0.3515625 0.5224609375 0.3515625 0.5185546875 0.34635416709183675 0.5146484375
9 0.23697916709183672 0.5244140625 0.23828125 0.513671875 0.24869791709183672 0.5029296875 0.24869791709183672 0.5 0.24088541709183672 0.5009765625 0.22135416709183672 0.515625 0.22786458290816328 0.525390625 0.23697916709183672 0.5244140625
9 0.3059895829081633 0.6328125 0.3359375 0.6083984375 0.33072916709183675 0.5986328125 0.3203125 0.599609375 0.31640625 0.6044921875 0.31640625 0.6123046875 0.3020833329081633 0.6279296875 0.3059895829081633 0.6328125
9 0.8203125 0.5361328125 0.8190104170918366 0.5419921875 0.828125 0.541015625 0.8480898431122449 0.5260419921875 0.8580729170918366 0.521484375 0.8645833329081634 0.5224609375 0.8645833329081634 0.5166015625 0.8541666670918366 0.509765625 0.8450520829081634 0.5087890625 0.8411458329081634 0.51953125 0.8203125 0.5361328125
9 0.9283854170918366 0.537109375 0.9322916670918366 0.525390625 0.9453125 0.5146484375 0.9309895829081634 0.5048828125 0.9192708329081634 0.5048828125 0.9231770829081634 0.5146484375 0.9192708329081634 0.533203125 0.9283854170918366 0.537109375
9 0.9869791670918366 0.509765625 0.9986979170918366 0.5099013671875 0.9986979170918366 0.49123828125 0.9791367181122449 0.490671875 0.97265625 0.5146484375 0.9700520829081634 0.5244140625 0.9765625 0.5283203125 0.9869791670918366 0.509765625
9 0.97265625 0.140625 0.9986979170918366 0.12109375 0.99609375 0.083984375 0.9921875 0.1083984375 0.9505208329081634 0.142578125 0.9739583329081634 0.1435546875 0.97265625 0.140625
9 0.016927082908163266 0.3916015625 0.024739582908163266 0.3935546875 0.03515625 0.3896484375 0.029947917091836734 0.3759765625 0.04166666709183673 0.3603515625 0.04036458290816326 0.35546875 0.01171875 0.3779296875 0.010416667091836735 0.3837890625 0.016927082908163266 0.3916015625
9 0.07942708290816326 0.494140625 0.078125 0.482421875 0.06380208290816326 0.482421875 0.05989583290816327 0.4931640625 0.04166666709183673 0.5048828125 0.04296875 0.5126953125 0.06510416709183674 0.498046875 0.07942708290816326 0.494140625
4 0.43229166709183675 0.4140625 0.42057291709183675 0.4130859375 0.41145833290816325 0.41796875 0.41015625 0.427734375 0.41666666709183675 0.4404296875 0.48958333290816325 0.498046875 0.5013020829081632 0.5029296875 0.5182291670918368 0.5029296875 0.5286458329081632 0.4970703125 0.5286458329081632 0.4814453125 0.47526041709183675 0.44140625 0.46875 0.4404296875 0.43229166709183675 0.4140625
4 0.46875 0.37109375 0.48828125 0.3798828125 0.5989583329081632 0.3935546875 0.6158854170918368 0.3935546875 0.6302083329081632 0.380859375 0.6263020829081632 0.3701171875 0.6015625 0.3623046875 0.48046875 0.345703125 0.46614583290816325 0.3515625 0.46875 0.37109375
4 0.40755208290816325 0.3798828125 0.48958333290816325 0.4521484375 0.5078125 0.45703125 0.5221354170918368 0.44921875 0.5260416670918368 0.443359375 0.5221354170918368 0.4296875 0.43489583290816325 0.3544921875 0.41927083290816325 0.3515625 0.40104166709183675 0.3642578125 0.40755208290816325 0.3798828125
4 0.5598958329081632 0.251953125 0.5494791670918368 0.251953125 0.5338541670918368 0.265625 0.53125 0.27734375 0.53515625 0.2841796875 0.6106770829081632 0.35546875 0.625 0.3642578125 0.6471354170918368 0.3603515625 0.65625 0.3515625 0.65234375 0.33984375 0.6002604170918368 0.2958984375 0.5716145829081632 0.2587890625 0.5598958329081632 0.251953125
7 0.36197916709183675 0.2236328125 0.36197916709183675 0.2431640625 0.36979166709183675 0.2509765625 0.38671875 0.255859375 0.40494791709183675 0.2451171875 0.42447916709183675 0.1455078125 0.42057291709183675 0.1328125 0.40104166709183675 0.12109375 0.390625 0.1259765625 0.3828125 0.1376953125 0.36197916709183675 0.2236328125
1 0.44921875 0.1572265625 0.45442708290816325 0.1474609375 0.44921875 0.1328125 0.44270833290816325 0.12890625 0.42578125 0.1328125 0.42838541709183675 0.1494140625 0.43489583290816325 0.1552734375 0.44921875 0.1572265625
1 0.19270833290816328 0.185546875 0.19921875 0.1923828125 0.21354166709183672 0.1962890625 0.22526041709183672 0.189453125 0.22786458290816328 0.181640625 0.21875 0.1748046875 0.20963541709183672 0.1708984375 0.19791666709183672 0.1708984375 0.19270833290816328 0.1748046875 0.19270833290816328 0.185546875
1 0.42578125 0.2607421875 0.4375 0.259765625 0.44921875 0.25 0.4453125 0.2421875 0.43098958290816325 0.2373046875 0.41927083290816325 0.2373046875 0.41145833290816325 0.2431640625 0.41145833290816325 0.2529296875 0.42578125 0.2607421875
1 0.2643229170918367 0.2705078125 0.2721354170918367 0.2734375 0.2864583329081633 0.271484375 0.2916666670918367 0.2626953125 0.2890625 0.2568359375 0.2682291670918367 0.2509765625 0.2591145829081633 0.2548828125 0.2578125 0.263671875 0.2643229170918367 0.2705078125
1 0.9205729170918366 0.1337890625 0.94140625 0.119140625 0.9505208329081634 0.0908203125 0.9427083329081634 0.0849609375 0.92578125 0.083984375 0.9114583329081634 0.0888671875 0.90234375 0.099609375 0.9036458329081634 0.1201171875 0.9205729170918366 0.1337890625
1 0.77734375 0.3056640625 0.7903645829081634 0.302734375 0.7942708329081634 0.2861328125 0.7890625 0.2802734375 0.75390625 0.2802734375 0.75 0.283203125 0.7513020829081634 0.2939453125 0.77734375 0.3056640625
9 0.390625 0.3564453125 0.40104166709183675 0.333984375 0.37630208290816325 0.337890625 0.37109375 0.341796875 0.37239583290816325 0.3544921875 0.38020833290816325 0.3583984375 0.390625 0.3564453125
9 0.33723958290816325 0.328125 0.33463541709183675 0.30859375 0.34114583290816325 0.3017578125 0.33723958290816325 0.29296875 0.3151041670918367 0.314453125 0.3190104170918367 0.328125 0.32942708290816325 0.3310546875 0.33723958290816325 0.328125
11 0.10546875 0.2099609375 0.10026041709183674 0.2099609375 0.10546875 0.2392578125 0.125 0.2958984375 0.16015625 0.3447265625 0.171875 0.3505859375 0.23177083290816328 0.3193359375 0.24739583290816328 0.30859375 0.24739583290816328 0.3037109375 0.19270833290816328 0.23046875 0.10546875 0.2099609375
11 0.98046875 0.275390625 0.96875 0.2724609375 0.9700520829081634 0.251953125 0.9505208329081634 0.228515625 0.80078125 0.2333984375 0.7942708329081634 0.2373046875 0.7565104170918366 0.23828125 0.7604166670918366 0.25 0.95703125 0.4140625 0.9674479170918366 0.4033203125 0.9778645829081634 0.3994140625 0.99609375 0.40234375 0.9986979170918366 0.3369140625 0.9895833329081634 0.3330078125 0.9817708329081634 0.322265625 0.9921875 0.2958984375 0.98046875 0.275390625
11 0.7291666670918366 0.7060546875 0.76953125 0.732421875 0.8033854170918366 0.7353515625 0.8203125 0.7255859375 0.85546875 0.6572265625 0.8424479170918366 0.6572265625 0.7161458329081634 0.6875 0.7161458329081634 0.6943359375 0.7291666670918366 0.7060546875
11 0.6145833329081632 0.6884765625 0.63671875 0.720703125 0.671875 0.7236328125 0.7174479170918366 0.7060546875 0.71875 0.7021484375 0.7083333329081634 0.6904296875 0.6341145829081632 0.654296875 0.62109375 0.650390625 0.6145833329081632 0.65234375 0.6145833329081632 0.6884765625
11 0.5182291670918368 0.6708984375 0.62890625 0.720703125 0.6705729170918366 0.724609375 0.7135416670918366 0.7099609375 0.7200520829081634 0.7041015625 0.7109375 0.69140625 0.6171875 0.6455078125 0.578125 0.6513671875 0.53125 0.6640625 0.5182291670918368 0.6708984375
7 0.11067708290816326 0.298828125 0.09895833290816326 0.302734375 0.08463541709183674 0.314453125 0.07682291709183674 0.3330078125 0.08072916709183674 0.3759765625 0.1015625 0.408203125 0.14453125 0.4384765625 0.16796875 0.4443359375 0.18619791709183672 0.443359375 0.1953125 0.4345703125 0.19401041709183672 0.41796875 0.16276041709183675 0.349609375 0.12630208290816325 0.30078125 0.11067708290816326 0.298828125
11 0.6263020829081632 0.3876953125 0.6197916670918368 0.3935546875 0.5989583329081632 0.39453125 0.5572916670918368 0.38671875 0.5182291670918368 0.3857421875 0.47135416709183675 0.3759765625 0.46223958290816325 0.3564453125 0.47135416709183675 0.3486328125 0.44010416709183675 0.33984375 0.43489583290816325 0.3408203125 0.43880208290816325 0.349609375 0.48307291709183675 0.39453125 0.5065104170918368 0.4091796875 0.5690104170918368 0.43359375 0.6002604170918368 0.4228515625 0.6809895829081634 0.3759765625 0.6119791670918368 0.365234375 0.6263020829081632 0.373046875 0.6263020829081632 0.3876953125
4 0.1953125 0.38671875 0.1875 0.39453125 0.18880208290816328 0.4091796875 0.21614583290816328 0.4296875 0.25 0.44140625 0.26171875 0.44140625 0.2721354170918367 0.4365234375 0.2760416670918367 0.41015625 0.2565104170918367 0.3759765625 0.24479166709183672 0.3720703125 0.22135416709183672 0.375 0.1953125 0.38671875
5 0.23177083290816328 0.4609375 0.23046875 0.4736328125 0.23697916709183672 0.4873046875 0.2578125 0.5048828125 0.29296875 0.5087890625 0.3098958329081633 0.4970703125 0.3111979170918367 0.47265625 0.28515625 0.44921875 0.25390625 0.4443359375 0.2421875 0.4482421875 0.23177083290816328 0.4609375
8 0.3046875 0.4609375 0.3177083329081633 0.478515625 0.33854166709183675 0.486328125 0.35416666709183675 0.4814453125 0.359375 0.4736328125 0.359375 0.4599609375 0.34375 0.4453125 0.3203125 0.4423828125 0.3059895829081633 0.4521484375 0.3046875 0.4609375
8 0.28515625 0.3779296875 0.2981770829081633 0.388671875 0.3255208329081633 0.390625 0.33463541709183675 0.384765625 0.33854166709183675 0.37109375 0.33072916709183675 0.35546875 0.3203125 0.3466796875 0.296875 0.3447265625 0.28125 0.35546875 0.28515625 0.3779296875
4 0.296875 0.130859375 0.2825520829081633 0.1259765625 0.26171875 0.126953125 0.24348958290816328 0.13671875 0.23177083290816328 0.1552734375 0.23177083290816328 0.1826171875 0.23958333290816328 0.1962890625 0.2578125 0.212890625 0.2734375 0.2197265625 0.2955729170918367 0.220703125 0.32421875 0.2041015625 0.33072916709183675 0.1884765625 0.328125 0.1640625 0.3216145829081633 0.150390625 0.296875 0.130859375
6 0.14713541709183675 0.0634765625 0.12369791709183674 0.0732421875 0.11197916709183674 0.091796875 0.11197916709183674 0.1162109375 0.12890625 0.1435546875 0.15885416709183675 0.158203125 0.18489583290816328 0.1552734375 0.19921875 0.1435546875 0.20572916709183672 0.1298828125 0.203125 0.099609375 0.1875 0.0771484375 0.17057291709183672 0.06640625 0.14713541709183675 0.0634765625
11 0.35546875 0.138671875 0.37760416709183675 0.140625 0.40494791709183675 0.103515625 0.38541666709183675 0.0712890625 0.37109375 0.0576171875 0.36458333290816325 0.0576171875 0.3190104170918367 0.07421875 0.32421875 0.1259765625 0.35546875 0.138671875
5 0.7902825522959183 0.2490234375 0.8658033852040816 0.263671875 0.8775221352040816 0.2607421875 0.8840325522959183 0.2490234375 0.882730468112245 0.2421875 0.871011718112245 0.236328125 0.831949218112245 0.228515625 0.8072096352040816 0.23046875 0.7876783852040816 0.2421875 0.7902825522959183 0.2490234375
5 0.7903645829081634 0.271484375 0.85546875 0.30078125 0.8671875 0.3017578125 0.875 0.2900390625 0.8684895829081634 0.2744140625 0.8125 0.2568359375 0.7955729170918366 0.2587890625 0.7877604170918366 0.265625 0.7903645829081634 0.271484375
3 0.9765625 0.1650390625 0.984375 0.1513671875 0.97265625 0.14453125 0.9544270829081634 0.1416015625 0.9231770829081634 0.158203125 0.9244791670918366 0.169921875 0.94921875 0.1708984375 0.9765625 0.1650390625
3 0.9986979170918366 0.2578125 0.9986979170918366 0.24609375 0.9192708329081634 0.2578125 0.9140625 0.2666015625 0.9205729170918366 0.2724609375 0.9583333329081634 0.28125 0.9986979170918366 0.2578125
11 0.8307291670918366 0.3583984375 0.8125 0.3720703125 0.8098958329081634 0.3896484375 0.82421875 0.4033203125 0.8359375 0.408203125 0.8841145829081634 0.4130859375 0.90625 0.408203125 0.9127604170918366 0.400390625 0.9140625 0.3837890625 0.8736979170918366 0.3681640625 0.8619791670918366 0.357421875 0.8307291670918366 0.3583984375
0 0.8291393227040815 0.385568359375 0.8211510420918368 0.3800732421875 0.814714843112245 0.3799912109375 0.8106210931122448 0.383064453125 0.8118723954081632 0.3867470703125 0.823433593112245 0.39687109375 0.8348203125000001 0.4064814453125 0.8553697920918367 0.39961328125 0.8658281250000001 0.392294921875 0.8609127602040816 0.387794921875 0.8486315102040816 0.38765625 0.8291393227040815 0.385568359375
8 0.9596354170918366 0.4208984375 0.9466145829081634 0.412109375 0.9375 0.4130859375 0.9244791670918366 0.4091796875 0.8645833329081634 0.41796875 0.83984375 0.4189453125 0.80078125 0.4140625 0.7981770829081634 0.421875 0.8033854170918366 0.431640625 0.8372395829081634 0.4462890625 0.875 0.4521484375 0.89453125 0.4521484375 0.9166666670918366 0.447265625 0.9309895829081634 0.439453125 0.94921875 0.4345703125 0.9596354170918366 0.42578125 0.9596354170918366 0.4208984375
3 0.70703125 0.36328125 0.71875 0.3671875 0.7291666670918366 0.36328125 0.7317708329081634 0.353515625 0.7265625 0.3310546875 0.7161458329081634 0.3310546875 0.7018229170918366 0.345703125 0.69921875 0.3564453125 0.70703125 0.36328125
3 0.7018229170918366 0.322265625 0.7265625 0.330078125 0.73828125 0.3232421875 0.7421875 0.3017578125 0.734375 0.2919921875 0.7109375 0.2880859375 0.6953125 0.298828125 0.69140625 0.310546875 0.7018229170918366 0.322265625
7 0.5950520829081632 0.50390625 0.59375 0.4873046875 0.58203125 0.4677734375 0.57421875 0.4658203125 0.5690104170918368 0.4755859375 0.5677083329081632 0.4873046875 0.5729166670918368 0.4951171875 0.5950520829081632 0.50390625
7 0.6171875 0.4912109375 0.6015625 0.478515625 0.59375 0.478515625 0.59765625 0.5029296875 0.6041666670918368 0.5107421875 0.6119791670918368 0.51171875 0.6171875 0.4912109375
3 0.4453125 0.5546875 0.45963541709183675 0.55078125 0.47005208290816325 0.5400390625 0.46875 0.5322265625 0.45963541709183675 0.5283203125 0.43619791709183675 0.5283203125 0.42447916709183675 0.5361328125 0.42447916709183675 0.5458984375 0.4453125 0.5546875
4 0.359375 0.4853515625 0.37239583290816325 0.513671875 0.39973958290816325 0.5302734375 0.42057291709183675 0.53125 0.4296875 0.5107421875 0.41796875 0.4970703125 0.375 0.4560546875 0.36588541709183675 0.45703125 0.36067708290816325 0.4677734375 0.359375 0.4853515625
4 0.66796875 0.56640625 0.6484375 0.5654296875 0.6145833329081632 0.5556640625 0.6028645829081632 0.55859375 0.60546875 0.583984375 0.6145833329081632 0.6015625 0.6640625 0.65234375 0.6927083329081634 0.654296875 0.7161458329081634 0.650390625 0.73828125 0.6416015625 0.7395833329081634 0.63671875 0.7135416670918366 0.611328125 0.6822916670918366 0.5888671875 0.66796875 0.56640625
7 0.67578125 0.513671875 0.64453125 0.5087890625 0.640625 0.51171875 0.6497395829081632 0.5380859375 0.6692708329081634 0.55859375 0.6809895829081634 0.58203125 0.6979166670918366 0.59765625 0.70703125 0.599609375 0.7291666670918366 0.5732421875 0.7252604170918366 0.5380859375 0.7083333329081634 0.5263671875 0.67578125 0.513671875
7 0.7890625 0.4951171875 0.76171875 0.5078125 0.73046875 0.5361328125 0.73046875 0.5458984375 0.7447916670918366 0.5751953125 0.7552083329081634 0.5869140625 0.7669270829081634 0.587890625 0.7890625 0.5693359375 0.7981770829081634 0.5419921875 0.8216145829081634 0.5263671875 0.8216145829081634 0.521484375 0.8020833329081634 0.4970703125 0.7890625 0.4951171875
3 0.8151041670918366 0.5654296875 0.8216145829081634 0.5576171875 0.8216145829081634 0.5458984375 0.81640625 0.541015625 0.8033854170918366 0.5419921875 0.7981770829081634 0.5458984375 0.7994791670918366 0.5546875 0.8151041670918366 0.5654296875
2 0.7265625 0.5146484375 0.73046875 0.5068359375 0.71875 0.50390625 0.7174479170918366 0.51171875 0.7265625 0.5146484375
0 0.6823945306122449 0.5026875 0.6821614579081632 0.4985263671875 0.6722317704081633 0.4944404296875 0.6640091147959184 0.4891943359375 0.6588229170918367 0.4901787109375 0.6588229170918367 0.495787109375 0.6675625000000001 0.502205078125 0.6823945306122449 0.5026875
4 0.39322916709183675 0.6220703125 0.38411458290816325 0.626953125 0.38671875 0.646484375 0.39713541709183675 0.6572265625 0.41276041709183675 0.6640625 0.44010416709183675 0.662109375 0.46484375 0.642578125 0.46354166709183675 0.615234375 0.44661458290816325 0.6005859375 0.43489583290816325 0.603515625 0.40755208290816325 0.6220703125 0.39322916709183675 0.6220703125
4 0.32682291709183675 0.6435546875 0.3229166670918367 0.65234375 0.328125 0.6708984375 0.34375 0.693359375 0.41536458290816325 0.7021484375 0.43359375 0.69921875 0.43489583290816325 0.693359375 0.41927083290816325 0.6708984375 0.39322916709183675 0.6552734375 0.37890625 0.640625 0.32682291709183675 0.6435546875
8 0.2578125 0.67578125 0.2747395829081633 0.6884765625 0.3098958329081633 0.6884765625 0.32421875 0.6806640625 0.3203125 0.6474609375 0.3098958329081633 0.634765625 0.2981770829081633 0.630859375 0.2721354170918367 0.6416015625 0.2643229170918367 0.6513671875 0.2578125 0.67578125
8 0.18619791709183672 0.4951171875 0.20833333290816328 0.4912109375 0.22786458290816328 0.47265625 0.22526041709183672 0.44921875 0.21614583290816328 0.4443359375 0.19921875 0.4453125 0.1640625 0.4755859375 0.16666666709183672 0.486328125 0.18619791709183672 0.4951171875
8 0.10546875 0.6416015625 0.12890625 0.6552734375 0.14973958290816325 0.6591796875 0.171875 0.638671875 0.17708333290816328 0.6142578125 0.14973958290816325 0.6025390625 0.13411458290816325 0.6015625 0.125 0.60546875 0.10416666709183674 0.6279296875 0.10546875 0.6416015625
3 0.33463541709183675 0.353515625 0.34244791709183675 0.3740234375 0.36328125 0.3720703125 0.36328125 0.365234375 0.34505208290816325 0.3486328125 0.33463541709183675 0.353515625
3 0.41536458290816325 0.3359375 0.421875 0.33203125 0.42447916709183675 0.3232421875 0.42057291709183675 0.318359375 0.39322916709183675 0.3193359375 0.39322916709183675 0.3271484375 0.40364583290816325 0.3349609375 0.41536458290816325 0.3359375
3 0.2981770829081633 0.3896484375 0.2890625 0.384765625 0.2825520829081633 0.38671875 0.28515625 0.400390625 0.2890625 0.4033203125 0.30078125 0.4013671875 0.2981770829081633 0.3896484375
10 0.309640625 0.40262109375 0.30229817729591835 0.4039111328125 0.29578776020408165 0.4058642578125 0.29448567729591835 0.4156298828125 0.3073723954081633 0.42840625 0.31689583290816326 0.41339453125 0.309640625 0.40262109375
4 0.5091145829081632 0.2587890625 0.48828125 0.2646484375 0.43098958290816325 0.3095703125 0.4296875 0.3251953125 0.43880208290816325 0.333984375 0.48177083290816325 0.34375 0.49479166709183675 0.34375 0.50390625 0.3388671875 0.5182291670918368 0.3212890625 0.5260416670918368 0.2978515625 0.5260416670918368 0.2724609375 0.51953125 0.2607421875 0.5091145829081632 0.2587890625
4 0.42447916709183675 0.2685546875 0.39713541709183675 0.263671875 0.34635416709183675 0.2431640625 0.32421875 0.23828125 0.3203125 0.2412109375 0.32421875 0.2646484375 0.33463541709183675 0.2880859375 0.35807291709183675 0.31640625 0.37109375 0.3173828125 0.40885416709183675 0.306640625 0.42057291709183675 0.306640625 0.44270833290816325 0.2958984375 0.44270833290816325 0.2861328125 0.42447916709183675 0.2685546875
2 0.5104166670918368 0.6142578125 0.5078125 0.6240234375 0.5182291670918368 0.62890625 0.5221354170918368 0.62109375 0.5182291670918368 0.615234375 0.5104166670918368 0.6142578125
3 0.43619791709183675 0.6806640625 0.453125 0.69140625 0.4765625 0.6884765625 0.48828125 0.6767578125 0.48697916709183675 0.6572265625 0.47395833290816325 0.646484375 0.46744791709183675 0.646484375 0.45052083290816325 0.6640625 0.43489583290816325 0.6669921875 0.43619791709183675 0.6806640625
4 0.9921875 0.619140625 0.9166666670918366 0.5703125 0.90625 0.5712890625 0.9075520829081634 0.5859375 0.9505208329081634 0.61328125 0.9765625 0.623046875 0.9921875 0.619140625
4 0.9095638022959184 0.732939453125 0.9100455727040816 0.732939453125 0.9100455727040816 0.732451171875 0.9095638022959184 0.732451171875 0.9095638022959184 0.732939453125
4 0.9036458329081634 0.7470703125 0.9505208329081634 0.7451171875 0.9635416670918366 0.7373046875 0.9622395829081634 0.73046875 0.8606770829081634 0.724609375 0.8580729170918366 0.7294921875 0.8658854170918366 0.7392578125 0.9036458329081634 0.7470703125
0 0.6930104170918368 0.3519716796875 0.6865065102040816 0.348712890625 0.6784674477040817 0.3502578125 0.6740494795918367 0.3509443359375 0.6849648431122448 0.357955078125 0.6944531249999999 0.3563583984375 0.6930104170918368 0.3519716796875
1 0.7786458329081634 0.3798828125 0.7916666670918366 0.3759765625 0.79296875 0.365234375 0.7877604170918366 0.359375 0.7526041670918366 0.3583984375 0.75 0.3662109375 0.7552083329081634 0.37109375 0.7786458329081634 0.3798828125
3 0.22526041709183672 0.302734375 0.20963541709183672 0.296875 0.20052083290816328 0.302734375 0.203125 0.310546875 0.22395833290816328 0.318359375 0.234375 0.3134765625 0.22526041709183672 0.302734375
3 0.04240625 0.3502509765625 0.0403085931122449 0.3554267578125 0.0520273431122449 0.3622626953125 0.06779947959183674 0.3610283203125 0.0609375 0.3518583984375 0.04240625 0.3502509765625
2 0.33463541709183675 0.5361328125 0.33854166709183675 0.529296875 0.33072916709183675 0.525390625 0.32682291709183675 0.533203125 0.33463541709183675 0.5361328125
3 0.12109375 0.580078125 0.13802083290816325 0.568359375 0.14973958290816325 0.5654296875 0.15234375 0.5576171875 0.13541666709183675 0.5380859375 0.11197916709183674 0.5302734375 0.1015625 0.5322265625 0.09635416709183674 0.576171875 0.12109375 0.580078125
4 0.3190104170918367 0.5751953125 0.3190104170918367 0.5654296875 0.30859375 0.5556640625 0.2994791670918367 0.5537109375 0.2734375 0.57421875 0.27734375 0.583984375 0.30078125 0.5986328125 0.3190104170918367 0.5751953125
3 0.41015625 0.5751953125 0.421875 0.56640625 0.42057291709183675 0.5478515625 0.38541666709183675 0.5478515625 0.37630208290816325 0.552734375 0.37630208290816325 0.5634765625 0.38541666709183675 0.57421875 0.41015625 0.5751953125
0 0.5286458329081632 0.5205078125 0.5325520829081632 0.5166015625 0.5325520829081632 0.5107421875 0.5260416670918368 0.5068359375 0.5052083329081632 0.5107421875 0.5052083329081632 0.5185546875 0.51171875 0.5224609375 0.5286458329081632 0.5205078125