11 0.37760416709183675 0.353515625 0.47265625 0.3564453125 0.5169270829081632 0.3076171875 0.515625 0.2978515625 0.5104166670918368 0.2998046875 0.49869791709183675 0.2919921875 0.48828125 0.275390625 0.4921875 0.267578125 0.47135416709183675 0.2470703125 0.38671875 0.2412109375 0.36979166709183675 0.2529296875 0.35677083290816325 0.271484375 0.3515625 0.26953125 0.35026041709183675 0.27734375 0.34505208290816325 0.2783203125 0.33203125 0.296875 0.37760416709183675 0.353515625
4 0.7669270829081634 0.376953125 0.7955729170918366 0.3740234375 0.8125 0.3662109375 0.8255208329081634 0.35546875 0.8333333329081634 0.3388671875 0.8307291670918366 0.3203125 0.8203125 0.3056640625 0.7942708329081634 0.2880859375 0.7786458329081634 0.283203125 0.76953125 0.2861328125 0.7513020829081634 0.3037109375 0.7369791670918366 0.30859375 0.7239583329081634 0.326171875 0.7122395829081634 0.3310546875 0.7083333329081634 0.345703125 0.71875 0.3623046875 0.7447916670918366 0.3740234375 0.7669270829081634 0.376953125
3 0.20572916709183672 0.2353515625 0.22786458290816328 0.2314453125 0.23046875 0.2216796875 0.22526041709183672 0.212890625 0.15494791709183675 0.166015625 0.12239583290816326 0.15234375 0.09114583290816326 0.1513671875 0.0859375 0.154296875 0.08463541709183674 0.1640625 0.10026041709183674 0.197265625 0.12109375 0.2177734375 0.20572916709183672 0.2353515625
3 0.45052083290816325 0.298828125 0.45442708290816325 0.2939453125 0.45052083290816325 0.2744140625 0.41796875 0.25390625 0.39973958290816325 0.248046875 0.38671875 0.2646484375 0.38932291709183675 0.28515625 0.41796875 0.3056640625 0.43098958290816325 0.306640625 0.45052083290816325 0.298828125
8 0.1484375 0.3740234375 0.15364583290816325 0.359375 0.140625 0.3408203125 0.12630208290816325 0.3369140625 0.11197916709183674 0.3388671875 0.09895833290816326 0.3515625 0.1015625 0.369140625 0.11458333290816326 0.3818359375 0.13151041709183675 0.3837890625 0.1484375 0.3740234375
8 0.06510416709183674 0.310546875 0.0703125 0.302734375 0.06901041709183674 0.2890625 0.05338541709183673 0.2734375 0.028645832908163266 0.2705078125 0.014322917091836735 0.2822265625 0.014322917091836735 0.296875 0.028645832908163266 0.3154296875 0.046875 0.3193359375 0.06510416709183674 0.310546875
8 0.18229166709183672 0.4658203125 0.18489583290816328 0.453125 0.17447916709183672 0.4423828125 0.14973958290816325 0.439453125 0.13802083290816325 0.4482421875 0.13802083290816325 0.462890625 0.14713541709183675 0.4736328125 0.16536458290816328 0.4755859375 0.18229166709183672 0.4658203125
8 0.125 0.5322265625 0.12630208290816325 0.517578125 0.11458333290816326 0.5078125 0.09765625 0.5048828125 0.07942708290816326 0.51171875 0.07682291709183674 0.5263671875 0.08854166709183674 0.5400390625 0.11197916709183674 0.5400390625 0.125 0.5322265625
11 0.9986979170918366 0.251953125 0.921875 0.248046875 0.9140625 0.2529296875 0.8893229170918366 0.2900390625 0.8880208329081634 0.30078125 0.9765625 0.3955078125 0.9986979170918366 0.39453125 0.9986979170918366 0.251953125
7 0.9322916670918366 0.24609375 0.9479166670918366 0.244140625 0.9622395829081634 0.2080078125 0.94140625 0.1806640625 0.9322916670918366 0.1484375 0.93359375 0.1318359375 0.9505208329081634 0.123046875 0.9427083329081634 0.1103515625 0.9088541670918366 0.1083984375 0.8815104170918366 0.115234375 0.859375 0.1279296875 0.84375 0.1484375 0.84375 0.18359375 0.8671875 0.2158203125 0.8997395829081634 0.2373046875 0.9322916670918366 0.24609375
4 0.421875 0.22265625 0.44010416709183675 0.216796875 0.45703125 0.2021484375 0.45833333290816325 0.1904296875 0.453125 0.185546875 0.40755208290816325 0.171875 0.38932291709183675 0.162109375 0.37109375 0.1630859375 0.359375 0.17578125 0.35807291709183675 0.1875 0.37369791709183675 0.2080078125 0.40364583290816325 0.22265625 0.421875 0.22265625
7 0.3072916670918367 0.4326171875 0.3033854170918367 0.412109375 0.28125 0.400390625 0.26171875 0.40625 0.2421875 0.4208984375 0.24348958290816328 0.435546875 0.2669270829081633 0.45703125 0.29296875 0.4501953125 0.3072916670918367 0.4326171875
7 0.3229166670918367 0.505859375 0.32421875 0.4970703125 0.296875 0.46484375 0.28515625 0.4638671875 0.26953125 0.46875 0.2552083329081633 0.4873046875 0.2578125 0.5087890625 0.27734375 0.5244140625 0.296875 0.5244140625 0.3229166670918367 0.505859375
4 0 0.63671875 0.03776041709183674 0.6689453125 0.05338541709183673 0.6708984375 0.06770833290816326 0.6630859375 0.07161458290816326 0.630859375 0.08333333290816326 0.61328125 0.07421875 0.603515625 0.02734375 0.6103515625 0 0.59765625 0 0.63671875
4 0.2708333329081633 0.390625 0.30859375 0.373046875 0.3255208329081633 0.35546875 0.3216145829081633 0.3515625 0.2734375 0.33984375 0.24869791709183672 0.3271484375 0.23046875 0.3408203125 0.22135416709183672 0.359375 0.22135416709183672 0.376953125 0.23046875 0.3857421875 0.24739583290816328 0.390625 0.2708333329081633 0.390625
5 0.22005208290816328 0.287109375 0.20963541709183672 0.2998046875 0.21875 0.306640625 0.24739583290816328 0.302734375 0.27734375 0.287109375 0.2890625 0.275390625 0.2864583329081633 0.265625 0.2747395829081633 0.2587890625 0.2513020829081633 0.2646484375 0.23307291709183672 0.26171875 0.23046875 0.2421875 0.22395833290816328 0.2373046875 0.20833333290816328 0.2392578125 0.1796875 0.2587890625 0.18229166709183672 0.2734375 0.20442708290816328 0.2734375 0.21875 0.2783203125 0.22005208290816328 0.287109375
3 0.8268229170918366 0.2275390625 0.83984375 0.2158203125 0.8255208329081634 0.1796875 0.8346354170918366 0.154296875 0.82421875 0.1435546875 0.81640625 0.142578125 0.8059895829081634 0.1455078125 0.7955729170918366 0.15625 0.8020833329081634 0.1748046875 0.7942708329081634 0.208984375 0.8177083329081634 0.2255859375 0.8268229170918366 0.2275390625
3 0.7682291670918366 0.1845703125 0.7825520829081634 0.181640625 0.7890625 0.1611328125 0.7825520829081634 0.15625 0.7578125 0.16015625 0.7018229170918366 0.2021484375 0.7044270829081634 0.21875 0.7317708329081634 0.216796875 0.76171875 0.201171875 0.7682291670918366 0.1845703125
3 0.60546875 0.1640625 0.5989583329081632 0.1435546875 0.58984375 0.1376953125 0.5611979170918368 0.13671875 0.5416666670918368 0.150390625 0.5416666670918368 0.16796875 0.5572916670918368 0.1767578125 0.5885416670918368 0.1748046875 0.60546875 0.1640625
3 0.43229166709183675 0.103515625 0.42578125 0.0869140625 0.4140625 0.080078125 0.40234375 0.0791015625 0.37369791709183675 0.083984375 0.35546875 0.1005859375 0.35807291709183675 0.12109375 0.390625 0.1357421875 0.41927083290816325 0.1259765625 0.43229166709183675 0.103515625
7 0.328125 0.17578125 0.3359375 0.1630859375 0.33072916709183675 0.13671875 0.2890625 0.1005859375 0.27734375 0.0947265625 0.26953125 0.09765625 0.2643229170918367 0.171875 0.2864583329081633 0.1806640625 0.31640625 0.181640625 0.328125 0.17578125
0 0.18229166709183672 0.5537109375 0.17057291709183672 0.54296875 0.1484375 0.548828125 0.12239583290816326 0.5634765625 0.12239583290816326 0.57421875 0.14713541709183675 0.5810546875 0.17838541709183672 0.568359375 0.18229166709183672 0.5537109375
2 0.47265625 0.3232421875 0.46223958290816325 0.3251953125 0.46354166709183675 0.337890625 0.4765625 0.33984375 0.47916666709183675 0.3271484375 0.47265625 0.3232421875
2 0.41145833290816325 0.3349609375 0.40364583290816325 0.33203125 0.39453125 0.3388671875 0.39583333290816325 0.3505859375 0.40494791709183675 0.3564453125 0.41145833290816325 0.35546875 0.41145833290816325 0.3349609375
2 0.5260416670918368 0.7509765625 0.52734375 0.7392578125 0.51953125 0.73046875 0.5091145829081632 0.7255859375 0.5 0.7255859375 0.49348958290816325 0.73046875 0.49348958290816325 0.7421875 0.49869791709183675 0.748046875 0.5078125 0.7529296875 0.5260416670918368 0.7509765625
2 0.6861979170918366 0.6025390625 0.671875 0.6015625 0.6640625 0.603515625 0.65234375 0.615234375 0.6458333329081632 0.6318359375 0.65625 0.6357421875 0.7018229170918366 0.6123046875 0.6861979170918366 0.6025390625
3 0.35026041709183675 0.6884765625 0.36458333290816325 0.6826171875 0.38020833290816325 0.6689453125 0.38151041709183675 0.638671875 0.36458333290816325 0.6220703125 0.3177083329081633 0.615234375 0.2981770829081633 0.626953125 0.2903645829081633 0.638671875 0.29296875 0.6650390625 0.31640625 0.685546875 0.33203125 0.689453125 0.35026041709183675 0.6884765625