8 0.6673205604166667 0.337890625 0.62468065625 0.3359375 0.5940332270833333 0.34375 0.5647182937499999 0.3603515625 0.5473958333333333 0.384765625 0.5473958333333333 0.4150390625 0.5580558083333333 0.4365234375 0.5873707416666666 0.45703125 0.6153531791666667 0.4638671875 0.6513305958333333 0.46484375 0.6859755166666667 0.455078125 0.7126254562500001 0.4384765625 0.7259504250000001 0.41796875 0.7299479166666667 0.390625 0.7192879416666667 0.3681640625 0.6993004875000001 0.3505859375 0.6673205604166667 0.337890625
8 0.39640972291666665 0.658203125 0.39505208333333336 0.67578125 0.4018402770833333 0.69140625 0.42627777708333336 0.70703125 0.4642916666666667 0.7080078125 0.47922569375 0.7021484375 0.496875 0.6865234375 0.496875 0.654296875 0.4873715270833333 0.6435546875 0.46700694375 0.6328125 0.43306597291666665 0.6318359375 0.4127013895833333 0.6396484375 0.39640972291666665 0.658203125
6 0.35921180625000004 0.611328125 0.32596527708333334 0.6015625 0.2940486104166667 0.6005859375 0.25149305625 0.6123046875 0.22223611041666666 0.6337890625 0.20494791666666667 0.6650390625 0.20627777708333334 0.697265625 0.22356597291666666 0.7265625 0.2568125 0.75 0.28075 0.7568359375 0.3193159729166667 0.7578125 0.35788194375 0.7470703125 0.38979861041666664 0.7236328125 0.4044270833333333 0.697265625 0.3964479166666666 0.673828125 0.39910763958333334 0.650390625 0.38846875000000003 0.6328125 0.35921180625000004 0.611328125
5 0.07838541666666667 0.6533203125 0.06229745416666667 0.6533203125 0.043528164583333334 0.6630859375 0.0421875 0.67578125 0.06095678958333333 0.7060546875 0.10117669791666667 0.7421875 0.15748456875 0.7685546875 0.16955053958333333 0.7724609375 0.18429783958333334 0.771484375 0.18697916666666667 0.76171875 0.15748456875 0.744140625 0.13737461458333333 0.7265625 0.11726466041666667 0.703125 0.09179205208333333 0.66015625 0.07838541666666667 0.6533203125
7 0.49322831666666667 0.4912109375 0.47578713333333333 0.4970703125 0.46773735625 0.5048828125 0.45968757708333335 0.5380859375 0.44358802291666666 0.5693359375 0.38723958333333336 0.6279296875 0.3885812125 0.6337890625 0.39797261875 0.6396484375 0.4100472854166667 0.6396484375 0.4395631354166667 0.626953125 0.48115365000000004 0.591796875 0.5146943895833334 0.546875 0.5285963541666666 0.5068212890625 0.5120111291666667 0.4931640625 0.49322831666666667 0.4912109375
2 0.5286458333333334 0.5009765625 0.54375 0.4873046875 0.525625 0.484375 0.5135416666666667 0.48828125 0.5180729166666667 0.4990234375 0.5286458333333334 0.5009765625
1 0.578882575 0.572265625 0.5878314395833333 0.560546875 0.5893229166666667 0.546875 0.5565104166666667 0.5478515625 0.56545928125 0.5693359375 0.578882575 0.572265625
1 0.51112689375 0.4150390625 0.5096354166666667 0.421875 0.5170928020833333 0.4326171875 0.5245501895833333 0.4384765625 0.5334990520833334 0.4375 0.5424479166666667 0.4140625 0.51112689375 0.4150390625
1 0.5424479166666667 0.3173828125 0.5379166666666666 0.314453125 0.5122395833333333 0.31640625 0.5122395833333333 0.330078125 0.5197916666666667 0.3388671875 0.5288541666666666 0.3408203125 0.5409375 0.328125 0.5424479166666667 0.3173828125
1 0.4666666666666667 0.2568359375 0.47270833333333334 0.2724609375 0.48781250000000004 0.2783203125 0.49536458333333333 0.2705078125 0.496875 0.25390625 0.47723958333333333 0.251953125 0.4666666666666667 0.2568359375
1 0.7442708333333333 0.2900390625 0.72637310625 0.2890625 0.7114583333333333 0.29296875 0.7174242416666666 0.310546875 0.7233901520833333 0.3154296875 0.7338304916666666 0.31640625 0.7442708333333333 0.3046875 0.7442708333333333 0.2900390625
1 0.74296875 0.228515625 0.7191051145833334 0.224609375 0.71015625 0.2314453125 0.71463068125 0.2470703125 0.7220880687500001 0.2529296875 0.7310369312499999 0.251953125 0.7399857958333332 0.2421875 0.74296875 0.228515625
1 0.8666666666666667 0.337890625 0.8415798604166667 0.333984375 0.83125 0.3388671875 0.83125 0.34765625 0.8401041666666667 0.3583984375 0.8474826395833334 0.3623046875 0.85928819375 0.3603515625 0.8666666666666667 0.337890625
2 0.16131810833333335 0.46484375 0.16943108958333333 0.46484375 0.175921475 0.462890625 0.175921475 0.4619140625 0.17916666666666667 0.4599609375 0.17916666666666667 0.4560546875 0.17429887916666667 0.453125 0.16456330208333333 0.453125 0.1596955125 0.45703125 0.15807291666666667 0.4638671875 0.16131810833333335 0.46484375
2 0.14904513958333335 0.44921875 0.14574652708333333 0.4501953125 0.14409722291666668 0.4521484375 0.14244791666666667 0.455078125 0.14244791666666667 0.4599609375 0.14409722291666668 0.4609375 0.14409722291666668 0.462890625 0.14904513958333335 0.4658203125 0.15729166666666666 0.46484375 0.16059027708333332 0.462890625 0.16223958333333333 0.458984375 0.16223958333333333 0.453125 0.16059027708333332 0.451171875 0.15564236041666665 0.44921875 0.14904513958333335 0.44921875
5 0.11899038541666668 0.5830078125 0.11053685833333333 0.5830078125 0.10349225416666667 0.5888671875 0.10208333333333333 0.59765625 0.10631009583333334 0.61328125 0.12180822708333333 0.6474609375 0.14012419791666667 0.6708984375 0.148577725 0.6787109375 0.15421340833333333 0.6796875 0.15703125 0.673828125 0.14294203958333332 0.65625 0.14294203958333332 0.6455078125 0.13448851458333333 0.6337890625 0.13026175208333332 0.5888671875 0.11899038541666668 0.5830078125
11 1 0.5892032375 0.79408203125 0.5853720703125 0.7964062270833333 0.72014453125 0.8006586124999999 0.79440625 1 0.8040053484374999 1 0.5892032375
11 0.802291325 0.7158056640625 0.6601080729166667 0.712068359375 0.6642002083333334 0.8177734375 0.80599609375 0.823349609375 0.802291325 0.7158056640625
8 1 0.49784057031250006 0.9748943229166667 0.4912109375 0.9421950479166666 0.4931640625 0.9149456520833333 0.5078125 0.9067708333333333 0.521484375 0.9081333041666666 0.5458984375 0.9312952895833334 0.5673828125 0.9694444437499999 0.576171875 1 0.570458578125 1 0.49784057031250006
10 0.92265625 0.6064453125 0.9171875 0.59765625 0.8953125 0.5869140625 0.8583984375 0.5859375 0.8419921875 0.5927734375 0.83515625 0.60546875 0.84609375 0.61328125 0.91171875 0.615234375 0.92265625 0.6064453125
10 0.8115885416666667 0.5859375 0.8553385416666667 0.5849609375 0.8744791666666667 0.5703125 0.8676432291666667 0.5595703125 0.8594401041666667 0.5576171875 0.8006510416666667 0.556640625 0.7869791666666667 0.5634765625 0.7869791666666667 0.5703125 0.8020182291666667 0.5830078125 0.8115885416666667 0.5859375
2 0.8768229166666667 0.53515625 0.8768229166666667 0.548828125 0.8978298604166667 0.5517578125 0.9083333333333333 0.546875 0.9053323416666667 0.5390625 0.8858258937500001 0.533203125 0.8768229166666667 0.53515625
3 0.9184895833333333 0.3828125 0.9198958333333334 0.3896484375 0.9522395833333334 0.39453125 0.9691145833333333 0.3896484375 0.9747395833333333 0.37890625 0.9508333333333333 0.3681640625 0.9184895833333333 0.3828125
0 0.9552083333333333 0.4013671875 0.9537994125 0.39453125 0.93407451875 0.390625 0.92139423125 0.390625 0.9002604166666667 0.3974609375 0.9002604166666667 0.4033203125 0.9101228625 0.4052734375 0.9397102020833333 0.4052734375 0.9552083333333333 0.4013671875
3 1 0.45791330625000004 0.9765625 0.455078125 0.96089154375 0.4609375 0.95234375 0.466796875 0.9623161770833334 0.474609375 0.9794117645833332 0.4775390625 1 0.47471648125000004 1 0.45791330625000004
5 0.46205929583333333 0.4189453125 0.4591346145833333 0.41015625 0.4708333333333333 0.361328125 0.4679086541666667 0.3544921875 0.46059695416666663 0.3564453125 0.4518229166666667 0.3681640625 0.4328125 0.40625 0.43573717916666665 0.42578125 0.45328525625 0.42578125 0.46205929583333333 0.4189453125
8 0.5052223145833333 0.2021484375 0.43605984375 0.2294921875 0.40546875 0.2548828125 0.40546875 0.271484375 0.40945889166666666 0.2744140625 0.42142932083333334 0.2734375 0.4932518875 0.244140625 0.5358134083333332 0.236328125 0.5610843125 0.236328125 0.5916754062499999 0.228515625 0.6023157854166666 0.220703125 0.6036458333333333 0.2060546875 0.5823650729166666 0.1923828125 0.5504439312499999 0.193359375 0.5052223145833333 0.2021484375
7 0.7710349458333333 0.142578125 0.7508316541666668 0.14453125 0.7265877020833333 0.154296875 0.7198532708333333 0.1845703125 0.70234375 0.1982421875 0.714465725 0.216796875 0.7427503354166666 0.228515625 0.76160674375 0.23046875 0.8047071020833333 0.2197265625 0.8168290770833334 0.2109375 0.8276041666666667 0.193359375 0.82625728125 0.171875 0.8154821916666666 0.158203125 0.8033602145833334 0.150390625 0.7710349458333333 0.142578125
4 0.88442115 0.3154296875 0.8966145833333333 0.29296875 0.8708728895833333 0.275390625 0.8166798520833333 0.2783203125 0.8004219416666667 0.28515625 0.7895833333333333 0.294921875 0.7895833333333333 0.3017578125 0.8017767666666666 0.3193359375 0.88442115 0.3154296875
0 0.86640625 0.37890625 0.8694490125000001 0.396484375 0.8861842104166667 0.3974609375 0.8953125 0.3896484375 0.8922697374999999 0.3740234375 0.8785773020833333 0.37109375 0.86640625 0.37890625
2 0.9828414354166667 0.4140625 0.97578125 0.4287109375 0.9916666666666667 0.42578125 0.9916666666666667 0.4189453125 0.9828414354166667 0.4140625
6 0.7391051145833334 0.4287109375 0.7597727270833333 0.4384765625 0.7831960229166667 0.439453125 0.7997301145833333 0.431640625 0.809375 0.419921875 0.8038636354166666 0.400390625 0.7804403416666666 0.388671875 0.7501278416666667 0.392578125 0.7349715916666667 0.4052734375 0.73359375 0.419921875 0.7391051145833334 0.4287109375
3 0.8613210229166667 0.6455078125 0.8764772729166667 0.6435546875 0.8875 0.6298828125 0.8833664770833334 0.6201171875 0.8709659083333333 0.6162109375 0.8186079541666668 0.6171875 0.8130965916666667 0.623046875 0.81171875 0.6298828125 0.8268749999999999 0.638671875 0.8613210229166667 0.6455078125
2 0.9252604166666667 0.7578125 0.9252604166666667 0.7470703125 0.9168229166666666 0.740234375 0.8732291666666666 0.7392578125 0.8704166666666667 0.7421875 0.8690104166666667 0.7529296875 0.8830729166666667 0.759765625 0.9154166666666667 0.76171875 0.9252604166666667 0.7578125
3 0.84453125 0.6904296875 0.83606085625 0.6748046875 0.8233552625 0.6669921875 0.7979440791666667 0.6640625 0.7951206145833333 0.66796875 0.7908854166666667 0.6767578125 0.7951206145833333 0.6923828125 0.8374725875000001 0.7099609375 0.84453125 0.6904296875
4 0.71336226875 0.7724609375 0.8037037041666667 0.775390625 0.8171875 0.765625 0.8104456020833334 0.744140625 0.79696180625 0.7255859375 0.7147106479166666 0.7236328125 0.7039236104166666 0.7314453125 0.6958333333333333 0.755859375 0.70257523125 0.7666015625 0.71336226875 0.7724609375
7 0.6830150458333333 0.7880859375 0.6886863416666666 0.7939453125 0.70711805625 0.7998046875 0.715625 0.7744140625 0.7000289354166667 0.76171875 0.6971932875 0.75 0.678761575 0.7314453125 0.6730902770833332 0.7275390625 0.6645833333333333 0.7314453125 0.6645833333333333 0.744140625 0.6830150458333333 0.7880859375
2 0.531105325 0.6005859375 0.5346354166666667 0.5908203125 0.5275752312499999 0.587890625 0.51875 0.58984375 0.51875 0.5986328125 0.531105325 0.6005859375
2 0.06692708333333333 0.583984375 0.06692708333333333 0.59765625 0.07798611041666666 0.6025390625 0.08904513958333334 0.595703125 0.090625 0.583984375 0.07798611041666666 0.5791015625 0.06692708333333333 0.583984375
2 0 0.8088014234375001 0.06649305625 0.8154296875 0.08020833333333334 0.806640625 0.08020833333333334 0.798828125 0.06923611041666668 0.791015625 0.04866319374999999 0.79296875 0.007517360416666666 0.7890625 0 0.7890625 0 0.8088014234375001
4 0 0.811078415625 0.0006597229166666666 0.818359375 0.05826388958333333 0.8173828125 0.08020833333333334 0.8076171875 0.08020833333333334 0.798828125 0.07335069375 0.7919921875 0.00203125 0.7880859375 0 0.7880859375 0 0.811078415625
3 0.6566911145833333 0.4912109375 0.6622395833333333 0.4853515625 0.6608524666666666 0.482421875 0.609529125 0.478515625 0.59565795 0.4833984375 0.5942708333333333 0.4990234375 0.6039806541666667 0.50390625 0.6317230020833333 0.5009765625 0.6566911145833333 0.4912109375
4 0.7153645833333333 0.3642578125 0.7288756125 0.384765625 0.7356311270833333 0.3876953125 0.8139950979166667 0.3857421875 0.8221017166666668 0.37890625 0.8302083333333333 0.359375 0.8275061270833334 0.3515625 0.81804840625 0.3447265625 0.78291973125 0.3427734375 0.7356311270833333 0.345703125 0.7167156854166666 0.35546875 0.7153645833333333 0.3642578125