8 0.6158854166666666 0.4638671875 0.6510416666666666 0.46484375 0.6848958333333334 0.455078125 0.7109375 0.4384765625 0.7239583333333334 0.41796875 0.7278645833333334 0.390625 0.7174479166666666 0.3681640625 0.6979166666666666 0.3505859375 0.6666666666666666 0.337890625 0.625 0.3359375 0.5950520833333334 0.34375 0.56640625 0.3603515625 0.5494791666666666 0.384765625 0.5494791666666666 0.4150390625 0.5598958333333334 0.4365234375 0.5885416666666666 0.45703125 0.6158854166666666 0.4638671875
8 0.4635416666666667 0.7080078125 0.4778645833333333 0.7021484375 0.4947916666666667 0.6865234375 0.4947916666666667 0.654296875 0.4856770833333333 0.6435546875 0.4661458333333333 0.6328125 0.43359375 0.6318359375 0.4140625 0.6396484375 0.3984375 0.658203125 0.3971354166666667 0.67578125 0.4036458333333333 0.69140625 0.4270833333333333 0.70703125 0.4635416666666667 0.7080078125
6 0.28125 0.7568359375 0.3190104166666667 0.7578125 0.3567708333333333 0.7470703125 0.3880208333333333 0.7236328125 0.40234375 0.697265625 0.39453125 0.673828125 0.3971354166666667 0.650390625 0.38671875 0.6328125 0.3580729166666667 0.611328125 0.3255208333333333 0.6015625 0.2942708333333333 0.6005859375 0.2526041666666667 0.6123046875 0.22395833333333334 0.6337890625 0.20703125 0.6650390625 0.20833333333333334 0.697265625 0.22526041666666666 0.7265625 0.2578125 0.75 0.28125 0.7568359375
5 0.15625 0.7685546875 0.16796875 0.7724609375 0.18229166666666666 0.771484375 0.18489583333333334 0.76171875 0.15625 0.744140625 0.13671875 0.7265625 0.1171875 0.703125 0.09244791666666667 0.66015625 0.07942708333333333 0.6533203125 0.06380208333333333 0.6533203125 0.045572916666666664 0.6630859375 0.044270833333333336 0.67578125 0.0625 0.7060546875 0.1015625 0.7421875 0.15625 0.7685546875
7 0.390625 0.6337890625 0.3997395833333333 0.6396484375 0.4114583333333333 0.6396484375 0.4401041666666667 0.626953125 0.48046875 0.591796875 0.5130208333333334 0.546875 0.5265130208333333 0.5068212890625 0.5104166666666666 0.4931640625 0.4921875 0.4912109375 0.4752604166666667 0.4970703125 0.4674479166666667 0.5048828125 0.4596354166666667 0.5380859375 0.4440104166666667 0.5693359375 0.3893229166666667 0.6279296875 0.390625 0.6337890625
2 0.5260416666666666 0.484375 0.515625 0.48828125 0.51953125 0.4990234375 0.5286458333333334 0.5009765625 0.5416666666666666 0.4873046875 0.5260416666666666 0.484375
1 0.5872395833333334 0.546875 0.55859375 0.5478515625 0.56640625 0.5693359375 0.578125 0.572265625 0.5859375 0.560546875 0.5872395833333334 0.546875
1 0.5325520833333334 0.4375 0.5403645833333334 0.4140625 0.5130208333333334 0.4150390625 0.51171875 0.421875 0.5182291666666666 0.4326171875 0.5247395833333334 0.4384765625 0.5325520833333334 0.4375
1 0.5390625 0.328125 0.5403645833333334 0.3173828125 0.5364583333333334 0.314453125 0.5143229166666666 0.31640625 0.5143229166666666 0.330078125 0.5208333333333334 0.3388671875 0.5286458333333334 0.3408203125 0.5390625 0.328125
1 0.4947916666666667 0.25390625 0.4778645833333333 0.251953125 0.46875 0.2568359375 0.4739583333333333 0.2724609375 0.4869791666666667 0.2783203125 0.4934895833333333 0.2705078125 0.4947916666666667 0.25390625
1 0.7421875 0.3046875 0.7421875 0.2900390625 0.7265625 0.2890625 0.7135416666666666 0.29296875 0.71875 0.310546875 0.7239583333333334 0.3154296875 0.7330729166666666 0.31640625 0.7421875 0.3046875
1 0.73828125 0.2421875 0.7408854166666666 0.228515625 0.7200520833333334 0.224609375 0.7122395833333334 0.2314453125 0.7161458333333334 0.2470703125 0.72265625 0.2529296875 0.73046875 0.251953125 0.73828125 0.2421875
1 0.8580729166666666 0.3603515625 0.8645833333333334 0.337890625 0.8424479166666666 0.333984375 0.8333333333333334 0.3388671875 0.8333333333333334 0.34765625 0.8411458333333334 0.3583984375 0.84765625 0.3623046875 0.8580729166666666 0.3603515625
2 0.17447916666666666 0.462890625 0.17447916666666666 0.4619140625 0.17708333333333334 0.4599609375 0.17708333333333334 0.4560546875 0.17317708333333334 0.453125 0.16536458333333334 0.453125 0.16145833333333334 0.45703125 0.16015625 0.4638671875 0.16276041666666666 0.46484375 0.16927083333333334 0.46484375 0.17447916666666666 0.462890625
2 0.14583333333333334 0.462890625 0.14973958333333334 0.4658203125 0.15625 0.46484375 0.15885416666666666 0.462890625 0.16015625 0.458984375 0.16015625 0.453125 0.15885416666666666 0.451171875 0.15494791666666666 0.44921875 0.14973958333333334 0.44921875 0.14713541666666666 0.4501953125 0.14583333333333334 0.4521484375 0.14453125 0.455078125 0.14453125 0.4599609375 0.14583333333333334 0.4609375 0.14583333333333334 0.462890625
5 0.13932291666666666 0.6708984375 0.14713541666666666 0.6787109375 0.15234375 0.6796875 0.15494791666666666 0.673828125 0.14192708333333334 0.65625 0.14192708333333334 0.6455078125 0.13411458333333334 0.6337890625 0.13020833333333334 0.5888671875 0.11979166666666667 0.5830078125 0.11197916666666667 0.5830078125 0.10546875 0.5888671875 0.10416666666666667 0.59765625 0.10807291666666667 0.61328125 0.12239583333333333 0.6474609375 0.13932291666666666 0.6708984375
11 0.9986979166666666 0.8040429687499999 0.9986979166666666 0.5892177734375 0.7961653645833333 0.5853720703125 0.7984427083333333 0.72014453125 0.802609375 0.79440625 0.9986979166666666 0.8040429687499999
11 0.8003138020833334 0.7158056640625 0.6621914062500001 0.712068359375 0.6661666666666667 0.8177734375 0.8039127604166667 0.823349609375 0.8003138020833334 0.7158056640625
8 0.9986979166666666 0.5703125 0.9986979166666666 0.498046875 0.9739583333333334 0.4912109375 0.9427083333333334 0.4931640625 0.9166666666666666 0.5078125 0.9088541666666666 0.521484375 0.91015625 0.5458984375 0.9322916666666666 0.5673828125 0.96875 0.576171875 0.9986979166666666 0.5703125
10 0.9205729166666666 0.6064453125 0.9153645833333334 0.59765625 0.89453125 0.5869140625 0.859375 0.5859375 0.84375 0.5927734375 0.8372395833333334 0.60546875 0.84765625 0.61328125 0.91015625 0.615234375 0.9205729166666666 0.6064453125
10 0.8541666666666666 0.5849609375 0.8723958333333334 0.5703125 0.8658854166666666 0.5595703125 0.8580729166666666 0.5576171875 0.8020833333333334 0.556640625 0.7890625 0.5634765625 0.7890625 0.5703125 0.8033854166666666 0.5830078125 0.8125 0.5859375 0.8541666666666666 0.5849609375
2 0.9036458333333334 0.5390625 0.88671875 0.533203125 0.87890625 0.53515625 0.87890625 0.548828125 0.8971354166666666 0.5517578125 0.90625 0.546875 0.9036458333333334 0.5390625
3 0.97265625 0.37890625 0.9505208333333334 0.3681640625 0.9205729166666666 0.3828125 0.921875 0.3896484375 0.9518229166666666 0.39453125 0.9674479166666666 0.3896484375 0.97265625 0.37890625
0 0.953125 0.4013671875 0.9518229166666666 0.39453125 0.93359375 0.390625 0.921875 0.390625 0.90234375 0.3974609375 0.90234375 0.4033203125 0.9114583333333334 0.4052734375 0.9388020833333334 0.4052734375 0.953125 0.4013671875
3 0.9986979166666666 0.474609375 0.9986979166666666 0.4580078125 0.9765625 0.455078125 0.9622395833333334 0.4609375 0.9544270833333334 0.466796875 0.9635416666666666 0.474609375 0.9791666666666666 0.4775390625 0.9986979166666666 0.474609375
5 0.4583333333333333 0.41015625 0.46875 0.361328125 0.4661458333333333 0.3544921875 0.4596354166666667 0.3564453125 0.4518229166666667 0.3681640625 0.4348958333333333 0.40625 0.4375 0.42578125 0.453125 0.42578125 0.4609375 0.4189453125 0.4583333333333333 0.41015625
8 0.4934895833333333 0.244140625 0.53515625 0.236328125 0.5598958333333334 0.236328125 0.58984375 0.228515625 0.6002604166666666 0.220703125 0.6015625 0.2060546875 0.5807291666666666 0.1923828125 0.5494791666666666 0.193359375 0.5052083333333334 0.2021484375 0.4375 0.2294921875 0.4075520833333333 0.2548828125 0.4075520833333333 0.271484375 0.4114583333333333 0.2744140625 0.4231770833333333 0.2734375 0.4934895833333333 0.244140625
7 0.7434895833333334 0.228515625 0.76171875 0.23046875 0.8033854166666666 0.2197265625 0.8151041666666666 0.2109375 0.8255208333333334 0.193359375 0.82421875 0.171875 0.8138020833333334 0.158203125 0.8020833333333334 0.150390625 0.7708333333333334 0.142578125 0.7513020833333334 0.14453125 0.7278645833333334 0.154296875 0.7213541666666666 0.1845703125 0.7044270833333334 0.1982421875 0.7161458333333334 0.216796875 0.7434895833333334 0.228515625
4 0.8828125 0.3154296875 0.89453125 0.29296875 0.8697916666666666 0.275390625 0.8177083333333334 0.2783203125 0.8020833333333334 0.28515625 0.7916666666666666 0.294921875 0.7916666666666666 0.3017578125 0.8033854166666666 0.3193359375 0.8828125 0.3154296875
0 0.890625 0.3740234375 0.87890625 0.37109375 0.8684895833333334 0.37890625 0.87109375 0.396484375 0.8854166666666666 0.3974609375 0.8932291666666666 0.3896484375 0.890625 0.3740234375
2 0.9830729166666666 0.4140625 0.9778645833333334 0.4287109375 0.9895833333333334 0.42578125 0.9895833333333334 0.4189453125 0.9830729166666666 0.4140625
6 0.7825520833333334 0.439453125 0.7981770833333334 0.431640625 0.8072916666666666 0.419921875 0.8020833333333334 0.400390625 0.7799479166666666 0.388671875 0.7513020833333334 0.392578125 0.7369791666666666 0.4052734375 0.7356770833333334 0.419921875 0.7408854166666666 0.4287109375 0.7604166666666666 0.4384765625 0.7825520833333334 0.439453125
3 0.875 0.6435546875 0.8854166666666666 0.6298828125 0.8815104166666666 0.6201171875 0.8697916666666666 0.6162109375 0.8203125 0.6171875 0.8151041666666666 0.623046875 0.8138020833333334 0.6298828125 0.828125 0.638671875 0.8606770833333334 0.6455078125 0.875 0.6435546875
2 0.9231770833333334 0.7578125 0.9231770833333334 0.7470703125 0.9153645833333334 0.740234375 0.875 0.7392578125 0.8723958333333334 0.7421875 0.87109375 0.7529296875 0.8841145833333334 0.759765625 0.9140625 0.76171875 0.9231770833333334 0.7578125
3 0.8424479166666666 0.6904296875 0.8346354166666666 0.6748046875 0.8229166666666666 0.6669921875 0.7994791666666666 0.6640625 0.796875 0.66796875 0.79296875 0.6767578125 0.796875 0.6923828125 0.8359375 0.7099609375 0.8424479166666666 0.6904296875
4 0.8020833333333334 0.775390625 0.8151041666666666 0.765625 0.80859375 0.744140625 0.7955729166666666 0.7255859375 0.7161458333333334 0.7236328125 0.7057291666666666 0.7314453125 0.6979166666666666 0.755859375 0.7044270833333334 0.7666015625 0.71484375 0.7724609375 0.8020833333333334 0.775390625
7 0.7057291666666666 0.7998046875 0.7135416666666666 0.7744140625 0.69921875 0.76171875 0.6966145833333334 0.75 0.6796875 0.7314453125 0.6744791666666666 0.7275390625 0.6666666666666666 0.7314453125 0.6666666666666666 0.744140625 0.68359375 0.7880859375 0.6888020833333334 0.7939453125 0.7057291666666666 0.7998046875
2 0.52734375 0.587890625 0.5208333333333334 0.58984375 0.5208333333333334 0.5986328125 0.5299479166666666 0.6005859375 0.5325520833333334 0.5908203125 0.52734375 0.587890625
2 0.08854166666666667 0.583984375 0.078125 0.5791015625 0.06901041666666667 0.583984375 0.06901041666666667 0.59765625 0.078125 0.6025390625 0.08723958333333333 0.595703125 0.08854166666666667 0.583984375
2 0 0.80859375 0.06510416666666667 0.8154296875 0.078125 0.806640625 0.078125 0.798828125 0.06770833333333333 0.791015625 0.048177083333333336 0.79296875 0.009114583333333334 0.7890625 0 0.7890625 0 0.80859375
4 0.078125 0.8076171875 0.078125 0.798828125 0.07161458333333333 0.7919921875 0.00390625 0.7880859375 0 0.7880859375 0.0026041666666666665 0.818359375 0.057291666666666664 0.8173828125 0.078125 0.8076171875
3 0.6549479166666666 0.4912109375 0.66015625 0.4853515625 0.6588541666666666 0.482421875 0.6106770833333334 0.478515625 0.59765625 0.4833984375 0.5963541666666666 0.4990234375 0.60546875 0.50390625 0.6315104166666666 0.5009765625 0.6549479166666666 0.4912109375
4 0.8125 0.3857421875 0.8203125 0.37890625 0.828125 0.359375 0.8255208333333334 0.3515625 0.81640625 0.3447265625 0.7825520833333334 0.3427734375 0.7369791666666666 0.345703125 0.71875 0.35546875 0.7174479166666666 0.3642578125 0.73046875 0.384765625 0.7369791666666666 0.3876953125 0.8125 0.3857421875