8 0.6158854170918368 0.4638671875 0.6510416670918368 0.46484375 0.6848958329081634 0.455078125 0.7109375 0.4384765625 0.7239583329081634 0.41796875 0.7278645829081634 0.390625 0.7174479170918366 0.3681640625 0.6979166670918366 0.3505859375 0.6666666670918366 0.337890625 0.625 0.3359375 0.5950520829081632 0.34375 0.56640625 0.3603515625 0.5494791670918368 0.384765625 0.5494791670918368 0.4150390625 0.5598958329081632 0.4365234375 0.5885416670918368 0.45703125 0.6158854170918368 0.4638671875
8 0.46354166709183675 0.7080078125 0.47786458290816325 0.7021484375 0.49479166709183675 0.6865234375 0.49479166709183675 0.654296875 0.48567708290816325 0.6435546875 0.46614583290816325 0.6328125 0.43359375 0.6318359375 0.4140625 0.6396484375 0.3984375 0.658203125 0.39713541709183675 0.67578125 0.40364583290816325 0.69140625 0.42708333290816325 0.70703125 0.46354166709183675 0.7080078125
6 0.28125 0.7568359375 0.3190104170918367 0.7578125 0.35677083290816325 0.7470703125 0.38802083290816325 0.7236328125 0.40234375 0.697265625 0.39453125 0.673828125 0.39713541709183675 0.650390625 0.38671875 0.6328125 0.35807291709183675 0.611328125 0.3255208329081633 0.6015625 0.2942708329081633 0.6005859375 0.2526041670918367 0.6123046875 0.22395833290816328 0.6337890625 0.20703125 0.6650390625 0.20833333290816328 0.697265625 0.22526041709183672 0.7265625 0.2578125 0.75 0.28125 0.7568359375
5 0.15625 0.7685546875 0.16796875 0.7724609375 0.18229166709183672 0.771484375 0.18489583290816328 0.76171875 0.15625 0.744140625 0.13671875 0.7265625 0.1171875 0.703125 0.09244791709183674 0.66015625 0.07942708290816326 0.6533203125 0.06380208290816326 0.6533203125 0.04557291709183673 0.6630859375 0.04427083290816327 0.67578125 0.0625 0.7060546875 0.1015625 0.7421875 0.15625 0.7685546875
7 0.390625 0.6337890625 0.39973958290816325 0.6396484375 0.41145833290816325 0.6396484375 0.44010416709183675 0.626953125 0.48046875 0.591796875 0.5130208329081632 0.546875 0.5265130204081633 0.5068212890625 0.5104166670918368 0.4931640625 0.4921875 0.4912109375 0.47526041709183675 0.4970703125 0.46744791709183675 0.5048828125 0.45963541709183675 0.5380859375 0.44401041709183675 0.5693359375 0.38932291709183675 0.6279296875 0.390625 0.6337890625
2 0.5260416670918368 0.484375 0.515625 0.48828125 0.51953125 0.4990234375 0.5286458329081632 0.5009765625 0.5416666670918368 0.4873046875 0.5260416670918368 0.484375
1 0.5872395829081632 0.546875 0.55859375 0.5478515625 0.56640625 0.5693359375 0.578125 0.572265625 0.5859375 0.560546875 0.5872395829081632 0.546875
1 0.5325520829081632 0.4375 0.5403645829081632 0.4140625 0.5130208329081632 0.4150390625 0.51171875 0.421875 0.5182291670918368 0.4326171875 0.5247395829081632 0.4384765625 0.5325520829081632 0.4375
1 0.5390625 0.328125 0.5403645829081632 0.3173828125 0.5364583329081632 0.314453125 0.5143229170918368 0.31640625 0.5143229170918368 0.330078125 0.5208333329081632 0.3388671875 0.5286458329081632 0.3408203125 0.5390625 0.328125
1 0.49479166709183675 0.25390625 0.47786458290816325 0.251953125 0.46875 0.2568359375 0.47395833290816325 0.2724609375 0.48697916709183675 0.2783203125 0.49348958290816325 0.2705078125 0.49479166709183675 0.25390625
1 0.7421875 0.3046875 0.7421875 0.2900390625 0.7265625 0.2890625 0.7135416670918366 0.29296875 0.71875 0.310546875 0.7239583329081634 0.3154296875 0.7330729170918366 0.31640625 0.7421875 0.3046875
1 0.73828125 0.2421875 0.7408854170918366 0.228515625 0.7200520829081634 0.224609375 0.7122395829081634 0.2314453125 0.7161458329081634 0.2470703125 0.72265625 0.2529296875 0.73046875 0.251953125 0.73828125 0.2421875
1 0.8580729170918366 0.3603515625 0.8645833329081634 0.337890625 0.8424479170918366 0.333984375 0.8333333329081634 0.3388671875 0.8333333329081634 0.34765625 0.8411458329081634 0.3583984375 0.84765625 0.3623046875 0.8580729170918366 0.3603515625
2 0.17447916709183672 0.462890625 0.17447916709183672 0.4619140625 0.17708333290816328 0.4599609375 0.17708333290816328 0.4560546875 0.17317708290816328 0.453125 0.16536458290816328 0.453125 0.16145833290816325 0.45703125 0.16015625 0.4638671875 0.16276041709183675 0.46484375 0.16927083290816328 0.46484375 0.17447916709183672 0.462890625
2 0.14583333290816325 0.462890625 0.14973958290816325 0.4658203125 0.15625 0.46484375 0.15885416709183675 0.462890625 0.16015625 0.458984375 0.16015625 0.453125 0.15885416709183675 0.451171875 0.15494791709183675 0.44921875 0.14973958290816325 0.44921875 0.14713541709183675 0.4501953125 0.14583333290816325 0.4521484375 0.14453125 0.455078125 0.14453125 0.4599609375 0.14583333290816325 0.4609375 0.14583333290816325 0.462890625
5 0.13932291709183675 0.6708984375 0.14713541709183675 0.6787109375 0.15234375 0.6796875 0.15494791709183675 0.673828125 0.14192708290816325 0.65625 0.14192708290816325 0.6455078125 0.13411458290816325 0.6337890625 0.13020833290816325 0.5888671875 0.11979166709183674 0.5830078125 0.11197916709183674 0.5830078125 0.10546875 0.5888671875 0.10416666709183674 0.59765625 0.10807291709183674 0.61328125 0.12239583290816326 0.6474609375 0.13932291709183675 0.6708984375
11 0.9986979170918366 0.80404296875 0.9986979170918366 0.5892177734375 0.7961653647959183 0.5853720703125 0.7984427079081632 0.72014453125 0.8026093750000001 0.79440625 0.9986979170918366 0.80404296875
11 0.8003138022959183 0.7158056640625 0.6621914056122449 0.712068359375 0.6661666670918368 0.8177734375 0.8039127602040816 0.823349609375 0.8003138022959183 0.7158056640625
8 0.9986979170918366 0.5703125 0.9986979170918366 0.498046875 0.9739583329081634 0.4912109375 0.9427083329081634 0.4931640625 0.9166666670918366 0.5078125 0.9088541670918366 0.521484375 0.91015625 0.5458984375 0.9322916670918366 0.5673828125 0.96875 0.576171875 0.9986979170918366 0.5703125
10 0.9205729170918366 0.6064453125 0.9153645829081634 0.59765625 0.89453125 0.5869140625 0.859375 0.5859375 0.84375 0.5927734375 0.8372395829081634 0.60546875 0.84765625 0.61328125 0.91015625 0.615234375 0.9205729170918366 0.6064453125
10 0.8541666670918366 0.5849609375 0.8723958329081634 0.5703125 0.8658854170918366 0.5595703125 0.8580729170918366 0.5576171875 0.8020833329081634 0.556640625 0.7890625 0.5634765625 0.7890625 0.5703125 0.8033854170918366 0.5830078125 0.8125 0.5859375 0.8541666670918366 0.5849609375
2 0.9036458329081634 0.5390625 0.88671875 0.533203125 0.87890625 0.53515625 0.87890625 0.548828125 0.8971354170918366 0.5517578125 0.90625 0.546875 0.9036458329081634 0.5390625
3 0.97265625 0.37890625 0.9505208329081634 0.3681640625 0.9205729170918366 0.3828125 0.921875 0.3896484375 0.9518229170918366 0.39453125 0.9674479170918366 0.3896484375 0.97265625 0.37890625
0 0.953125 0.4013671875 0.9518229170918366 0.39453125 0.93359375 0.390625 0.921875 0.390625 0.90234375 0.3974609375 0.90234375 0.4033203125 0.9114583329081634 0.4052734375 0.9388020829081634 0.4052734375 0.953125 0.4013671875
3 0.9986979170918366 0.474609375 0.9986979170918366 0.4580078125 0.9765625 0.455078125 0.9622395829081634 0.4609375 0.9544270829081634 0.466796875 0.9635416670918366 0.474609375 0.9791666670918366 0.4775390625 0.9986979170918366 0.474609375
5 0.45833333290816325 0.41015625 0.46875 0.361328125 0.46614583290816325 0.3544921875 0.45963541709183675 0.3564453125 0.45182291709183675 0.3681640625 0.43489583290816325 0.40625 0.4375 0.42578125 0.453125 0.42578125 0.4609375 0.4189453125 0.45833333290816325 0.41015625
8 0.49348958290816325 0.244140625 0.53515625 0.236328125 0.5598958329081632 0.236328125 0.58984375 0.228515625 0.6002604170918368 0.220703125 0.6015625 0.2060546875 0.5807291670918368 0.1923828125 0.5494791670918368 0.193359375 0.5052083329081632 0.2021484375 0.4375 0.2294921875 0.40755208290816325 0.2548828125 0.40755208290816325 0.271484375 0.41145833290816325 0.2744140625 0.42317708290816325 0.2734375 0.49348958290816325 0.244140625
7 0.7434895829081634 0.228515625 0.76171875 0.23046875 0.8033854170918366 0.2197265625 0.8151041670918366 0.2109375 0.8255208329081634 0.193359375 0.82421875 0.171875 0.8138020829081634 0.158203125 0.8020833329081634 0.150390625 0.7708333329081634 0.142578125 0.7513020829081634 0.14453125 0.7278645829081634 0.154296875 0.7213541670918366 0.1845703125 0.7044270829081634 0.1982421875 0.7161458329081634 0.216796875 0.7434895829081634 0.228515625
4 0.8828125 0.3154296875 0.89453125 0.29296875 0.8697916670918366 0.275390625 0.8177083329081634 0.2783203125 0.8020833329081634 0.28515625 0.7916666670918366 0.294921875 0.7916666670918366 0.3017578125 0.8033854170918366 0.3193359375 0.8828125 0.3154296875
0 0.890625 0.3740234375 0.87890625 0.37109375 0.8684895829081634 0.37890625 0.87109375 0.396484375 0.8854166670918366 0.3974609375 0.8932291670918366 0.3896484375 0.890625 0.3740234375
2 0.9830729170918366 0.4140625 0.9778645829081634 0.4287109375 0.9895833329081634 0.42578125 0.9895833329081634 0.4189453125 0.9830729170918366 0.4140625
6 0.7825520829081634 0.439453125 0.7981770829081634 0.431640625 0.8072916670918366 0.419921875 0.8020833329081634 0.400390625 0.7799479170918366 0.388671875 0.7513020829081634 0.392578125 0.7369791670918366 0.4052734375 0.7356770829081634 0.419921875 0.7408854170918366 0.4287109375 0.7604166670918366 0.4384765625 0.7825520829081634 0.439453125
3 0.875 0.6435546875 0.8854166670918366 0.6298828125 0.8815104170918366 0.6201171875 0.8697916670918366 0.6162109375 0.8203125 0.6171875 0.8151041670918366 0.623046875 0.8138020829081634 0.6298828125 0.828125 0.638671875 0.8606770829081634 0.6455078125 0.875 0.6435546875
2 0.9231770829081634 0.7578125 0.9231770829081634 0.7470703125 0.9153645829081634 0.740234375 0.875 0.7392578125 0.8723958329081634 0.7421875 0.87109375 0.7529296875 0.8841145829081634 0.759765625 0.9140625 0.76171875 0.9231770829081634 0.7578125
3 0.8424479170918366 0.6904296875 0.8346354170918366 0.6748046875 0.8229166670918366 0.6669921875 0.7994791670918366 0.6640625 0.796875 0.66796875 0.79296875 0.6767578125 0.796875 0.6923828125 0.8359375 0.7099609375 0.8424479170918366 0.6904296875
4 0.8020833329081634 0.775390625 0.8151041670918366 0.765625 0.80859375 0.744140625 0.7955729170918366 0.7255859375 0.7161458329081634 0.7236328125 0.7057291670918366 0.7314453125 0.6979166670918366 0.755859375 0.7044270829081634 0.7666015625 0.71484375 0.7724609375 0.8020833329081634 0.775390625
7 0.7057291670918366 0.7998046875 0.7135416670918366 0.7744140625 0.69921875 0.76171875 0.6966145829081634 0.75 0.6796875 0.7314453125 0.6744791670918366 0.7275390625 0.6666666670918366 0.7314453125 0.6666666670918366 0.744140625 0.68359375 0.7880859375 0.6888020829081634 0.7939453125 0.7057291670918366 0.7998046875
2 0.52734375 0.587890625 0.5208333329081632 0.58984375 0.5208333329081632 0.5986328125 0.5299479170918368 0.6005859375 0.5325520829081632 0.5908203125 0.52734375 0.587890625
2 0.08854166709183674 0.583984375 0.078125 0.5791015625 0.06901041709183674 0.583984375 0.06901041709183674 0.59765625 0.078125 0.6025390625 0.08723958290816326 0.595703125 0.08854166709183674 0.583984375
2 0 0.80859375 0.06510416709183674 0.8154296875 0.078125 0.806640625 0.078125 0.798828125 0.06770833290816326 0.791015625 0.04817708290816327 0.79296875 0.009114582908163265 0.7890625 0 0.7890625 0 0.80859375
4 0.078125 0.8076171875 0.078125 0.798828125 0.07161458290816326 0.7919921875 0.00390625 0.7880859375 0 0.7880859375 0.0026041670918367345 0.818359375 0.05729166709183673 0.8173828125 0.078125 0.8076171875
3 0.6549479170918366 0.4912109375 0.66015625 0.4853515625 0.6588541670918366 0.482421875 0.6106770829081632 0.478515625 0.59765625 0.4833984375 0.5963541670918368 0.4990234375 0.60546875 0.50390625 0.6315104170918368 0.5009765625 0.6549479170918366 0.4912109375
4 0.8125 0.3857421875 0.8203125 0.37890625 0.828125 0.359375 0.8255208329081634 0.3515625 0.81640625 0.3447265625 0.7825520829081634 0.3427734375 0.7369791670918366 0.345703125 0.71875 0.35546875 0.7174479170918366 0.3642578125 0.73046875 0.384765625 0.7369791670918366 0.3876953125 0.8125 0.3857421875
9 0.7057291670918366 0.2080078125 0.7018229170918366 0.2041015625 0.67578125 0.216796875 0.6731770829081634 0.22265625 0.6796875 0.224609375 0.7044270829081634 0.212890625 0.7057291670918366 0.2080078125
9 0.55078125 0.23828125 0.5364583329081632 0.2626953125 0.5364583329081632 0.2685546875 0.5442708329081632 0.26953125 0.5611979170918368 0.2353515625 0.55078125 0.23828125
9 0.98828125 0.359375 0.9856770829081634 0.3525390625 0.9765625 0.35546875 0.96484375 0.3681640625 0.96875 0.3759765625 0.9739583329081634 0.375 0.98828125 0.359375
9 0.796875 0.3125 0.7916666670918366 0.3095703125 0.75390625 0.3193359375 0.7513020829081634 0.32421875 0.7578125 0.3271484375 0.796875 0.3173828125 0.796875 0.3125
9 0.8059895829081634 0.662109375 0.8203125 0.638671875 0.8111979170918366 0.6259765625 0.80078125 0.630859375 0.7890625 0.646484375 0.7877604170918366 0.650390625 0.7955729170918366 0.654296875 0.7994791670918366 0.6630859375 0.8059895829081634 0.662109375
9 0.07291666709183674 0.60546875 0.07291666709183674 0.6015625 0.06640625 0.5986328125 0.06640625 0.609375 0.05598958290816327 0.60546875 0.03255208290816326 0.6240234375 0.03515625 0.6298828125 0.04036458290816326 0.6298828125 0.07291666709183674 0.60546875
9 0.0546875 0.5283203125 0.04296875 0.51953125 0.016927082908163266 0.5400390625 0.013020832908163265 0.5498046875 0.018229167091836734 0.5556640625 0.024739582908163266 0.5556640625 0.0546875 0.5283203125