9 0.50390625 0.1728515625 0.515625 0.16015625 0.5390625 0.15625 0.546875 0.146484375 0.5442708329081632 0.13671875 0.5325520829081632 0.1318359375 0.5182291670918368 0.1328125 0.5104166670918368 0.1396484375 0.5091145829081632 0.1552734375 0.49479166709183675 0.1650390625 0.49739583290816325 0.173828125 0.50390625 0.1728515625
9 0.6822916670918366 0.2353515625 0.6848958329081634 0.220703125 0.67578125 0.2099609375 0.6705729170918366 0.2099609375 0.6640625 0.21875 0.6653645829081634 0.232421875 0.6588541670918366 0.240234375 0.6666666670918366 0.244140625 0.6822916670918366 0.2353515625
9 0.8294270829081634 0.220703125 0.8255208329081634 0.2080078125 0.8203125 0.20703125 0.81640625 0.2109375 0.8111979170918366 0.224609375 0.8138020829081634 0.2314453125 0.82421875 0.2294921875 0.8294270829081634 0.220703125
9 0.8177083329081634 0.2666015625 0.8111979170918366 0.259765625 0.8046875 0.2646484375 0.8046875 0.2783203125 0.8125 0.283203125 0.8190104170918366 0.275390625 0.8177083329081634 0.2666015625
9 0.19401041709183672 0.1416015625 0.20833333290816328 0.138671875 0.21744791709183672 0.1259765625 0.21484375 0.119140625 0.20442708290816328 0.11328125 0.19401041709183672 0.115234375 0.18619791709183672 0.1220703125 0.18489583290816328 0.134765625 0.17447916709183672 0.1494140625 0.17838541709183672 0.154296875 0.19401041709183672 0.1416015625
9 0.359375 0.4150390625 0.37369791709183675 0.408203125 0.37760416709183675 0.4013671875 0.37630208290816325 0.392578125 0.36588541709183675 0.38671875 0.35286458290816325 0.388671875 0.34765625 0.3955078125 0.3515625 0.4111328125 0.33854166709183675 0.4248046875 0.34505208290816325 0.4296875 0.359375 0.4150390625
9 0.17317708290816328 0.5322265625 0.17057291709183672 0.5244140625 0.16015625 0.5205078125 0.1484375 0.5244140625 0.13932291709183675 0.5390625 0.12760416709183675 0.546875 0.1328125 0.5576171875 0.15364583290816325 0.5400390625 0.16927083290816328 0.5361328125 0.17317708290816328 0.5322265625
9 0.43619791709183675 0.59765625 0.43880208290816325 0.5859375 0.46744791709183675 0.5732421875 0.47005208290816325 0.5673828125 0.46614583290816325 0.564453125 0.45572916709183675 0.5654296875 0.43098958290816325 0.5771484375 0.41796875 0.5771484375 0.41015625 0.5810546875 0.40755208290816325 0.5947265625 0.41796875 0.6025390625 0.42838541709183675 0.6025390625 0.43619791709183675 0.59765625
9 0.13151041709183675 0.6640625 0.13020833290816325 0.650390625 0.14322916709183675 0.6337890625 0.13411458290816325 0.6328125 0.12630208290816325 0.642578125 0.10546875 0.654296875 0.10546875 0.6650390625 0.11588541709183674 0.6708984375 0.125 0.669921875 0.13151041709183675 0.6640625
9 0.59375 0.560546875 0.5950520829081632 0.546875 0.5872395829081632 0.54296875 0.5768229170918368 0.55078125 0.5729166670918368 0.5625 0.5807291670918368 0.568359375 0.5872395829081632 0.5673828125 0.59375 0.560546875
9 0.66015625 0.5205078125 0.6510416670918368 0.5234375 0.6380208329081632 0.5419921875 0.6328125 0.5498046875 0.6354166670918368 0.5537109375 0.6614583329081634 0.5361328125 0.66015625 0.5205078125
9 0.73046875 0.49609375 0.7200520829081634 0.5078125 0.7135416670918366 0.5263671875 0.734375 0.5107421875 0.7356770829081634 0.4970703125 0.73046875 0.49609375
9 0.8138020829081634 0.4150390625 0.8059895829081634 0.4169921875 0.8059895829081634 0.4306640625 0.8138020829081634 0.4326171875 0.81640625 0.4189453125 0.8138020829081634 0.4150390625
9 0.890625 0.353515625 0.8932291670918366 0.3525390625 0.8971354170918366 0.3486328125 0.8971354170918366 0.34375 0.8932291670918366 0.341796875 0.8919270829081634 0.3427734375 0.8893229170918366 0.3427734375 0.8854166670918366 0.345703125 0.8854166670918366 0.34765625 0.8763020829081634 0.35546875 0.875 0.359375 0.87890625 0.3583984375 0.8854166670918366 0.353515625 0.890625 0.353515625
9 0.7890625 0.5576171875 0.7708333329081634 0.572265625 0.76953125 0.5830078125 0.7760416670918366 0.5859375 0.7890625 0.5654296875 0.7890625 0.5576171875
11 0.2942708329081633 0.7930234375 0.3072916670918367 0.8047421875 0.37109375 0.8242734375 0.390625 0.827203125 0.47005208290816325 0.794 0.4921875 0.7246640625 0.4765625 0.71978125 0.4609375 0.71978125 0.43880208290816325 0.725640625 0.26171875 0.7383359375 0.26171875 0.745171875 0.2721354170918367 0.760796875 0.2903645829081633 0.78228125 0.2942708329081633 0.7930234375
11 0.5598958329081632 0.537109375 0.5572916670918368 0.57421875 0.5416666670918368 0.5888671875 0.5247395829081632 0.6396484375 0.5 0.72265625 0.5859375 0.7041015625 0.5755208329081632 0.57421875 0.5598958329081632 0.537109375
11 0.66796875 0.6533203125 0.68359375 0.65234375 0.71484375 0.6328125 0.7395833329081634 0.6015625 0.7330729170918366 0.5166015625 0.7265625 0.5185546875 0.7200520829081634 0.52734375 0.703125 0.533203125 0.6770833329081634 0.548828125 0.6432291670918368 0.5751953125 0.6184895829081632 0.5869140625 0.59375 0.61328125 0.58984375 0.6328125 0.5950520829081632 0.638671875 0.5872395829081632 0.640625 0.5846354170918368 0.646484375 0.5859375 0.7060546875 0.5911458329081632 0.70703125 0.6328125 0.681640625 0.66796875 0.6533203125
11 0.04947916709183673 0.67578125 0.05989583290816327 0.7080078125 0.0703125 0.7216796875 0.08463541709183674 0.7265625 0.0703125 0.63671875 0.06770833290816326 0.625 0.0625 0.623046875 0.06640625 0.6181640625 0.05729166709183673 0.6279296875 0.04817708290816327 0.62890625 0.03645833290816326 0.625 0.03125 0.634765625 0.029947917091836734 0.671875 0.03255208290816326 0.6748046875 0.04427083290816327 0.671875 0.04947916709183673 0.67578125
11 0.05338541709183673 0.591796875 0.04817708290816327 0.59375 0.04557291709183673 0.60546875 0.0625 0.6083984375 0.05989583290816327 0.595703125 0.05338541709183673 0.591796875
3 0.24479166709183672 0.8310546875 0.2643229170918367 0.828125 0.2942708329081633 0.810546875 0.296875 0.80078125 0.29296875 0.794921875 0.24088541709183672 0.7568359375 0.22265625 0.7587890625 0.20833333290816328 0.783203125 0.20703125 0.8046875 0.2109375 0.8154296875 0.2265625 0.8291015625 0.24479166709183672 0.8310546875
3 0.37890625 0.34375 0.37239583290816325 0.33984375 0.34375 0.341796875 0.34375 0.3671875 0.3515625 0.380859375 0.37109375 0.3662109375 0.37890625 0.34375
3 0.47916666709183675 0.3623046875 0.47135416709183675 0.3486328125 0.45963541709183675 0.3427734375 0.453125 0.3427734375 0.4453125 0.3515625 0.44661458290816325 0.37890625 0.4609375 0.3857421875 0.47135416709183675 0.3798828125 0.47916666709183675 0.3623046875
3 0.44791666709183675 0.486328125 0.46484375 0.4638671875 0.47005208290816325 0.4423828125 0.45182291709183675 0.4443359375 0.42578125 0.458984375 0.42317708290816325 0.46484375 0.42708333290816325 0.470703125 0.4375 0.482421875 0.44791666709183675 0.486328125
3 0.42708333290816325 0.5048828125 0.43489583290816325 0.4873046875 0.4296875 0.48046875 0.39453125 0.484375 0.39713541709183675 0.5126953125 0.40104166709183675 0.5166015625 0.40755208290816325 0.5166015625 0.42708333290816325 0.5048828125
7 0.37109375 0.3203125 0.37630208290816325 0.3251953125 0.38932291709183675 0.3251953125 0.40104166709183675 0.3203125 0.41145833290816325 0.310546875 0.421875 0.29296875 0.421875 0.2841796875 0.390625 0.2109375 0.37760416709183675 0.1962890625 0.3671875 0.1982421875 0.36979166709183675 0.2451171875 0.36588541709183675 0.2666015625 0.37239583290816325 0.2890625 0.37109375 0.3203125
3 0.49609375 0.2021484375 0.5013020829081632 0.197265625 0.49869791709183675 0.17578125 0.48828125 0.16015625 0.47786458290816325 0.1552734375 0.42708333290816325 0.16015625 0.4140625 0.16796875 0.40885416709183675 0.18359375 0.40755208290816325 0.203125 0.41145833290816325 0.2099609375 0.48567708290816325 0.2041015625 0.49609375 0.2021484375
4 0.49348958290816325 0.2431640625 0.49348958290816325 0.2373046875 0.48046875 0.2275390625 0.46614583290816325 0.22265625 0.45572916709183675 0.2236328125 0.44401041709183675 0.2353515625 0.4453125 0.25 0.46614583290816325 0.2578125 0.4765625 0.2548828125 0.49348958290816325 0.2431640625
4 0.46875 0.306640625 0.46744791709183675 0.298828125 0.44270833290816325 0.2861328125 0.42838541709183675 0.2890625 0.41927083290816325 0.2998046875 0.42057291709183675 0.3134765625 0.4375 0.3212890625 0.453125 0.3193359375 0.46875 0.306640625
4 0.14322916709183675 0.2666015625 0.14322916709183675 0.2607421875 0.12369791709183674 0.248046875 0.11197916709183674 0.2470703125 0.10026041709183674 0.25390625 0.10286458290816326 0.2724609375 0.11848958290816326 0.279296875 0.12760416709183675 0.2783203125 0.14322916709183675 0.2666015625
4 0.13932291709183675 0.19921875 0.1484375 0.189453125 0.14973958290816325 0.1748046875 0.13671875 0.1669921875 0.12239583290816326 0.16796875 0.1171875 0.171875 0.11979166709183674 0.185546875 0.13020833290816325 0.1962890625 0.13932291709183675 0.19921875
2 0.1796875 0.1572265625 0.171875 0.15234375 0.16015625 0.15625 0.15885416709183675 0.1640625 0.1640625 0.1669921875 0.17838541709183672 0.162109375 0.1796875 0.1572265625
2 0.16796875 0.3603515625 0.16927083290816328 0.3681640625 0.18098958290816328 0.3671875 0.1796875 0.359375 0.16796875 0.3603515625
7 0.5091145829081632 0.3349609375 0.5338541670918368 0.3369140625 0.546875 0.3330078125 0.5611979170918368 0.322265625 0.56640625 0.3125 0.55859375 0.2666015625 0.5703125 0.2421875 0.56640625 0.232421875 0.5390625 0.2333984375 0.5091145829081632 0.240234375 0.48567708290816325 0.2509765625 0.47005208290816325 0.267578125 0.46614583290816325 0.2939453125 0.47135416709183675 0.3076171875 0.49479166709183675 0.328125 0.5091145829081632 0.3349609375
4 0.21614583290816328 0.5146484375 0.23046875 0.5146484375 0.24348958290816328 0.509765625 0.2669270829081633 0.4794921875 0.265625 0.4521484375 0.2578125 0.4375 0.2513020829081633 0.43359375 0.23177083290816328 0.43359375 0.20963541709183672 0.421875 0.19791666709183672 0.419921875 0.17838541709183672 0.4306640625 0.171875 0.4443359375 0.171875 0.474609375 0.18359375 0.4990234375 0.19791666709183672 0.5087890625 0.21614583290816328 0.5146484375
3 0.12239583290816326 0.3623046875 0.125 0.35546875 0.109375 0.337890625 0.09895833290816326 0.3330078125 0.09244791709183674 0.3359375 0.08333333290816326 0.34765625 0.08463541709183674 0.35546875 0.09895833290816326 0.365234375 0.12239583290816326 0.3623046875
3 0.12239583290816326 0.3837890625 0.11848958290816326 0.3662109375 0.10677083290816326 0.3642578125 0.09505208290816326 0.3701171875 0.09375 0.3818359375 0.09765625 0.38671875 0.11848958290816326 0.38671875 0.12239583290816326 0.3837890625
3 0.19921875 0.40625 0.171875 0.404296875 0.17057291709183672 0.4140625 0.1796875 0.4248046875 0.19921875 0.41796875 0.19921875 0.40625
3 0.16796875 0.474609375 0.14713541709183675 0.4765625 0.14322916709183675 0.4853515625 0.15234375 0.4921875 0.17317708290816328 0.48828125 0.16796875 0.474609375
3 0.18098958290816328 0.5048828125 0.18229166709183672 0.5009765625 0.171875 0.48828125 0.15234375 0.4951171875 0.15234375 0.5048828125 0.15755208290816325 0.509765625 0.16927083290816328 0.5107421875 0.18098958290816328 0.5048828125
8 0.36588541709183675 0.6689453125 0.37369791709183675 0.66015625 0.37109375 0.646484375 0.35546875 0.6396484375 0.33984375 0.6455078125 0.33723958290816325 0.6611328125 0.34114583290816325 0.666015625 0.3515625 0.6708984375 0.36588541709183675 0.6689453125
7 0.36328125 0.53515625 0.39192708290816325 0.5 0.39322916709183675 0.4853515625 0.40755208290816325 0.4794921875 0.45703125 0.41796875 0.4609375 0.396484375 0.44791666709183675 0.3818359375 0.42447916709183675 0.376953125 0.41145833290816325 0.3828125 0.38020833290816325 0.41796875 0.37239583290816325 0.43359375 0.3515625 0.453125 0.3059895829081633 0.515625 0.30859375 0.5322265625 0.328125 0.5439453125 0.34765625 0.5439453125 0.36328125 0.53515625
7 0.24609375 0.587890625 0.34505208290816325 0.4599609375 0.3515625 0.4423828125 0.34765625 0.4326171875 0.33854166709183675 0.4267578125 0.3177083329081633 0.4267578125 0.29296875 0.44921875 0.21484375 0.560546875 0.19140625 0.587890625 0.19140625 0.6025390625 0.20572916709183672 0.6123046875 0.22265625 0.609375 0.24609375 0.587890625
2 0.15364583290816325 0.5078125 0.13932291709183675 0.51171875 0.13802083290816325 0.5166015625 0.14322916709183675 0.521484375 0.15364583290816325 0.51953125 0.15364583290816325 0.5078125
3 0.11458333290816326 0.6240234375 0.11328125 0.6162109375 0.1015625 0.615234375 0.09244791709183674 0.6103515625 0.0859375 0.6123046875 0.0859375 0.623046875 0.09244791709183674 0.6298828125 0.10416666709183674 0.6298828125 0.11458333290816326 0.6240234375
3 0.18359375 0.640625 0.16145833290816325 0.6279296875 0.15364583290816325 0.6328125 0.15364583290816325 0.6416015625 0.16276041709183675 0.6513671875 0.17317708290816328 0.650390625 0.18359375 0.640625
3 0.22395833290816328 0.6953125 0.22395833290816328 0.689453125 0.20572916709183672 0.677734375 0.19921875 0.67578125 0.1953125 0.6787109375 0.1953125 0.697265625 0.203125 0.7041015625 0.21484375 0.7041015625 0.22395833290816328 0.6953125
3 0.14453125 0.7294921875 0.125 0.720703125 0.12239583290816326 0.73046875 0.12630208290816325 0.736328125 0.140625 0.7392578125 0.14453125 0.7294921875
3 0 0.728515625 0.006510417091836735 0.7373046875 0.05078125 0.7802734375 0.06770833290816326 0.78125 0.08463541709183674 0.7626953125 0.09114583290816326 0.7421875 0.08463541709183674 0.7314453125 0.06901041709183674 0.72265625 0.05729166709183673 0.70703125 0.046875 0.6748046875 0.03255208290816326 0.6748046875 0.00390625 0.6962890625 0 0.701171875 0 0.728515625
7 0.2604166670918367 0.6533203125 0.2916666670918367 0.623046875 0.3203125 0.5791015625 0.34244791709183675 0.5634765625 0.34375 0.5576171875 0.33723958290816325 0.5498046875 0.3046875 0.5400390625 0.2825520829081633 0.5478515625 0.21614583290816328 0.623046875 0.21354166709183672 0.6396484375 0.21744791709183672 0.6435546875 0.24609375 0.6552734375 0.2604166670918367 0.6533203125
6 0.6783854170918366 0.4921875 0.6796875 0.47265625 0.66796875 0.4609375 0.6471354170918368 0.453125 0.6354166670918368 0.4580078125 0.62890625 0.4658203125 0.6315104170918368 0.501953125 0.640625 0.509765625 0.6536458329081634 0.5107421875 0.6783854170918366 0.4921875
6 0.796875 0.4736328125 0.7981770829081634 0.455078125 0.7916666670918366 0.4462890625 0.7721354170918366 0.4345703125 0.7630208329081634 0.4384765625 0.7565104170918366 0.4482421875 0.7591145829081634 0.4775390625 0.7630208329081634 0.484375 0.7708333329081634 0.4873046875 0.796875 0.4736328125
6 0.7565104170918366 0.46484375 0.7473958329081634 0.455078125 0.7421875 0.458984375 0.7408854170918366 0.470703125 0.7473958329081634 0.48046875 0.7565104170918366 0.47265625 0.7565104170918366 0.46484375
6 0.8346354170918366 0.4755859375 0.8567708329081634 0.4599609375 0.8580729170918366 0.4384765625 0.8346354170918366 0.4228515625 0.8203125 0.42578125 0.8151041670918366 0.44140625 0.8177083329081634 0.4609375 0.8268229170918366 0.4736328125 0.8346354170918366 0.4755859375
6 0.6614583329081634 0.435546875 0.6549479170918366 0.4150390625 0.6432291670918368 0.40625 0.6263020829081632 0.4033203125 0.6184895829081632 0.4091796875 0.61328125 0.4208984375 0.6145833329081632 0.4462890625 0.6328125 0.4560546875 0.6393229170918368 0.455078125 0.6614583329081634 0.435546875
6 0.6080729170918368 0.412109375 0.6276041670918368 0.3994140625 0.6484375 0.3720703125 0.6497395829081632 0.3544921875 0.64453125 0.3427734375 0.63671875 0.3359375 0.6158854170918368 0.328125 0.5924479170918368 0.328125 0.5768229170918368 0.3388671875 0.5703125 0.3515625 0.5690104170918368 0.3701171875 0.57421875 0.3916015625 0.5872395829081632 0.408203125 0.6080729170918368 0.412109375
6 0.6549479170918366 0.3388671875 0.6822916670918366 0.3134765625 0.6966145829081634 0.2939453125 0.6966145829081634 0.279296875 0.6888020829081634 0.2646484375 0.6692708329081634 0.2470703125 0.6393229170918368 0.234375 0.6171875 0.2373046875 0.5963541670918368 0.2646484375 0.5963541670918368 0.2900390625 0.6119791670918368 0.32421875 0.6458333329081632 0.3408203125 0.6549479170918366 0.3388671875
7 0.7018229170918366 0.349609375 0.68359375 0.404296875 0.6861979170918366 0.427734375 0.7005208329081634 0.439453125 0.7083333329081634 0.439453125 0.7513020829081634 0.408203125 0.7604166670918366 0.369140625 0.7630208329081634 0.267578125 0.7565104170918366 0.2548828125 0.7278645829081634 0.240234375 0.7200520829081634 0.2412109375 0.7135416670918366 0.2587890625 0.703125 0.3134765625 0.7044270829081634 0.3271484375 0.69921875 0.3369140625 0.7018229170918366 0.349609375
11 0.40364583290816325 0.5400390625 0.43098958290816325 0.5537109375 0.4921875 0.568359375 0.53515625 0.57421875 0.5481770829081632 0.5712890625 0.55078125 0.57421875 0.5533854170918368 0.5703125 0.54296875 0.5654296875 0.546875 0.5625 0.54296875 0.5576171875 0.5533854170918368 0.552734375 0.5533854170918368 0.50390625 0.5611979170918368 0.4931640625 0.5625 0.4072265625 0.5598958329081632 0.4052734375 0.5390625 0.4169921875 0.48046875 0.466796875 0.4453125 0.4912109375 0.43619791709183675 0.5048828125 0.41666666709183675 0.5146484375 0.41015625 0.5224609375 0.41145833290816325 0.5263671875 0.40364583290816325 0.5302734375 0.40364583290816325 0.5400390625
3 0.5989583329081632 0.470703125 0.60546875 0.4658203125 0.6106770829081632 0.453125 0.6106770829081632 0.439453125 0.5950520829081632 0.4423828125 0.5807291670918368 0.462890625 0.5807291670918368 0.4677734375 0.5872395829081632 0.4716796875 0.5989583329081632 0.470703125
3 0.67578125 0.3935546875 0.6705729170918366 0.3828125 0.6510416670918368 0.3759765625 0.6458333329081632 0.37890625 0.6484375 0.400390625 0.6536458329081634 0.404296875 0.6666666670918366 0.40234375 0.67578125 0.3935546875
3 0.6822916670918366 0.369140625 0.6796875 0.3603515625 0.6692708329081634 0.3525390625 0.6536458329081634 0.3525390625 0.6510416670918368 0.3720703125 0.6549479170918366 0.3759765625 0.671875 0.3798828125 0.6822916670918366 0.369140625
3 0.703125 0.326171875 0.7018229170918366 0.3173828125 0.6848958329081634 0.314453125 0.6770833329081634 0.3193359375 0.6809895829081634 0.3349609375 0.6861979170918366 0.3388671875 0.6953125 0.3369140625 0.703125 0.326171875
1 0.69921875 0.34375 0.6953125 0.33984375 0.6848958329081634 0.3408203125 0.67578125 0.3486328125 0.67578125 0.35546875 0.6848958329081634 0.3681640625 0.69921875 0.3525390625 0.69921875 0.34375
1 0.7864583329081634 0.3720703125 0.796875 0.3642578125 0.80078125 0.3515625 0.7942708329081634 0.34765625 0.78125 0.3515625 0.7760416670918366 0.35546875 0.7760416670918366 0.36328125 0.7825520829081634 0.3720703125 0.7864583329081634 0.3720703125
4 0.7864583329081634 0.32421875 0.796875 0.3154296875 0.8033854170918366 0.30078125 0.8033854170918366 0.27734375 0.7890625 0.2666015625 0.7669270829081634 0.265625 0.765625 0.3076171875 0.7734375 0.3193359375 0.7799479170918366 0.32421875 0.7864583329081634 0.32421875
4 0.8072916670918366 0.2548828125 0.8125 0.248046875 0.8098958329081634 0.2236328125 0.73828125 0.185546875 0.73046875 0.1826171875 0.72265625 0.185546875 0.7239583329081634 0.2060546875 0.7369791670918366 0.22265625 0.7825520829081634 0.2470703125 0.8072916670918366 0.2548828125
6 0.8177083329081634 0.3369140625 0.8151041670918366 0.3212890625 0.8033854170918366 0.3134765625 0.7955729170918366 0.3203125 0.7981770829081634 0.3388671875 0.8020833329081634 0.34375 0.8098958329081634 0.3447265625 0.8177083329081634 0.3369140625
3 0.7330729170918366 0.5458984375 0.7317708329081634 0.53515625 0.7200520829081634 0.5283203125 0.7109375 0.5302734375 0.6979166670918366 0.54296875 0.7083333329081634 0.55078125 0.7252604170918366 0.5537109375 0.7330729170918366 0.5458984375
3 0.6692708329081634 0.5888671875 0.66796875 0.5791015625 0.6588541670918366 0.5712890625 0.6497395829081632 0.5732421875 0.6458333329081632 0.5791015625 0.6484375 0.591796875 0.6653645829081634 0.5947265625 0.6692708329081634 0.5888671875
3 0.6432291670918368 0.525390625 0.6393229170918368 0.5205078125 0.6315104170918368 0.5205078125 0.60546875 0.529296875 0.6028645829081632 0.5390625 0.6171875 0.546875 0.6393229170918368 0.5361328125 0.6432291670918368 0.525390625
7 0.5859739579081633 0.505111328125 0.5716145829081632 0.4931640625 0.56640625 0.4931640625 0.5533854170918368 0.5029296875 0.5533854170918368 0.529296875 0.5611979170918368 0.5302734375 0.5792955727040816 0.52245703125 0.5859739579081633 0.505111328125
3 0.12890625 0.57421875 0.1328125 0.55859375 0.12630208290816325 0.5498046875 0.11848958290816326 0.5478515625 0.10416666709183674 0.552734375 0.09114583290816326 0.564453125 0.08984375 0.5703125 0.1015625 0.578125 0.109375 0.5791015625 0.12890625 0.57421875
3 0.06119791709183673 0.3388671875 0.05989583290816327 0.3310546875 0.04557291709183673 0.3212890625 0.020833332908163266 0.326171875 0.018229167091836734 0.3330078125 0.03255208290816326 0.3486328125 0.04427083290816327 0.349609375 0.06119791709183673 0.3388671875
7 0 0.2568359375 0.01171875 0.2685546875 0.016927082908163266 0.2822265625 0.028645832908163266 0.2900390625 0.04557291709183673 0.283203125 0.06380208290816326 0.265625 0.06510416709183674 0.2578125 0.04817708290816327 0.251953125 0.03645833290816326 0.2412109375 0.03645833290816326 0.20703125 0.03255208290816326 0.201171875 0.024739582908163266 0.19921875 0.009114582908163265 0.2060546875 0 0.212890625 0 0.2568359375
7 0.08854166709183674 0.31640625 0.07682291709183674 0.2998046875 0.07161458290816326 0.2822265625 0.06510416709183674 0.283203125 0.05729166709183673 0.296875 0.05598958290816327 0.310546875 0.06380208290816326 0.318359375 0.08072916709183674 0.3212890625 0.08854166709183674 0.31640625
0 0.46354166709183675 0.4970703125 0.44010416709183675 0.5078125 0.43880208290816325 0.51171875 0.45052083290816325 0.515625 0.46223958290816325 0.5048828125 0.46354166709183675 0.4970703125