9 0.50390625 0.1728515625 0.515625 0.16015625 0.5390625 0.15625 0.546875 0.146484375 0.5442708333333334 0.13671875 0.5325520833333334 0.1318359375 0.5182291666666666 0.1328125 0.5104166666666666 0.1396484375 0.5091145833333334 0.1552734375 0.4947916666666667 0.1650390625 0.4973958333333333 0.173828125 0.50390625 0.1728515625
9 0.6822916666666666 0.2353515625 0.6848958333333334 0.220703125 0.67578125 0.2099609375 0.6705729166666666 0.2099609375 0.6640625 0.21875 0.6653645833333334 0.232421875 0.6588541666666666 0.240234375 0.6666666666666666 0.244140625 0.6822916666666666 0.2353515625
9 0.8294270833333334 0.220703125 0.8255208333333334 0.2080078125 0.8203125 0.20703125 0.81640625 0.2109375 0.8111979166666666 0.224609375 0.8138020833333334 0.2314453125 0.82421875 0.2294921875 0.8294270833333334 0.220703125
9 0.8177083333333334 0.2666015625 0.8111979166666666 0.259765625 0.8046875 0.2646484375 0.8046875 0.2783203125 0.8125 0.283203125 0.8190104166666666 0.275390625 0.8177083333333334 0.2666015625
9 0.19401041666666666 0.1416015625 0.20833333333333334 0.138671875 0.21744791666666666 0.1259765625 0.21484375 0.119140625 0.20442708333333334 0.11328125 0.19401041666666666 0.115234375 0.18619791666666666 0.1220703125 0.18489583333333334 0.134765625 0.17447916666666666 0.1494140625 0.17838541666666666 0.154296875 0.19401041666666666 0.1416015625
9 0.359375 0.4150390625 0.3736979166666667 0.408203125 0.3776041666666667 0.4013671875 0.3763020833333333 0.392578125 0.3658854166666667 0.38671875 0.3528645833333333 0.388671875 0.34765625 0.3955078125 0.3515625 0.4111328125 0.3385416666666667 0.4248046875 0.3450520833333333 0.4296875 0.359375 0.4150390625
9 0.17317708333333334 0.5322265625 0.17057291666666666 0.5244140625 0.16015625 0.5205078125 0.1484375 0.5244140625 0.13932291666666666 0.5390625 0.12760416666666666 0.546875 0.1328125 0.5576171875 0.15364583333333334 0.5400390625 0.16927083333333334 0.5361328125 0.17317708333333334 0.5322265625
9 0.4361979166666667 0.59765625 0.4388020833333333 0.5859375 0.4674479166666667 0.5732421875 0.4700520833333333 0.5673828125 0.4661458333333333 0.564453125 0.4557291666666667 0.5654296875 0.4309895833333333 0.5771484375 0.41796875 0.5771484375 0.41015625 0.5810546875 0.4075520833333333 0.5947265625 0.41796875 0.6025390625 0.4283854166666667 0.6025390625 0.4361979166666667 0.59765625
9 0.13151041666666666 0.6640625 0.13020833333333334 0.650390625 0.14322916666666666 0.6337890625 0.13411458333333334 0.6328125 0.12630208333333334 0.642578125 0.10546875 0.654296875 0.10546875 0.6650390625 0.11588541666666667 0.6708984375 0.125 0.669921875 0.13151041666666666 0.6640625
9 0.59375 0.560546875 0.5950520833333334 0.546875 0.5872395833333334 0.54296875 0.5768229166666666 0.55078125 0.5729166666666666 0.5625 0.5807291666666666 0.568359375 0.5872395833333334 0.5673828125 0.59375 0.560546875
9 0.66015625 0.5205078125 0.6510416666666666 0.5234375 0.6380208333333334 0.5419921875 0.6328125 0.5498046875 0.6354166666666666 0.5537109375 0.6614583333333334 0.5361328125 0.66015625 0.5205078125
9 0.73046875 0.49609375 0.7200520833333334 0.5078125 0.7135416666666666 0.5263671875 0.734375 0.5107421875 0.7356770833333334 0.4970703125 0.73046875 0.49609375
9 0.8138020833333334 0.4150390625 0.8059895833333334 0.4169921875 0.8059895833333334 0.4306640625 0.8138020833333334 0.4326171875 0.81640625 0.4189453125 0.8138020833333334 0.4150390625
9 0.890625 0.353515625 0.8932291666666666 0.3525390625 0.8971354166666666 0.3486328125 0.8971354166666666 0.34375 0.8932291666666666 0.341796875 0.8919270833333334 0.3427734375 0.8893229166666666 0.3427734375 0.8854166666666666 0.345703125 0.8854166666666666 0.34765625 0.8763020833333334 0.35546875 0.875 0.359375 0.87890625 0.3583984375 0.8854166666666666 0.353515625 0.890625 0.353515625
9 0.7890625 0.5576171875 0.7708333333333334 0.572265625 0.76953125 0.5830078125 0.7760416666666666 0.5859375 0.7890625 0.5654296875 0.7890625 0.5576171875
11 0.2942708333333333 0.7930234375 0.3072916666666667 0.8047421874999999 0.37109375 0.8242734374999999 0.390625 0.8272031249999999 0.4700520833333333 0.794 0.4921875 0.7246640625 0.4765625 0.71978125 0.4609375 0.71978125 0.4388020833333333 0.725640625 0.26171875 0.7383359375 0.26171875 0.745171875 0.2721354166666667 0.760796875 0.2903645833333333 0.78228125 0.2942708333333333 0.7930234375
11 0.5598958333333334 0.537109375 0.5572916666666666 0.57421875 0.5416666666666666 0.5888671875 0.5247395833333334 0.6396484375 0.5 0.72265625 0.5859375 0.7041015625 0.5755208333333334 0.57421875 0.5598958333333334 0.537109375
11 0.66796875 0.6533203125 0.68359375 0.65234375 0.71484375 0.6328125 0.7395833333333334 0.6015625 0.7330729166666666 0.5166015625 0.7265625 0.5185546875 0.7200520833333334 0.52734375 0.703125 0.533203125 0.6770833333333334 0.548828125 0.6432291666666666 0.5751953125 0.6184895833333334 0.5869140625 0.59375 0.61328125 0.58984375 0.6328125 0.5950520833333334 0.638671875 0.5872395833333334 0.640625 0.5846354166666666 0.646484375 0.5859375 0.7060546875 0.5911458333333334 0.70703125 0.6328125 0.681640625 0.66796875 0.6533203125
11 0.049479166666666664 0.67578125 0.059895833333333336 0.7080078125 0.0703125 0.7216796875 0.08463541666666667 0.7265625 0.0703125 0.63671875 0.06770833333333333 0.625 0.0625 0.623046875 0.06640625 0.6181640625 0.057291666666666664 0.6279296875 0.048177083333333336 0.62890625 0.036458333333333336 0.625 0.03125 0.634765625 0.029947916666666668 0.671875 0.032552083333333336 0.6748046875 0.044270833333333336 0.671875 0.049479166666666664 0.67578125
11 0.053385416666666664 0.591796875 0.048177083333333336 0.59375 0.045572916666666664 0.60546875 0.0625 0.6083984375 0.059895833333333336 0.595703125 0.053385416666666664 0.591796875
3 0.24479166666666666 0.8310546875 0.2643229166666667 0.828125 0.2942708333333333 0.810546875 0.296875 0.80078125 0.29296875 0.794921875 0.24088541666666666 0.7568359375 0.22265625 0.7587890625 0.20833333333333334 0.783203125 0.20703125 0.8046875 0.2109375 0.8154296875 0.2265625 0.8291015625 0.24479166666666666 0.8310546875
3 0.37890625 0.34375 0.3723958333333333 0.33984375 0.34375 0.341796875 0.34375 0.3671875 0.3515625 0.380859375 0.37109375 0.3662109375 0.37890625 0.34375
3 0.4791666666666667 0.3623046875 0.4713541666666667 0.3486328125 0.4596354166666667 0.3427734375 0.453125 0.3427734375 0.4453125 0.3515625 0.4466145833333333 0.37890625 0.4609375 0.3857421875 0.4713541666666667 0.3798828125 0.4791666666666667 0.3623046875
3 0.4479166666666667 0.486328125 0.46484375 0.4638671875 0.4700520833333333 0.4423828125 0.4518229166666667 0.4443359375 0.42578125 0.458984375 0.4231770833333333 0.46484375 0.4270833333333333 0.470703125 0.4375 0.482421875 0.4479166666666667 0.486328125
3 0.4270833333333333 0.5048828125 0.4348958333333333 0.4873046875 0.4296875 0.48046875 0.39453125 0.484375 0.3971354166666667 0.5126953125 0.4010416666666667 0.5166015625 0.4075520833333333 0.5166015625 0.4270833333333333 0.5048828125
7 0.37109375 0.3203125 0.3763020833333333 0.3251953125 0.3893229166666667 0.3251953125 0.4010416666666667 0.3203125 0.4114583333333333 0.310546875 0.421875 0.29296875 0.421875 0.2841796875 0.390625 0.2109375 0.3776041666666667 0.1962890625 0.3671875 0.1982421875 0.3697916666666667 0.2451171875 0.3658854166666667 0.2666015625 0.3723958333333333 0.2890625 0.37109375 0.3203125
3 0.49609375 0.2021484375 0.5013020833333334 0.197265625 0.4986979166666667 0.17578125 0.48828125 0.16015625 0.4778645833333333 0.1552734375 0.4270833333333333 0.16015625 0.4140625 0.16796875 0.4088541666666667 0.18359375 0.4075520833333333 0.203125 0.4114583333333333 0.2099609375 0.4856770833333333 0.2041015625 0.49609375 0.2021484375
4 0.4934895833333333 0.2431640625 0.4934895833333333 0.2373046875 0.48046875 0.2275390625 0.4661458333333333 0.22265625 0.4557291666666667 0.2236328125 0.4440104166666667 0.2353515625 0.4453125 0.25 0.4661458333333333 0.2578125 0.4765625 0.2548828125 0.4934895833333333 0.2431640625
4 0.46875 0.306640625 0.4674479166666667 0.298828125 0.4427083333333333 0.2861328125 0.4283854166666667 0.2890625 0.4192708333333333 0.2998046875 0.4205729166666667 0.3134765625 0.4375 0.3212890625 0.453125 0.3193359375 0.46875 0.306640625
4 0.14322916666666666 0.2666015625 0.14322916666666666 0.2607421875 0.12369791666666667 0.248046875 0.11197916666666667 0.2470703125 0.10026041666666667 0.25390625 0.10286458333333333 0.2724609375 0.11848958333333333 0.279296875 0.12760416666666666 0.2783203125 0.14322916666666666 0.2666015625
4 0.13932291666666666 0.19921875 0.1484375 0.189453125 0.14973958333333334 0.1748046875 0.13671875 0.1669921875 0.12239583333333333 0.16796875 0.1171875 0.171875 0.11979166666666667 0.185546875 0.13020833333333334 0.1962890625 0.13932291666666666 0.19921875
2 0.1796875 0.1572265625 0.171875 0.15234375 0.16015625 0.15625 0.15885416666666666 0.1640625 0.1640625 0.1669921875 0.17838541666666666 0.162109375 0.1796875 0.1572265625
2 0.16796875 0.3603515625 0.16927083333333334 0.3681640625 0.18098958333333334 0.3671875 0.1796875 0.359375 0.16796875 0.3603515625
7 0.5091145833333334 0.3349609375 0.5338541666666666 0.3369140625 0.546875 0.3330078125 0.5611979166666666 0.322265625 0.56640625 0.3125 0.55859375 0.2666015625 0.5703125 0.2421875 0.56640625 0.232421875 0.5390625 0.2333984375 0.5091145833333334 0.240234375 0.4856770833333333 0.2509765625 0.4700520833333333 0.267578125 0.4661458333333333 0.2939453125 0.4713541666666667 0.3076171875 0.4947916666666667 0.328125 0.5091145833333334 0.3349609375
4 0.21614583333333334 0.5146484375 0.23046875 0.5146484375 0.24348958333333334 0.509765625 0.2669270833333333 0.4794921875 0.265625 0.4521484375 0.2578125 0.4375 0.2513020833333333 0.43359375 0.23177083333333334 0.43359375 0.20963541666666666 0.421875 0.19791666666666666 0.419921875 0.17838541666666666 0.4306640625 0.171875 0.4443359375 0.171875 0.474609375 0.18359375 0.4990234375 0.19791666666666666 0.5087890625 0.21614583333333334 0.5146484375
3 0.12239583333333333 0.3623046875 0.125 0.35546875 0.109375 0.337890625 0.09895833333333333 0.3330078125 0.09244791666666667 0.3359375 0.08333333333333333 0.34765625 0.08463541666666667 0.35546875 0.09895833333333333 0.365234375 0.12239583333333333 0.3623046875
3 0.12239583333333333 0.3837890625 0.11848958333333333 0.3662109375 0.10677083333333333 0.3642578125 0.09505208333333333 0.3701171875 0.09375 0.3818359375 0.09765625 0.38671875 0.11848958333333333 0.38671875 0.12239583333333333 0.3837890625
3 0.19921875 0.40625 0.171875 0.404296875 0.17057291666666666 0.4140625 0.1796875 0.4248046875 0.19921875 0.41796875 0.19921875 0.40625
3 0.16796875 0.474609375 0.14713541666666666 0.4765625 0.14322916666666666 0.4853515625 0.15234375 0.4921875 0.17317708333333334 0.48828125 0.16796875 0.474609375
3 0.18098958333333334 0.5048828125 0.18229166666666666 0.5009765625 0.171875 0.48828125 0.15234375 0.4951171875 0.15234375 0.5048828125 0.15755208333333334 0.509765625 0.16927083333333334 0.5107421875 0.18098958333333334 0.5048828125
8 0.3658854166666667 0.6689453125 0.3736979166666667 0.66015625 0.37109375 0.646484375 0.35546875 0.6396484375 0.33984375 0.6455078125 0.3372395833333333 0.6611328125 0.3411458333333333 0.666015625 0.3515625 0.6708984375 0.3658854166666667 0.6689453125
7 0.36328125 0.53515625 0.3919270833333333 0.5 0.3932291666666667 0.4853515625 0.4075520833333333 0.4794921875 0.45703125 0.41796875 0.4609375 0.396484375 0.4479166666666667 0.3818359375 0.4244791666666667 0.376953125 0.4114583333333333 0.3828125 0.3802083333333333 0.41796875 0.3723958333333333 0.43359375 0.3515625 0.453125 0.3059895833333333 0.515625 0.30859375 0.5322265625 0.328125 0.5439453125 0.34765625 0.5439453125 0.36328125 0.53515625
7 0.24609375 0.587890625 0.3450520833333333 0.4599609375 0.3515625 0.4423828125 0.34765625 0.4326171875 0.3385416666666667 0.4267578125 0.3177083333333333 0.4267578125 0.29296875 0.44921875 0.21484375 0.560546875 0.19140625 0.587890625 0.19140625 0.6025390625 0.20572916666666666 0.6123046875 0.22265625 0.609375 0.24609375 0.587890625
2 0.15364583333333334 0.5078125 0.13932291666666666 0.51171875 0.13802083333333334 0.5166015625 0.14322916666666666 0.521484375 0.15364583333333334 0.51953125 0.15364583333333334 0.5078125
3 0.11458333333333333 0.6240234375 0.11328125 0.6162109375 0.1015625 0.615234375 0.09244791666666667 0.6103515625 0.0859375 0.6123046875 0.0859375 0.623046875 0.09244791666666667 0.6298828125 0.10416666666666667 0.6298828125 0.11458333333333333 0.6240234375
3 0.18359375 0.640625 0.16145833333333334 0.6279296875 0.15364583333333334 0.6328125 0.15364583333333334 0.6416015625 0.16276041666666666 0.6513671875 0.17317708333333334 0.650390625 0.18359375 0.640625
3 0.22395833333333334 0.6953125 0.22395833333333334 0.689453125 0.20572916666666666 0.677734375 0.19921875 0.67578125 0.1953125 0.6787109375 0.1953125 0.697265625 0.203125 0.7041015625 0.21484375 0.7041015625 0.22395833333333334 0.6953125
3 0.14453125 0.7294921875 0.125 0.720703125 0.12239583333333333 0.73046875 0.12630208333333334 0.736328125 0.140625 0.7392578125 0.14453125 0.7294921875
3 0 0.728515625 0.006510416666666667 0.7373046875 0.05078125 0.7802734375 0.06770833333333333 0.78125 0.08463541666666667 0.7626953125 0.09114583333333333 0.7421875 0.08463541666666667 0.7314453125 0.06901041666666667 0.72265625 0.057291666666666664 0.70703125 0.046875 0.6748046875 0.032552083333333336 0.6748046875 0.00390625 0.6962890625 0 0.701171875 0 0.728515625
7 0.2604166666666667 0.6533203125 0.2916666666666667 0.623046875 0.3203125 0.5791015625 0.3424479166666667 0.5634765625 0.34375 0.5576171875 0.3372395833333333 0.5498046875 0.3046875 0.5400390625 0.2825520833333333 0.5478515625 0.21614583333333334 0.623046875 0.21354166666666666 0.6396484375 0.21744791666666666 0.6435546875 0.24609375 0.6552734375 0.2604166666666667 0.6533203125
6 0.6783854166666666 0.4921875 0.6796875 0.47265625 0.66796875 0.4609375 0.6471354166666666 0.453125 0.6354166666666666 0.4580078125 0.62890625 0.4658203125 0.6315104166666666 0.501953125 0.640625 0.509765625 0.6536458333333334 0.5107421875 0.6783854166666666 0.4921875
6 0.796875 0.4736328125 0.7981770833333334 0.455078125 0.7916666666666666 0.4462890625 0.7721354166666666 0.4345703125 0.7630208333333334 0.4384765625 0.7565104166666666 0.4482421875 0.7591145833333334 0.4775390625 0.7630208333333334 0.484375 0.7708333333333334 0.4873046875 0.796875 0.4736328125
6 0.7565104166666666 0.46484375 0.7473958333333334 0.455078125 0.7421875 0.458984375 0.7408854166666666 0.470703125 0.7473958333333334 0.48046875 0.7565104166666666 0.47265625 0.7565104166666666 0.46484375
6 0.8346354166666666 0.4755859375 0.8567708333333334 0.4599609375 0.8580729166666666 0.4384765625 0.8346354166666666 0.4228515625 0.8203125 0.42578125 0.8151041666666666 0.44140625 0.8177083333333334 0.4609375 0.8268229166666666 0.4736328125 0.8346354166666666 0.4755859375
6 0.6614583333333334 0.435546875 0.6549479166666666 0.4150390625 0.6432291666666666 0.40625 0.6263020833333334 0.4033203125 0.6184895833333334 0.4091796875 0.61328125 0.4208984375 0.6145833333333334 0.4462890625 0.6328125 0.4560546875 0.6393229166666666 0.455078125 0.6614583333333334 0.435546875
6 0.6080729166666666 0.412109375 0.6276041666666666 0.3994140625 0.6484375 0.3720703125 0.6497395833333334 0.3544921875 0.64453125 0.3427734375 0.63671875 0.3359375 0.6158854166666666 0.328125 0.5924479166666666 0.328125 0.5768229166666666 0.3388671875 0.5703125 0.3515625 0.5690104166666666 0.3701171875 0.57421875 0.3916015625 0.5872395833333334 0.408203125 0.6080729166666666 0.412109375
6 0.6549479166666666 0.3388671875 0.6822916666666666 0.3134765625 0.6966145833333334 0.2939453125 0.6966145833333334 0.279296875 0.6888020833333334 0.2646484375 0.6692708333333334 0.2470703125 0.6393229166666666 0.234375 0.6171875 0.2373046875 0.5963541666666666 0.2646484375 0.5963541666666666 0.2900390625 0.6119791666666666 0.32421875 0.6458333333333334 0.3408203125 0.6549479166666666 0.3388671875
7 0.7018229166666666 0.349609375 0.68359375 0.404296875 0.6861979166666666 0.427734375 0.7005208333333334 0.439453125 0.7083333333333334 0.439453125 0.7513020833333334 0.408203125 0.7604166666666666 0.369140625 0.7630208333333334 0.267578125 0.7565104166666666 0.2548828125 0.7278645833333334 0.240234375 0.7200520833333334 0.2412109375 0.7135416666666666 0.2587890625 0.703125 0.3134765625 0.7044270833333334 0.3271484375 0.69921875 0.3369140625 0.7018229166666666 0.349609375
11 0.4036458333333333 0.5400390625 0.4309895833333333 0.5537109375 0.4921875 0.568359375 0.53515625 0.57421875 0.5481770833333334 0.5712890625 0.55078125 0.57421875 0.5533854166666666 0.5703125 0.54296875 0.5654296875 0.546875 0.5625 0.54296875 0.5576171875 0.5533854166666666 0.552734375 0.5533854166666666 0.50390625 0.5611979166666666 0.4931640625 0.5625 0.4072265625 0.5598958333333334 0.4052734375 0.5390625 0.4169921875 0.48046875 0.466796875 0.4453125 0.4912109375 0.4361979166666667 0.5048828125 0.4166666666666667 0.5146484375 0.41015625 0.5224609375 0.4114583333333333 0.5263671875 0.4036458333333333 0.5302734375 0.4036458333333333 0.5400390625
3 0.5989583333333334 0.470703125 0.60546875 0.4658203125 0.6106770833333334 0.453125 0.6106770833333334 0.439453125 0.5950520833333334 0.4423828125 0.5807291666666666 0.462890625 0.5807291666666666 0.4677734375 0.5872395833333334 0.4716796875 0.5989583333333334 0.470703125
3 0.67578125 0.3935546875 0.6705729166666666 0.3828125 0.6510416666666666 0.3759765625 0.6458333333333334 0.37890625 0.6484375 0.400390625 0.6536458333333334 0.404296875 0.6666666666666666 0.40234375 0.67578125 0.3935546875
3 0.6822916666666666 0.369140625 0.6796875 0.3603515625 0.6692708333333334 0.3525390625 0.6536458333333334 0.3525390625 0.6510416666666666 0.3720703125 0.6549479166666666 0.3759765625 0.671875 0.3798828125 0.6822916666666666 0.369140625
3 0.703125 0.326171875 0.7018229166666666 0.3173828125 0.6848958333333334 0.314453125 0.6770833333333334 0.3193359375 0.6809895833333334 0.3349609375 0.6861979166666666 0.3388671875 0.6953125 0.3369140625 0.703125 0.326171875
1 0.69921875 0.34375 0.6953125 0.33984375 0.6848958333333334 0.3408203125 0.67578125 0.3486328125 0.67578125 0.35546875 0.6848958333333334 0.3681640625 0.69921875 0.3525390625 0.69921875 0.34375
1 0.7864583333333334 0.3720703125 0.796875 0.3642578125 0.80078125 0.3515625 0.7942708333333334 0.34765625 0.78125 0.3515625 0.7760416666666666 0.35546875 0.7760416666666666 0.36328125 0.7825520833333334 0.3720703125 0.7864583333333334 0.3720703125
4 0.7864583333333334 0.32421875 0.796875 0.3154296875 0.8033854166666666 0.30078125 0.8033854166666666 0.27734375 0.7890625 0.2666015625 0.7669270833333334 0.265625 0.765625 0.3076171875 0.7734375 0.3193359375 0.7799479166666666 0.32421875 0.7864583333333334 0.32421875
4 0.8072916666666666 0.2548828125 0.8125 0.248046875 0.8098958333333334 0.2236328125 0.73828125 0.185546875 0.73046875 0.1826171875 0.72265625 0.185546875 0.7239583333333334 0.2060546875 0.7369791666666666 0.22265625 0.7825520833333334 0.2470703125 0.8072916666666666 0.2548828125
6 0.8177083333333334 0.3369140625 0.8151041666666666 0.3212890625 0.8033854166666666 0.3134765625 0.7955729166666666 0.3203125 0.7981770833333334 0.3388671875 0.8020833333333334 0.34375 0.8098958333333334 0.3447265625 0.8177083333333334 0.3369140625
3 0.7330729166666666 0.5458984375 0.7317708333333334 0.53515625 0.7200520833333334 0.5283203125 0.7109375 0.5302734375 0.6979166666666666 0.54296875 0.7083333333333334 0.55078125 0.7252604166666666 0.5537109375 0.7330729166666666 0.5458984375
3 0.6692708333333334 0.5888671875 0.66796875 0.5791015625 0.6588541666666666 0.5712890625 0.6497395833333334 0.5732421875 0.6458333333333334 0.5791015625 0.6484375 0.591796875 0.6653645833333334 0.5947265625 0.6692708333333334 0.5888671875
3 0.6432291666666666 0.525390625 0.6393229166666666 0.5205078125 0.6315104166666666 0.5205078125 0.60546875 0.529296875 0.6028645833333334 0.5390625 0.6171875 0.546875 0.6393229166666666 0.5361328125 0.6432291666666666 0.525390625
7 0.5859739583333333 0.505111328125 0.5716145833333334 0.4931640625 0.56640625 0.4931640625 0.5533854166666666 0.5029296875 0.5533854166666666 0.529296875 0.5611979166666666 0.5302734375 0.5792955729166667 0.52245703125 0.5859739583333333 0.505111328125
3 0.12890625 0.57421875 0.1328125 0.55859375 0.12630208333333334 0.5498046875 0.11848958333333333 0.5478515625 0.10416666666666667 0.552734375 0.09114583333333333 0.564453125 0.08984375 0.5703125 0.1015625 0.578125 0.109375 0.5791015625 0.12890625 0.57421875
3 0.061197916666666664 0.3388671875 0.059895833333333336 0.3310546875 0.045572916666666664 0.3212890625 0.020833333333333332 0.326171875 0.018229166666666668 0.3330078125 0.032552083333333336 0.3486328125 0.044270833333333336 0.349609375 0.061197916666666664 0.3388671875
7 0 0.2568359375 0.01171875 0.2685546875 0.016927083333333332 0.2822265625 0.028645833333333332 0.2900390625 0.045572916666666664 0.283203125 0.06380208333333333 0.265625 0.06510416666666667 0.2578125 0.048177083333333336 0.251953125 0.036458333333333336 0.2412109375 0.036458333333333336 0.20703125 0.032552083333333336 0.201171875 0.024739583333333332 0.19921875 0.009114583333333334 0.2060546875 0 0.212890625 0 0.2568359375
7 0.08854166666666667 0.31640625 0.07682291666666667 0.2998046875 0.07161458333333333 0.2822265625 0.06510416666666667 0.283203125 0.057291666666666664 0.296875 0.055989583333333336 0.310546875 0.06380208333333333 0.318359375 0.08072916666666667 0.3212890625 0.08854166666666667 0.31640625
0 0.4635416666666667 0.4970703125 0.4401041666666667 0.5078125 0.4388020833333333 0.51171875 0.4505208333333333 0.515625 0.4622395833333333 0.5048828125 0.4635416666666667 0.4970703125