8 0.62109375 0.376953125 0.62109375 0.3564453125 0.6145833329081632 0.333984375 0.5924479170918368 0.3134765625 0.5703125 0.3056640625 0.5416666670918368 0.3076171875 0.5065104170918368 0.326171875 0.48697916709183675 0.3486328125 0.48697916709183675 0.369140625 0.5013020829081632 0.3818359375 0.5208333329081632 0.38671875 0.5286458329081632 0.392578125 0.5390625 0.4169921875 0.546875 0.4228515625 0.5755208329081632 0.4296875 0.5872395829081632 0.4267578125 0.609375 0.412109375 0.62109375 0.376953125
7 0.8515625 0.4453125 0.8919270829081634 0.5185546875 0.91015625 0.5263671875 0.9244791670918366 0.51953125 0.9309895829081634 0.5068359375 0.8997395829081634 0.361328125 0.8815104170918366 0.3544921875 0.8697916670918366 0.3544921875 0.8567708329081634 0.384765625 0.8515625 0.4453125
11 0.734375 0.7353515625 0.7434895829081634 0.751953125 0.81640625 0.8603515625 0.9596354170918366 0.927734375 0.9869791670918366 0.935546875 0.9986979170918366 0.9326171875 0.9986979170918366 0.7509765625 0.9557291670918366 0.7451171875 0.7369791670918366 0.7314453125 0.734375 0.7353515625
11 0.7721354170918366 0.4189453125 0.7858893227040817 0.44090625 0.81640625 0.4912109375 0.9401041670918366 0.552734375 0.9049479170918366 0.373046875 0.8723958329081634 0.2421875 0.7864583329081634 0.333984375 0.7799479170918366 0.34375 0.7721354170918366 0.38671875 0.7721354170918366 0.4189453125
3 0.7799479170918366 0.421875 0.7838541670918366 0.4267578125 0.80859375 0.4365234375 0.8216145829081634 0.4326171875 0.8346354170918366 0.419921875 0.8346354170918366 0.4140625 0.8138020829081634 0.40234375 0.80078125 0.404296875 0.7825520829081634 0.4150390625 0.7799479170918366 0.421875
1 0.578125 0.1962890625 0.5625 0.1875 0.5455729170918368 0.1904296875 0.54296875 0.2060546875 0.5598958329081632 0.220703125 0.57421875 0.2109375 0.578125 0.1962890625
1 0.46354166709183675 0.306640625 0.48307291709183675 0.3046875 0.49479166709183675 0.29296875 0.4921875 0.28515625 0.47916666709183675 0.27734375 0.46223958290816325 0.27734375 0.44661458290816325 0.2861328125 0.44791666709183675 0.2978515625 0.46354166709183675 0.306640625
1 0.49348958290816325 0.390625 0.49869791709183675 0.3837890625 0.48046875 0.3671875 0.46484375 0.3662109375 0.45182291709183675 0.3740234375 0.453125 0.38671875 0.46875 0.3955078125 0.49348958290816325 0.390625
7 0.3515625 0.2998046875 0.33984375 0.33984375 0.3359375 0.37109375 0.35026041709183675 0.400390625 0.35677083290816325 0.404296875 0.40755208290816325 0.380859375 0.41276041709183675 0.3740234375 0.40494791709183675 0.3193359375 0.39192708290816325 0.2958984375 0.37239583290816325 0.2763671875 0.36588541709183675 0.27734375 0.3515625 0.2998046875
4 0.5 0.2080078125 0.44401041709183675 0.21484375 0.4375 0.2197265625 0.4375 0.236328125 0.43880208290816325 0.275390625 0.4453125 0.2802734375 0.46354166709183675 0.275390625 0.48697916709183675 0.2763671875 0.55078125 0.263671875 0.54296875 0.248046875 0.5078125 0.2099609375 0.5 0.2080078125
10 0.44270833290816325 0.2109375 0.5013020829081632 0.2060546875 0.43489583290816325 0.1708984375 0.421875 0.1689453125 0.38932291709183675 0.2197265625 0.38932291709183675 0.2255859375 0.39583333290816325 0.2255859375 0.44270833290816325 0.2109375
3 0.5494791670918368 0.1396484375 0.5481770829081632 0.1455078125 0.5546875 0.150390625 0.59375 0.1611328125 0.6223958329081632 0.158203125 0.6458333329081632 0.150390625 0.65625 0.1416015625 0.6510416670918368 0.1357421875 0.6158854170918368 0.1298828125 0.5950520829081632 0.1298828125 0.5494791670918368 0.1396484375
3 0.7994791670918366 0.5009765625 0.8216145829081634 0.5302734375 0.84765625 0.55078125 0.859375 0.5537109375 0.8958333329081634 0.55078125 0.8984375 0.54296875 0.8932291670918366 0.5322265625 0.8268229170918366 0.4990234375 0.80078125 0.49609375 0.7994791670918366 0.5009765625
3 0.24348958290816328 0.3212890625 0.24348958290816328 0.3447265625 0.2604166670918367 0.361328125 0.2721354170918367 0.365234375 0.2903645829081633 0.36328125 0.3190104170918367 0.3525390625 0.33984375 0.33203125 0.33854166709183675 0.318359375 0.32421875 0.3125 0.2513020829081633 0.314453125 0.24348958290816328 0.3212890625
3 0.13932291709183675 0.3515625 0.13020833290816325 0.3583984375 0.13151041709183675 0.3876953125 0.14713541709183675 0.4287109375 0.1640625 0.439453125 0.17447916709183672 0.4384765625 0.1875 0.4287109375 0.1953125 0.412109375 0.19791666709183672 0.3671875 0.18880208290816328 0.3583984375 0.15755208290816325 0.3505859375 0.13932291709183675 0.3515625
3 0.05338541709183673 0.255859375 0.03645833290816326 0.2958984375 0.026041667091836734 0.3671875 0.028645832908163266 0.408203125 0.0390625 0.4169921875 0.05338541709183673 0.4169921875 0.06640625 0.4052734375 0.08203125 0.3798828125 0.12630208290816325 0.283203125 0.12369791709183674 0.2724609375 0.11328125 0.26171875 0.07161458290816326 0.251953125 0.05338541709183673 0.255859375
11 0.31640625 0.650390625 0.36588541709183675 0.6279296875 0.37239583290816325 0.630859375 0.38020833290816325 0.626953125 0.3984375 0.544921875 0.3138020829081633 0.4873046875 0.2877604170918367 0.48046875 0.20833333290816328 0.5400390625 0.20572916709183672 0.5498046875 0.21875 0.572265625 0.23697916709183672 0.5986328125 0.24739583290816328 0.595703125 0.25390625 0.6083984375 0.24739583290816328 0.6181640625 0.2526041670918367 0.62890625 0.2708333329081633 0.64453125 0.2942708329081633 0.6513671875 0.31640625 0.650390625
1 0.6770833329081634 0.5458984375 0.6848958329081634 0.5458984375 0.6940104170918366 0.537109375 0.6927083329081634 0.521484375 0.68359375 0.515625 0.6692708329081634 0.515625 0.6627604170918366 0.5205078125 0.66796875 0.5390625 0.6770833329081634 0.5458984375
1 0.7486979170918366 0.470703125 0.7486979170918366 0.4599609375 0.7421875 0.453125 0.7317708329081634 0.451171875 0.7174479170918366 0.4560546875 0.71875 0.4736328125 0.7356770829081634 0.4833984375 0.7486979170918366 0.470703125
1 0.2591145829081633 0.4287109375 0.26953125 0.41796875 0.26953125 0.4111328125 0.2513020829081633 0.4033203125 0.22916666709183672 0.408203125 0.22916666709183672 0.421875 0.24609375 0.4306640625 0.2591145829081633 0.4287109375
1 0.20963541709183672 0.35546875 0.22135416709183672 0.3447265625 0.21744791709183672 0.3369140625 0.19791666709183672 0.3291015625 0.17838541709183672 0.3349609375 0.17708333290816328 0.34765625 0.19661458290816328 0.3583984375 0.20963541709183672 0.35546875
8 0.2721354170918367 0.666015625 0.2604166670918367 0.6826171875 0.2578125 0.712890625 0.2786458329081633 0.7392578125 0.296875 0.7509765625 0.32682291709183675 0.7568359375 0.35026041709183675 0.75390625 0.37630208290816325 0.732421875 0.3828125 0.708984375 0.34635416709183675 0.658203125 0.2864583329081633 0.658203125 0.2721354170918367 0.666015625
11 0.20052083290816328 0.734375 0.19791666709183672 0.748046875 0.203125 0.7822265625 0.20963541709183672 0.787109375 0.24348958290816328 0.7939453125 0.2669270829081633 0.794921875 0.2942708329081633 0.7587890625 0.2942708329081633 0.7529296875 0.265625 0.7255859375 0.24739583290816328 0.7177734375 0.20052083290816328 0.734375
8 0.19921875 0.525390625 0.21744791709183672 0.529296875 0.22786458290816328 0.5234375 0.23307291709183672 0.5068359375 0.22135416709183672 0.490234375 0.20182291709183672 0.490234375 0.19140625 0.501953125 0.18880208290816328 0.5126953125 0.19921875 0.525390625
8 0.2526041670918367 0.591796875 0.265625 0.59375 0.2838541670918367 0.5849609375 0.2916666670918367 0.5634765625 0.2799479170918367 0.5458984375 0.2578125 0.546875 0.23828125 0.5634765625 0.23697916709183672 0.5751953125 0.2526041670918367 0.591796875
3 0.40755208290816325 0.599609375 0.42447916709183675 0.6005859375 0.43619791709183675 0.591796875 0.43489583290816325 0.580078125 0.42447916709183675 0.580078125 0.40494791709183675 0.572265625 0.39713541709183675 0.5751953125 0.39583333290816325 0.5869140625 0.40755208290816325 0.599609375
3 0.5755208329081632 0.5654296875 0.5807291670918368 0.58203125 0.5924479170918368 0.5869140625 0.6002604170918368 0.5703125 0.59765625 0.560546875 0.5755208329081632 0.5654296875
3 0.5729166670918368 0.6044921875 0.5768229170918368 0.5986328125 0.57421875 0.5830078125 0.5638020829081632 0.578125 0.5520833329081632 0.5859375 0.5559895829081632 0.5986328125 0.56640625 0.60546875 0.5729166670918368 0.6044921875
3 0.7552083329081634 0.6318359375 0.7747395829081634 0.623046875 0.7721354170918366 0.615234375 0.7473958329081634 0.603515625 0.7265625 0.6015625 0.7239583329081634 0.6220703125 0.7317708329081634 0.630859375 0.7552083329081634 0.6318359375
11 0.6119791670918368 0.7548828125 0.6328125 0.771484375 0.6888020829081634 0.794921875 0.7057291670918366 0.798828125 0.76171875 0.798828125 0.76953125 0.7958984375 0.7317708329081634 0.7353515625 0.6484375 0.73046875 0.6106770829081632 0.748046875 0.6119791670918368 0.7548828125
11 0.5364583329081632 0.7236328125 0.5872395829081632 0.861328125 0.7565104170918366 0.82421875 0.7578125 0.8203125 0.7447916670918366 0.8125 0.7057291670918366 0.8046875 0.63671875 0.775390625 0.5846354170918368 0.7353515625 0.53515625 0.7041015625 0.5364583329081632 0.7236328125
11 0.34895833290816325 0.650390625 0.35416666709183675 0.6689453125 0.38541666709183675 0.7119140625 0.41015625 0.734375 0.43359375 0.748046875 0.4453125 0.75 0.45572916709183675 0.6953125 0.39192708290816325 0.6513671875 0.35546875 0.6455078125 0.34895833290816325 0.650390625
10 0.3098958329081633 0.48046875 0.32421875 0.49609375 0.38411458290816325 0.533203125 0.43489583290816325 0.548828125 0.44921875 0.546875 0.43619791709183675 0.4970703125 0.42838541709183675 0.4912109375 0.36197916709183675 0.4716796875 0.3125 0.4765625 0.3098958329081633 0.48046875
4 0.2877604170918367 0.4541015625 0.3020833329081633 0.4580078125 0.34635416709183675 0.466796875 0.35807291709183675 0.46484375 0.40625 0.4228515625 0.41927083290816325 0.3798828125 0.35677083290816325 0.4052734375 0.3138020829081633 0.4287109375 0.2877604170918367 0.4482421875 0.2877604170918367 0.4541015625
2 0.9518229170918366 0.734375 0.95703125 0.728515625 0.9557291670918366 0.71875 0.94921875 0.71484375 0.9361979170918366 0.716796875 0.9361979170918366 0.73046875 0.94140625 0.734375 0.9518229170918366 0.734375
0 0.20052083290816328 0.296875 0.2109375 0.2822265625 0.19791666709183672 0.27734375 0.16796875 0.28515625 0.16015625 0.2919921875 0.16015625 0.302734375 0.17447916709183672 0.3056640625 0.20052083290816328 0.296875
0 0.07421875 0.451171875 0.07421875 0.443359375 0.06380208290816326 0.4345703125 0.05208333290816327 0.4345703125 0.04557291709183673 0.439453125 0.04947916709183673 0.4541015625 0.0625 0.455078125 0.07421875 0.451171875
0 0.05989583290816327 0.619140625 0.07161458290816326 0.62109375 0.09505208290816326 0.6162109375 0.10546875 0.607421875 0.10286458290816326 0.5927734375 0.07421875 0.58203125 0.0546875 0.607421875 0.0546875 0.6162109375 0.05989583290816327 0.619140625
3 0.5377604170918368 0.8330078125 0.5364583329081632 0.8251953125 0.5078125 0.8173828125 0.50390625 0.828125 0.5182291670918368 0.83984375 0.53125 0.841796875 0.5377604170918368 0.8330078125
2 0.35286458290816325 0.814453125 0.35026041709183675 0.82421875 0.36588541709183675 0.8291015625 0.36979166709183675 0.82421875 0.3671875 0.81640625 0.35286458290816325 0.814453125
9 0.5013020829081632 0.1689453125 0.5 0.1767578125 0.5065104170918368 0.185546875 0.5143229170918368 0.1884765625 0.5299479170918368 0.1865234375 0.5364583329081632 0.1796875 0.53515625 0.1640625 0.55078125 0.150390625 0.546875 0.146484375 0.5403645829081632 0.146484375 0.5013020829081632 0.1689453125
9 0.3984375 0.2939453125 0.39713541709183675 0.30859375 0.40364583290816325 0.314453125 0.41796875 0.31640625 0.4296875 0.3095703125 0.43229166709183675 0.2958984375 0.44401041709183675 0.2822265625 0.43489583290816325 0.279296875 0.42317708290816325 0.2890625 0.41015625 0.2890625 0.3984375 0.2939453125
9 0.21223958290816328 0.2431640625 0.21484375 0.2607421875 0.20052083290816328 0.275390625 0.20572916709183672 0.279296875 0.22526041709183672 0.26171875 0.24088541709183672 0.2548828125 0.24348958290816328 0.248046875 0.23958333290816328 0.23828125 0.23307291709183672 0.234375 0.22005208290816328 0.234375 0.21223958290816328 0.2431640625
9 0 0.3310546875 0.015625 0.3154296875 0.03385416709183674 0.306640625 0.03515625 0.2998046875 0.03125 0.2978515625 0.0078125 0.3095703125 0 0.306640625 0 0.3310546875
9 0.2513020829081633 0.37890625 0.24609375 0.3828125 0.25 0.3974609375 0.2591145829081633 0.40234375 0.2708333329081633 0.4013671875 0.27734375 0.3935546875 0.2760416670918367 0.37890625 0.2838541670918367 0.365234375 0.2734375 0.365234375 0.2643229170918367 0.375 0.2513020829081633 0.37890625
9 0.04557291709183673 0.462890625 0.03385416709183674 0.462890625 0.026041667091836734 0.4677734375 0.024739582908163266 0.4765625 0 0.4921875 0.00390625 0.490234375 0.0078125 0.49609375 0.02734375 0.486328125 0.04817708290816327 0.4814453125 0.0546875 0.4755859375 0.05338541709183673 0.466796875 0.04557291709183673 0.462890625
9 0.018229167091836734 0.51953125 0.018229167091836734 0.5390625 0.04557291709183673 0.5283203125 0.03645833290816326 0.51171875 0.029947917091836734 0.51171875 0.018229167091836734 0.51953125
9 0.11588541709183674 0.6396484375 0.12369791709183674 0.6474609375 0.13932291709183675 0.646484375 0.14583333290816325 0.6298828125 0.171875 0.60546875 0.1640625 0.603515625 0.14192708290816325 0.62109375 0.12239583290816326 0.6279296875 0.1171875 0.6337890625 0.11588541709183674 0.6396484375
2 0.1875 0.59765625 0.18619791709183672 0.595703125 0.17838541709183672 0.591796875 0.17057291709183672 0.591796875 0.16666666709183672 0.595703125 0.16666666709183672 0.59765625 0.16536458290816328 0.5986328125 0.16666666709183672 0.6025390625 0.171875 0.60546875 0.17708333290816328 0.60546875 0.17838541709183672 0.6064453125 0.1796875 0.60546875 0.18359375 0.60546875 0.1875 0.6025390625 0.1875 0.59765625
9 0.24088541709183672 0.638671875 0.24609375 0.630859375 0.24869791709183672 0.611328125 0.24348958290816328 0.609375 0.22265625 0.6201171875 0.21875 0.6259765625 0.22265625 0.6357421875 0.24088541709183672 0.638671875
9 0.45572916709183675 0.544921875 0.45703125 0.5546875 0.43489583290816325 0.5771484375 0.43880208290816325 0.583984375 0.46875 0.5615234375 0.4765625 0.560546875 0.48567708290816325 0.5537109375 0.48567708290816325 0.544921875 0.4765625 0.537109375 0.46744791709183675 0.5361328125 0.45572916709183675 0.544921875
5 0.2109375 0.8251953125 0.19140625 0.82421875 0.17838541709183672 0.828125 0.17838541709183672 0.845703125 0.203125 0.8466796875 0.2109375 0.84375 0.2109375 0.8251953125
4 0.32942708290816325 0.7578125 0.328125 0.76171875 0.34375 0.7900390625 0.35546875 0.794921875 0.43229166709183675 0.796875 0.44921875 0.7666015625 0.44791666709183675 0.76171875 0.43489583290816325 0.7587890625 0.40234375 0.759765625 0.36067708290816325 0.755859375 0.32942708290816325 0.7578125
11 0.32682291709183675 0.818359375 0.3229166670918367 0.7919921875 0.3138020829081633 0.78515625 0.22916666709183672 0.806640625 0.20572916709183672 0.81640625 0.20963541709183672 0.8203125 0.3229166670918367 0.8251953125 0.32682291709183675 0.818359375
2 0.45703125 0.7158203125 0.4609375 0.7255859375 0.47526041709183675 0.7236328125 0.4765625 0.716796875 0.47265625 0.712890625 0.45703125 0.7158203125
4 0.3828125 0.6337890625 0.38671875 0.6416015625 0.47005208290816325 0.6669921875 0.47786458290816325 0.666015625 0.48828125 0.6474609375 0.484375 0.642578125 0.39453125 0.6083984375 0.38802083290816325 0.6083984375 0.38671875 0.611328125 0.3828125 0.6337890625
10 0.6328125 0.6025390625 0.62109375 0.603515625 0.5924479170918368 0.6142578125 0.5924479170918368 0.6259765625 0.60546875 0.634765625 0.6119791670918368 0.6494140625 0.6276041670918368 0.662109375 0.6614583329081634 0.673828125 0.6901041670918366 0.689453125 0.69921875 0.6875 0.7005208329081634 0.646484375 0.6901041670918366 0.63671875 0.6328125 0.6025390625
4 0.72265625 0.69921875 0.7994791670918366 0.7275390625 0.8424479170918366 0.7060546875 0.8450520829081634 0.6962890625 0.8385416670918366 0.6904296875 0.7174479170918366 0.646484375 0.703125 0.6484375 0.7083333329081634 0.6845703125 0.72265625 0.69921875
9 0.7994791670918366 0.580078125 0.7890625 0.5869140625 0.7877604170918366 0.5986328125 0.7734375 0.6123046875 0.77734375 0.6201171875 0.7864583329081634 0.6162109375 0.79296875 0.6064453125 0.8098958329081634 0.6064453125 0.8203125 0.5966796875 0.81640625 0.5849609375 0.8072916670918366 0.580078125 0.7994791670918366 0.580078125
9 0.7890625 0.5615234375 0.80859375 0.5673828125 0.8177083329081634 0.560546875 0.8190104170918366 0.55078125 0.83203125 0.5380859375 0.82421875 0.5322265625 0.8125 0.5419921875 0.7955729170918366 0.54296875 0.7877604170918366 0.548828125 0.7890625 0.5615234375
9 0.7669270829081634 0.474609375 0.7786458329081634 0.4736328125 0.7903645829081634 0.462890625 0.7903645829081634 0.4521484375 0.7825520829081634 0.44140625 0.76171875 0.4482421875 0.7552083329081634 0.4560546875 0.7552083329081634 0.4658203125 0.7669270829081634 0.474609375
9 0.7838541670918366 0.4375 0.7903645829081634 0.4306640625 0.7786458329081634 0.4248046875 0.7838541670918366 0.4375
9 0.7447916670918366 0.3955078125 0.7552083329081634 0.384765625 0.7552083329081634 0.3828125 0.7708333329081634 0.3759765625 0.7760416670918366 0.3671875 0.7747395829081634 0.35546875 0.7669270829081634 0.3505859375 0.7591145829081634 0.349609375 0.7513020829081634 0.3515625 0.7434895829081634 0.3583984375 0.7421875 0.3720703125 0.7447916670918366 0.375 0.7447916670918366 0.3798828125 0.73046875 0.39453125 0.7213541670918366 0.400390625 0.7252604170918366 0.404296875 0.7291666670918366 0.404296875 0.734375 0.40234375 0.73828125 0.3984375 0.7447916670918366 0.3955078125
9 0.55078125 0.4833984375 0.5625 0.490234375 0.5716145829081632 0.4892578125 0.578125 0.4853515625 0.5807291670918368 0.4697265625 0.5950520829081632 0.4580078125 0.5859375 0.455078125 0.5729166670918368 0.46484375 0.5533854170918368 0.46875 0.55078125 0.4833984375
3 0.5872395829081632 0.4521484375 0.6015625 0.4599609375 0.6497395829081632 0.4658203125 0.6705729170918366 0.455078125 0.6471354170918368 0.4248046875 0.6302083329081632 0.416015625 0.6158854170918368 0.416015625 0.6028645829081632 0.4208984375 0.5872395829081632 0.4365234375 0.5872395829081632 0.4521484375
2 0.5 0.4326171875 0.5 0.4423828125 0.51171875 0.4443359375 0.515625 0.44140625 0.5143229170918368 0.4326171875 0.5 0.4326171875
3 0.71484375 0.5400390625 0.7239583329081634 0.5390625 0.73046875 0.5322265625 0.7252604170918366 0.5166015625 0.71875 0.51171875 0.7109375 0.51171875 0.7057291670918366 0.515625 0.70703125 0.5361328125 0.71484375 0.5400390625
3 0.71875 0.576171875 0.7291666670918366 0.552734375 0.7252604170918366 0.5498046875 0.7109375 0.5498046875 0.7044270829081634 0.5537109375 0.7057291670918366 0.568359375 0.7122395829081634 0.5751953125 0.71875 0.576171875
3 0.42317708290816325 0.44921875 0.42447916709183675 0.4365234375 0.41666666709183675 0.4287109375 0.40755208290816325 0.42578125 0.39583333290816325 0.4326171875 0.39453125 0.4404296875 0.4140625 0.44921875 0.42317708290816325 0.44921875
3 0.37630208290816325 0.46484375 0.38541666709183675 0.470703125 0.39322916709183675 0.470703125 0.39322916709183675 0.458984375 0.39973958290816325 0.4453125 0.38671875 0.4443359375 0.37369791709183675 0.4521484375 0.37109375 0.45703125 0.37630208290816325 0.46484375
10 0.08854166709183674 0.6943359375 0.07291666709183674 0.705078125 0.07291666709183674 0.7197265625 0.08463541709183674 0.74609375 0.09765625 0.76171875 0.11588541709183674 0.7744140625 0.1328125 0.7744140625 0.16796875 0.7490234375 0.171875 0.740234375 0.16145833290816325 0.7255859375 0.1171875 0.69921875 0.08854166709183674 0.6943359375
10 0.10807291709183674 0.7724609375 0.08723958290816326 0.751953125 0.07682291709183674 0.7333984375 0.05208333290816327 0.7099609375 0.03255208290816326 0.6953125 0.013020832908163265 0.689453125 0.0026041670918367345 0.6904296875 0 0.7568359375 0.028645832908163266 0.8212890625 0.04296875 0.8359375 0.0546875 0.8369140625 0.08203125 0.81640625 0.09244791709183674 0.8125 0.11848958290816326 0.810546875 0.125 0.8046875 0.125 0.796875 0.10807291709183674 0.7724609375
7 0.12239583290816326 0.3525390625 0.13151041709183675 0.35546875 0.14973958290816325 0.34765625 0.15234375 0.30859375 0.14583333290816325 0.302734375 0.13671875 0.302734375 0.1171875 0.3193359375 0.11848958290816326 0.345703125 0.12239583290816326 0.3525390625
2 0.8359375 0.8046875 0.84765625 0.8037109375 0.85546875 0.7978515625 0.8541666670918366 0.7919921875 0.8463541670918366 0.7880859375 0.83203125 0.7880859375 0.82421875 0.79296875 0.8255208329081634 0.80078125 0.8359375 0.8046875
2 0.8020833329081634 0.7958984375 0.8033854170918366 0.8037109375 0.8268229170918366 0.802734375 0.82421875 0.79296875 0.8098958329081634 0.791015625 0.8020833329081634 0.7958984375
2 0.80078125 0.794921875 0.80078125 0.7890625 0.796875 0.7861328125 0.7942708329081634 0.78515625 0.78515625 0.78515625 0.7838541670918366 0.7861328125 0.7786458329081634 0.787109375 0.7760416670918366 0.7890625 0.7760416670918366 0.794921875 0.7799479170918366 0.798828125 0.7825520829081634 0.7998046875 0.7864583329081634 0.7998046875 0.7877604170918366 0.80078125 0.7955729170918366 0.80078125 0.7994791670918366 0.7978515625 0.7994791670918366 0.7958984375 0.80078125 0.794921875
2 0.83203125 0.83984375 0.8333333329081634 0.8359375 0.8346354170918366 0.8349609375 0.8333333329081634 0.833984375 0.8333333329081634 0.8310546875 0.828125 0.8271484375 0.82421875 0.8271484375 0.8229166670918366 0.826171875 0.8138020829081634 0.826171875 0.8111979170918366 0.828125 0.8072916670918366 0.8291015625 0.8059895829081634 0.8310546875 0.8059895829081634 0.8359375 0.8072916670918366 0.8369140625 0.8072916670918366 0.8388671875 0.8111979170918366 0.841796875 0.81640625 0.8427734375 0.8177083329081634 0.84375 0.82421875 0.84375 0.8307291670918366 0.83984375 0.83203125 0.83984375
2 0.78515625 0.771484375 0.78515625 0.7685546875 0.7825520829081634 0.7666015625 0.7825520829081634 0.765625 0.78125 0.765625 0.7786458329081634 0.763671875 0.76953125 0.763671875 0.7669270829081634 0.7666015625 0.7669270829081634 0.7685546875 0.765625 0.76953125 0.765625 0.775390625 0.7682291670918366 0.779296875 0.7721354170918366 0.78125 0.7799479170918366 0.7802734375 0.78515625 0.7763671875 0.78515625 0.7734375 0.7864583329081634 0.7724609375 0.78515625 0.771484375
2 0.9049479170918366 0.7861328125 0.9010416670918366 0.7822265625 0.8919270829081634 0.78515625 0.8854166670918366 0.7900390625 0.88671875 0.7978515625 0.8971354170918366 0.794921875 0.9049479170918366 0.7861328125
4 0.7004166670918367 0.412109375 0.7056250000000001 0.421875 0.7225520829081632 0.421875 0.7318841147959184 0.4222666015625 0.7606679681122449 0.4199052734375 0.7668229170918367 0.4169921875 0.7694270829081632 0.396484375 0.7277604170918367 0.396484375 0.7017187500000001 0.3984375 0.7004166670918367 0.412109375
3 0 0.556640625 0.018229167091836734 0.56640625 0.026041667091836734 0.564453125 0.03645833290816326 0.5537109375 0.03515625 0.5458984375 0.02734375 0.5419921875 0.014322917091836735 0.544921875 0.00390625 0.54296875 0 0.5439453125 0 0.556640625
2 0.07421875 0.517578125 0.06380208290816326 0.513671875 0.05729166709183673 0.5166015625 0.05598958290816327 0.5224609375 0.05989583290816327 0.525390625 0.07421875 0.525390625 0.07421875 0.517578125
4 0.75 0.9091796875 0.76953125 0.91796875 0.8098958329081634 0.919921875 0.8138020829081634 0.9169921875 0.8151041670918366 0.90234375 0.8098958329081634 0.896484375 0.76171875 0.8896484375 0.7552083329081634 0.890625 0.75 0.896484375 0.75 0.9091796875