8 0.6155238666666667 0.333984375 0.5930446 0.3134765625 0.57056533125 0.3056640625 0.5414745145833333 0.3076171875 0.5057721479166667 0.326171875 0.4859375 0.3486328125 0.4859375 0.369140625 0.5004829083333333 0.3818359375 0.52031755625 0.38671875 0.5282514166666666 0.392578125 0.5388298958333333 0.4169921875 0.5467637541666667 0.4228515625 0.5758545708333334 0.4296875 0.5877553604166667 0.4267578125 0.6102346270833333 0.412109375 0.6221354166666667 0.376953125 0.6221354166666667 0.3564453125 0.6155238666666667 0.333984375
7 0.91065146875 0.5263671875 0.9253500687499999 0.51953125 0.93203125 0.5068359375 0.8999615770833334 0.361328125 0.88125426875 0.3544921875 0.8692281416666667 0.3544921875 0.8558657791666667 0.384765625 0.8505208333333333 0.4453125 0.8919441604166667 0.5185546875 0.91065146875 0.5263671875
11 0.8160111354166666 0.8603515625 0.9603692020833333 0.927734375 0.9879284687500001 0.935546875 0.9997395833333333 0.9326171875 0.9997395833333333 0.7509765625 0.9564321625000001 0.7451171875 0.7359580250000001 0.7314453125 0.7333333333333333 0.7353515625 0.74251975625 0.751953125 0.8160111354166666 0.8603515625
11 0.8159136791666667 0.4912109375 0.9411458333333333 0.552734375 0.9055535375 0.373046875 0.87259770625 0.2421875 0.7855943145833333 0.333984375 0.77900315 0.34375 0.77109375 0.38671875 0.77109375 0.4189453125 0.7850182479166666 0.44090625 0.8159136791666667 0.4912109375
3 0.8086433541666668 0.4365234375 0.82216021875 0.4326171875 0.8356770833333333 0.419921875 0.8356770833333333 0.4140625 0.8140501 0.40234375 0.8005332333333333 0.404296875 0.7816096229166667 0.4150390625 0.77890625 0.421875 0.7829613104166667 0.4267578125 0.8086433541666668 0.4365234375
1 0.5446855708333334 0.1904296875 0.5419270833333333 0.2060546875 0.5598572520833333 0.220703125 0.5750289354166667 0.2109375 0.5791666666666667 0.1962890625 0.5626157416666667 0.1875 0.5446855708333334 0.1904296875
1 0.49583333333333335 0.29296875 0.49311655416666667 0.28515625 0.47953265833333336 0.27734375 0.46187359166666664 0.27734375 0.44557291666666665 0.2861328125 0.44693130625 0.2978515625 0.46323198125 0.306640625 0.48360782708333333 0.3046875 0.49583333333333335 0.29296875
1 0.48070023125 0.3671875 0.4643807875 0.3662109375 0.45078125 0.3740234375 0.4521412041666667 0.38671875 0.46846064791666664 0.3955078125 0.49429976875000003 0.390625 0.49973958333333335 0.3837890625 0.48070023125 0.3671875
7 0.33489583333333334 0.37109375 0.34960716875000003 0.400390625 0.3562941375 0.404296875 0.40845250624999996 0.380859375 0.41380208333333335 0.3740234375 0.40577771874999996 0.3193359375 0.3924037791666667 0.2958984375 0.3723428666666667 0.2763671875 0.36565589791666664 0.27734375 0.3509445625 0.2998046875 0.33890801458333336 0.33984375 0.33489583333333334 0.37109375
4 0.43645833333333334 0.2197265625 0.43645833333333334 0.236328125 0.4377843625 0.275390625 0.44441451249999997 0.2802734375 0.4629789270833333 0.275390625 0.4868474625 0.2763671875 0.5518229166666667 0.263671875 0.5438667375 0.248046875 0.5080639375 0.2099609375 0.5001077583333333 0.2080078125 0.44308848125 0.21484375 0.43645833333333334 0.2197265625
10 0.4347020354166667 0.1708984375 0.42143895416666666 0.1689453125 0.38828125 0.2197265625 0.38828125 0.2255859375 0.3949127916666667 0.2255859375 0.44265988333333334 0.2109375 0.50234375 0.2060546875 0.4347020354166667 0.1708984375
3 0.5537713354166667 0.150390625 0.5935868479166667 0.1611328125 0.6227848895833333 0.158203125 0.6466741958333333 0.150390625 0.6572916666666667 0.1416015625 0.65198293125 0.1357421875 0.6161489708333333 0.1298828125 0.59491403125 0.1298828125 0.5484626 0.1396484375 0.5471354166666667 0.1455078125 0.5537713354166667 0.150390625
3 0.8476288375000001 0.55078125 0.8595942979166666 0.5537109375 0.896820175 0.55078125 0.8994791666666667 0.54296875 0.8941611833333333 0.5322265625 0.8263569083333333 0.4990234375 0.7997669958333333 0.49609375 0.7984375 0.5009765625 0.821038925 0.5302734375 0.8476288375000001 0.55078125
3 0.25974099166666664 0.361328125 0.27171311875 0.365234375 0.2903364291666667 0.36328125 0.3196016333333333 0.3525390625 0.34088541666666666 0.33203125 0.3395551791666667 0.318359375 0.32492257916666667 0.3125 0.2504293354166667 0.314453125 0.24244791666666668 0.3212890625 0.24244791666666668 0.3447265625 0.25974099166666664 0.361328125
3 0.13050881458333333 0.3876953125 0.14661458333333333 0.4287109375 0.1640625 0.439453125 0.17479967916666667 0.4384765625 0.18822115416666665 0.4287109375 0.1962740375 0.412109375 0.19895833333333332 0.3671875 0.18956330208333333 0.3583984375 0.1573517625 0.3505859375 0.13856169791666667 0.3515625 0.12916666666666668 0.3583984375 0.13050881458333333 0.3876953125
3 0.025 0.3671875 0.027658279166666667 0.408203125 0.03829139583333333 0.4169921875 0.05291193125 0.4169921875 0.06620332708333333 0.4052734375 0.08215300416666667 0.3798828125 0.12734375 0.283203125 0.12468547083333334 0.2724609375 0.11405235416666668 0.26171875 0.07151988541666668 0.251953125 0.05291193125 0.255859375 0.035633116666666666 0.2958984375 0.025 0.3671875
11 0.37315596875 0.630859375 0.3810529270833333 0.626953125 0.39947916666666666 0.544921875 0.31392877291666665 0.4873046875 0.287605575 0.48046875 0.20731982083333333 0.5400390625 0.2046875 0.5498046875 0.2178491 0.572265625 0.2362753375 0.5986328125 0.24680461666666667 0.595703125 0.25338541666666664 0.6083984375 0.24680461666666667 0.6181640625 0.25206925625000004 0.62890625 0.2704954958333333 0.64453125 0.29418637291666666 0.6513671875 0.3165610916666666 0.650390625 0.36657516875 0.6279296875 0.37315596875 0.630859375
1 0.6950520833333333 0.537109375 0.69366319375 0.521484375 0.6839409729166667 0.515625 0.6686631937499999 0.515625 0.66171875 0.5205078125 0.6672743062500001 0.5390625 0.6769965270833332 0.5458984375 0.6853298604166667 0.5458984375 0.6950520833333333 0.537109375
1 0.7427951395833333 0.453125 0.7316840270833332 0.451171875 0.71640625 0.4560546875 0.7177951395833334 0.4736328125 0.73585069375 0.4833984375 0.7497395833333333 0.470703125 0.7497395833333333 0.4599609375 0.7427951395833333 0.453125
1 0.27057291666666666 0.4111328125 0.25140288958333334 0.4033203125 0.228125 0.408203125 0.228125 0.421875 0.24592573958333333 0.4306640625 0.25961861458333335 0.4287109375 0.27057291666666666 0.41796875 0.27057291666666666 0.4111328125
1 0.21830576041666666 0.3369140625 0.19785539166666669 0.3291015625 0.177405025 0.3349609375 0.17604166666666668 0.34765625 0.19649203333333334 0.3583984375 0.2101256125 0.35546875 0.22239583333333332 0.3447265625 0.21830576041666666 0.3369140625
8 0.25677083333333334 0.712890625 0.2779513895833333 0.7392578125 0.296484375 0.7509765625 0.3269314229166667 0.7568359375 0.3507595479166667 0.75390625 0.37723524375 0.732421875 0.38385416666666666 0.708984375 0.34678819375000003 0.658203125 0.28589409791666665 0.658203125 0.2713324645833334 0.666015625 0.25941840208333333 0.6826171875 0.25677083333333334 0.712890625
11 0.2021959458333333 0.7822265625 0.20884712916666667 0.787109375 0.24343327708333332 0.7939453125 0.26737753333333336 0.794921875 0.2953125 0.7587890625 0.2953125 0.7529296875 0.26604729791666665 0.7255859375 0.2474239875 0.7177734375 0.19953547291666668 0.734375 0.196875 0.748046875 0.2021959458333333 0.7822265625
8 0.22866115208333332 0.5234375 0.23411458333333332 0.5068359375 0.2218443625 0.490234375 0.20139399583333334 0.490234375 0.19048713333333334 0.501953125 0.18776041666666668 0.5126953125 0.19866727916666665 0.525390625 0.21775428958333334 0.529296875 0.22866115208333332 0.5234375
8 0.28459821458333334 0.5849609375 0.29270833333333335 0.5634765625 0.2805431541666667 0.5458984375 0.2575644833333333 0.546875 0.2372891875 0.5634765625 0.2359375 0.5751953125 0.2521577375 0.591796875 0.26567460416666666 0.59375 0.28459821458333334 0.5849609375
3 0.43723958333333335 0.591796875 0.4358702958333333 0.580078125 0.42491599375 0.580078125 0.4043766791666667 0.572265625 0.3961609541666667 0.5751953125 0.39479166666666665 0.5869140625 0.40711525625 0.599609375 0.42491599375 0.6005859375 0.43723958333333335 0.591796875
3 0.5928316895833333 0.5869140625 0.6013020833333333 0.5703125 0.5984786187500001 0.560546875 0.5744791666666667 0.5654296875 0.5801260958333334 0.58203125 0.5928316895833333 0.5869140625
3 0.5750411187500001 0.5830078125 0.5637472583333333 0.578125 0.5510416666666667 0.5859375 0.5552768645833334 0.5986328125 0.5665707229166668 0.60546875 0.5736293854166666 0.6044921875 0.5778645833333333 0.5986328125 0.5750411187500001 0.5830078125
3 0.7730702458333333 0.615234375 0.7473157041666667 0.603515625 0.7256276708333333 0.6015625 0.7229166666666667 0.6220703125 0.7310496791666666 0.630859375 0.75544871875 0.6318359375 0.77578125 0.623046875 0.7730702458333333 0.615234375
11 0.68878500625 0.794921875 0.7059340854166667 0.798828125 0.7626579583333334 0.798828125 0.7705729166666667 0.7958984375 0.73231728125 0.7353515625 0.6478910520833333 0.73046875 0.6096354166666667 0.748046875 0.6109545770833333 0.7548828125 0.6320611333333334 0.771484375 0.68878500625 0.794921875
11 0.7575398999999999 0.82421875 0.7588541666666667 0.8203125 0.7457115000000001 0.8125 0.7062835041666666 0.8046875 0.636627375 0.775390625 0.5840567125 0.7353515625 0.5341145833333333 0.7041015625 0.5354288500000001 0.7236328125 0.5866852458333334 0.861328125 0.7575398999999999 0.82421875
11 0.38508638125 0.7119140625 0.41030868958333333 0.734375 0.43420350625000004 0.748046875 0.4461509145833333 0.75 0.45677083333333335 0.6953125 0.39172383125 0.6513671875 0.3545541166666667 0.6455078125 0.34791666666666665 0.650390625 0.35322662499999996 0.6689453125 0.38508638125 0.7119140625
10 0.3841827291666667 0.533203125 0.435723325 0.548828125 0.45026041666666666 0.546875 0.4370448791666667 0.4970703125 0.42911555625000003 0.4912109375 0.36171631666666665 0.4716796875 0.31149727499999996 0.4765625 0.30885416666666665 0.48046875 0.3233912583333333 0.49609375 0.3841827291666667 0.533203125
4 0.34624071875 0.466796875 0.35814511041666663 0.46484375 0.40708539583333336 0.4228515625 0.4203125 0.3798828125 0.35682240000000004 0.4052734375 0.31317295833333336 0.4287109375 0.28671875 0.4482421875 0.28671875 0.4541015625 0.30126856458333334 0.4580078125 0.34624071875 0.466796875
2 0.956640625 0.71875 0.9494791666666667 0.71484375 0.93515625 0.716796875 0.93515625 0.73046875 0.9408854166666667 0.734375 0.95234375 0.734375 0.9580729166666667 0.728515625 0.956640625 0.71875
0 0.19842414583333332 0.27734375 0.16724759583333335 0.28515625 0.15911458333333334 0.2919921875 0.15911458333333334 0.302734375 0.17402510624999998 0.3056640625 0.20113514999999998 0.296875 0.21197916666666666 0.2822265625 0.19842414583333332 0.27734375
0 0.064086175 0.4345703125 0.051515152083333335 0.4345703125 0.04453125 0.439453125 0.04872159166666667 0.4541015625 0.06268939375 0.455078125 0.07526041666666666 0.451171875 0.07526041666666666 0.443359375 0.064086175 0.4345703125
0 0.0956664 0.6162109375 0.10651041666666666 0.607421875 0.1037994125 0.5927734375 0.07397836458333333 0.58203125 0.05364583333333333 0.607421875 0.05364583333333333 0.6162109375 0.05906784166666667 0.619140625 0.07126736041666668 0.62109375 0.0956664 0.6162109375
3 0.50701121875 0.8173828125 0.5028645833333333 0.828125 0.5180689104166667 0.83984375 0.531891025 0.841796875 0.5388020833333333 0.8330078125 0.5374198708333334 0.8251953125 0.50701121875 0.8173828125
2 0.36651041666666667 0.8291015625 0.37083333333333335 0.82421875 0.36795138958333334 0.81640625 0.35210069374999997 0.814453125 0.34921875 0.82421875 0.36651041666666667 0.8291015625
9 0.50573584375 0.185546875 0.51386885625 0.1884765625 0.5301348833333334 0.1865234375 0.53691239375 0.1796875 0.5355568916666668 0.1640625 0.5518229166666667 0.150390625 0.5477564104166667 0.146484375 0.5409789 0.146484375 0.5003138354166666 0.1689453125 0.49895833333333334 0.1767578125 0.50573584375 0.185546875
9 0.40289351875 0.314453125 0.41785300833333333 0.31640625 0.4300925916666667 0.3095703125 0.4328125 0.2958984375 0.44505208333333335 0.2822265625 0.43553240833333334 0.279296875 0.423292825 0.2890625 0.4096932875 0.2890625 0.3974537041666667 0.2939453125 0.39609375 0.30859375 0.40289351875 0.314453125
9 0.19947916666666668 0.275390625 0.204940025 0.279296875 0.2254182458333333 0.26171875 0.24180082083333332 0.2548828125 0.24453125 0.248046875 0.24043560625000002 0.23828125 0.23360953333333334 0.234375 0.21995738541666665 0.234375 0.21176609791666667 0.2431640625 0.21449652708333333 0.2607421875 0.19947916666666668 0.275390625
9 0 0.3300712953125 0.015509258333333333 0.3154296875 0.03481867291666666 0.306640625 0.03619791666666667 0.2998046875 0.03206018541666667 0.2978515625 0.007233795833333333 0.3095703125 0 0.307009396875 0 0.3300712953125
9 0.24917385 0.3974609375 0.25879130833333336 0.40234375 0.2711566083333333 0.4013671875 0.27802622083333334 0.3935546875 0.2766522979166667 0.37890625 0.28489583333333335 0.365234375 0.2739044541666667 0.365234375 0.26428699791666665 0.375 0.25054777291666663 0.37890625 0.24505208333333334 0.3828125 0.24917385 0.3974609375
9 0 0.4916857796875 0.00301339375 0.490234375 0.007068452083333333 0.49609375 0.02734375 0.486328125 0.048970733333333336 0.4814453125 0.05572916666666667 0.4755859375 0.054377479166666666 0.466796875 0.04626736041666667 0.462890625 0.034102183333333334 0.462890625 0.025992062500000003 0.4677734375 0.024640377083333335 0.4765625 0 0.4915537484375 0 0.4916857796875
9 0.046614583333333334 0.5283203125 0.03680555625 0.51171875 0.02979910625 0.51171875 0.0171875 0.51953125 0.0171875 0.5390625 0.046614583333333334 0.5283203125
9 0.13915334375 0.646484375 0.14590600833333334 0.6298828125 0.17291666666666666 0.60546875 0.16481346875 0.603515625 0.14185440833333332 0.62109375 0.12159641458333333 0.6279296875 0.11619428333333334 0.6337890625 0.11484375 0.6396484375 0.12294694791666667 0.6474609375 0.13915334375 0.646484375
2 0.17856923958333332 0.591796875 0.1700214458333333 0.591796875 0.16574755 0.595703125 0.16574755 0.59765625 0.16432291666666668 0.5986328125 0.16574755 0.6025390625 0.17144607916666665 0.60546875 0.17714460833333331 0.60546875 0.17856923958333332 0.6064453125 0.17999387291666666 0.60546875 0.18426776874999998 0.60546875 0.18854166666666666 0.6025390625 0.18854166666666666 0.59765625 0.18711703333333332 0.595703125 0.17856923958333332 0.591796875
9 0.24973958333333332 0.611328125 0.24416893125 0.609375 0.22188632291666668 0.6201171875 0.21770833333333334 0.6259765625 0.22188632291666668 0.6357421875 0.24138360416666668 0.638671875 0.24695425625 0.630859375 0.24973958333333332 0.611328125
9 0.43385416666666665 0.5771484375 0.43792067291666664 0.583984375 0.46909722291666667 0.5615234375 0.4772302354166667 0.560546875 0.48671875 0.5537109375 0.48671875 0.544921875 0.4772302354166667 0.537109375 0.4677417208333334 0.5361328125 0.4555422 0.544921875 0.45689770208333336 0.5546875 0.43385416666666665 0.5771484375
5 0.17734375 0.828125 0.17734375 0.845703125 0.2036666666666667 0.8466796875 0.21197916666666666 0.84375 0.21197916666666666 0.8251953125 0.1911979166666667 0.82421875 0.17734375 0.828125
4 0.34297715 0.7900390625 0.3548975125 0.794921875 0.43304211458333336 0.796875 0.45026041666666666 0.7666015625 0.44893593125000003 0.76171875 0.43569108333333334 0.7587890625 0.4025789645833333 0.759765625 0.36019545208333337 0.755859375 0.32840781874999997 0.7578125 0.32708333333333334 0.76171875 0.34297715 0.7900390625
11 0.31461973541666666 0.78515625 0.228528225 0.806640625 0.2046875 0.81640625 0.20866095416666666 0.8203125 0.3238911291666666 0.8251953125 0.32786458333333335 0.818359375 0.3238911291666666 0.7919921875 0.31461973541666666 0.78515625
2 0.47616319375 0.7236328125 0.47760416666666666 0.716796875 0.47328125000000004 0.712890625 0.45598958333333334 0.7158203125 0.46031249999999996 0.7255859375 0.47616319375 0.7236328125
4 0.47073366666666666 0.6669921875 0.4787004895833334 0.666015625 0.48932291666666666 0.6474609375 0.48533950625 0.642578125 0.39372106458333334 0.6083984375 0.38708204791666667 0.6083984375 0.38575424375 0.611328125 0.38177083333333334 0.6337890625 0.38575424375 0.6416015625 0.47073366666666666 0.6669921875
10 0.59140625 0.6142578125 0.59140625 0.6259765625 0.6046780875 0.634765625 0.61131400625 0.6494140625 0.6272402104166667 0.662109375 0.6617469875 0.673828125 0.6909450291666667 0.689453125 0.7002353166666667 0.6875 0.7015625 0.646484375 0.6909450291666667 0.63671875 0.6325489458333333 0.6025390625 0.6206042916666666 0.603515625 0.59140625 0.6142578125
4 0.84345135625 0.7060546875 0.84609375 0.6962890625 0.8394877666666667 0.6904296875 0.7166164937499999 0.646484375 0.7020833333333333 0.6484375 0.70736811875 0.6845703125 0.72190128125 0.69921875 0.7998518729166667 0.7275390625 0.84345135625 0.7060546875
9 0.787355325 0.5986328125 0.7723958333333333 0.6123046875 0.7764756937499999 0.6201171875 0.7859953708333334 0.6162109375 0.7927951395833334 0.6064453125 0.8104745375 0.6064453125 0.8213541666666667 0.5966796875 0.8172743062500001 0.5849609375 0.8077546291666666 0.580078125 0.7995949083333334 0.580078125 0.7887152770833333 0.5869140625 0.787355325 0.5986328125
9 0.81807598125 0.560546875 0.8194393375 0.55078125 0.8330729166666667 0.5380859375 0.8248927687500001 0.5322265625 0.81262255 0.5419921875 0.7948988979166667 0.54296875 0.78671875 0.548828125 0.7880821083333333 0.5615234375 0.808532475 0.5673828125 0.81807598125 0.560546875
9 0.79140625 0.462890625 0.79140625 0.4521484375 0.7831307875 0.44140625 0.7610628854166667 0.4482421875 0.7541666666666667 0.4560546875 0.7541666666666667 0.4658203125 0.7665798604166666 0.474609375 0.77899305625 0.4736328125 0.79140625 0.462890625
9 0.7776041666666667 0.4248046875 0.7837384249999999 0.4375 0.79140625 0.4306640625 0.7776041666666667 0.4248046875
9 0.75545635 0.3828125 0.7716765875 0.3759765625 0.7770833333333333 0.3671875 0.7757316458333333 0.35546875 0.7676215270833333 0.3505859375 0.7595114083333333 0.349609375 0.7514012895833333 0.3515625 0.7432911708333333 0.3583984375 0.7419394833333333 0.3720703125 0.7446428562499999 0.375 0.7446428562499999 0.3798828125 0.7297743062500001 0.39453125 0.7203125 0.400390625 0.7243675604166667 0.404296875 0.72842261875 0.404296875 0.7338293645833333 0.40234375 0.7378844250000001 0.3984375 0.7446428562499999 0.3955078125 0.75545635 0.384765625 0.75545635 0.3828125
9 0.5715533083333334 0.4892578125 0.5783700979166666 0.4853515625 0.5810968145833333 0.4697265625 0.59609375 0.4580078125 0.5865502458333334 0.455078125 0.5729166666666666 0.46484375 0.5524663000000001 0.46875 0.5497395833333333 0.4833984375 0.5620098041666667 0.490234375 0.5715533083333334 0.4892578125
3 0.6502604166666667 0.4658203125 0.6716145833333333 0.455078125 0.6475911458333333 0.4248046875 0.6302408854166667 0.416015625 0.6155598958333334 0.416015625 0.6022135416666666 0.4208984375 0.5861979166666667 0.4365234375 0.5861979166666667 0.4521484375 0.60087890625 0.4599609375 0.6502604166666667 0.4658203125
2 0.5122395833333333 0.4443359375 0.5166666666666667 0.44140625 0.5151909729166666 0.4326171875 0.49895833333333334 0.4326171875 0.49895833333333334 0.4423828125 0.5122395833333333 0.4443359375
3 0.7315104166666667 0.5322265625 0.7258634875 0.5166015625 0.718804825 0.51171875 0.7103344291666667 0.51171875 0.7046875 0.515625 0.7060992333333334 0.5361328125 0.7145696270833334 0.5400390625 0.7244517541666667 0.5390625 0.7315104166666667 0.5322265625
3 0.7259731354166666 0.5498046875 0.7104440791666666 0.5498046875 0.7033854166666667 0.5537109375 0.70479715 0.568359375 0.7118558104166667 0.5751953125 0.7189144729166668 0.576171875 0.7302083333333333 0.552734375 0.7259731354166666 0.5498046875
3 0.41716485416666665 0.4287109375 0.4074162145833334 0.42578125 0.3948822458333333 0.4326171875 0.39348958333333334 0.4404296875 0.41437952916666665 0.44921875 0.4241281708333334 0.44921875 0.42552083333333335 0.4365234375 0.41716485416666665 0.4287109375
3 0.39379734791666665 0.470703125 0.39379734791666665 0.458984375 0.40078125 0.4453125 0.38681344791666666 0.4443359375 0.37284564375 0.4521484375 0.37005208333333334 0.45703125 0.37563920416666663 0.46484375 0.3854166666666667 0.470703125 0.39379734791666665 0.470703125
10 0.071875 0.7197265625 0.08384046041666667 0.74609375 0.09713541666666667 0.76171875 0.11574835624999999 0.7744140625 0.13303179791666667 0.7744140625 0.16892817916666666 0.7490234375 0.17291666666666666 0.740234375 0.16228070208333334 0.7255859375 0.11707785 0.69921875 0.08782894791666668 0.6943359375 0.071875 0.705078125 0.071875 0.7197265625
10 0 0.7591412656250001 0.028081597916666666 0.8212890625 0.042643229166666664 0.8359375 0.05455729166666667 0.8369140625 0.08235677083333333 0.81640625 0.09294704791666668 0.8125 0.11942274374999999 0.810546875 0.12604166666666666 0.8046875 0.12604166666666666 0.796875 0.10883246458333334 0.7724609375 0.08765191041666666 0.751953125 0.07706163125000001 0.7333984375 0.051909722916666665 0.7099609375 0.032052952083333336 0.6953125 0.01219618125 0.689453125 0.0016059020833333333 0.6904296875 0 0.73070888125 0 0.7591412656250001
7 0.15062692916666667 0.34765625 0.15338541666666666 0.30859375 0.14648919791666665 0.302734375 0.13683449166666667 0.302734375 0.11614583333333334 0.3193359375 0.11752507708333333 0.345703125 0.12166280833333333 0.3525390625 0.13131751458333332 0.35546875 0.15062692916666667 0.34765625
2 0.8565104166666667 0.7978515625 0.8551215270833333 0.7919921875 0.8467881937499999 0.7880859375 0.8315104166666667 0.7880859375 0.8231770833333333 0.79296875 0.8245659729166667 0.80078125 0.8356770833333333 0.8046875 0.8481770833333333 0.8037109375 0.8565104166666667 0.7978515625
2 0.8278645833333333 0.802734375 0.8250411187500001 0.79296875 0.8095120604166667 0.791015625 0.8010416666666667 0.7958984375 0.8024534 0.8037109375 0.8278645833333333 0.802734375
2 0.79758771875 0.7861328125 0.7947642541666667 0.78515625 0.7848821270833334 0.78515625 0.7834703937499999 0.7861328125 0.7778234645833333 0.787109375 0.775 0.7890625 0.775 0.794921875 0.7792351979166666 0.798828125 0.7820586625 0.7998046875 0.7862938604166666 0.7998046875 0.7877055916666666 0.80078125 0.7961759875 0.80078125 0.8004111833333333 0.7978515625 0.8004111833333333 0.7958984375 0.8018229166666667 0.794921875 0.8018229166666667 0.7890625 0.79758771875 0.7861328125
2 0.8356770833333333 0.8349609375 0.8342803020833334 0.833984375 0.8342803020833334 0.8310546875 0.8286931812499999 0.8271484375 0.8245028416666667 0.8271484375 0.8231060604166667 0.826171875 0.8133285979166666 0.826171875 0.8105350375 0.828125 0.8063446979166666 0.8291015625 0.8049479166666667 0.8310546875 0.8049479166666667 0.8359375 0.8063446979166666 0.8369140625 0.8063446979166666 0.8388671875 0.8105350375 0.841796875 0.8161221583333333 0.8427734375 0.8175189395833333 0.84375 0.8245028416666667 0.84375 0.8314867416666666 0.83984375 0.8328835229166667 0.83984375 0.8342803020833334 0.8359375 0.8356770833333333 0.8349609375
2 0.783203125 0.7666015625 0.783203125 0.765625 0.7817708333333333 0.765625 0.77890625 0.763671875 0.7688802083333334 0.763671875 0.766015625 0.7666015625 0.766015625 0.7685546875 0.7645833333333333 0.76953125 0.7645833333333333 0.775390625 0.7674479166666667 0.779296875 0.7717447916666667 0.78125 0.7803385416666667 0.7802734375 0.7860677083333333 0.7763671875 0.7860677083333333 0.7734375 0.7875 0.7724609375 0.7860677083333333 0.771484375 0.7860677083333333 0.7685546875 0.783203125 0.7666015625
2 0.8915798604166666 0.78515625 0.884375 0.7900390625 0.8858159729166667 0.7978515625 0.89734375 0.794921875 0.9059895833333333 0.7861328125 0.9016666666666667 0.7822265625 0.8915798604166666 0.78515625
4 0.72217865625 0.421875 0.7317924083333334 0.4222666015625 0.7614452083333333 0.4199052734375 0.7677859666666667 0.4169921875 0.7704687499999999 0.396484375 0.7275442208333334 0.396484375 0.7007163916666667 0.3984375 0.699375 0.412109375 0.7047405666666666 0.421875 0.72217865625 0.421875
3 0 0.5571684968749999 0.018229166666666668 0.56640625 0.026488095833333333 0.564453125 0.0375 0.5537109375 0.0361235125 0.5458984375 0.027864583333333335 0.5419921875 0.014099702083333334 0.544921875 0.003087797916666667 0.54296875 0 0.5436989718749999 0 0.5571684968749999
2 0.05639881041666666 0.5166015625 0.054947916666666666 0.5224609375 0.05930059583333334 0.525390625 0.07526041666666666 0.525390625 0.07526041666666666 0.517578125 0.06365327291666667 0.513671875 0.05639881041666666 0.5166015625
4 0.8107708333333333 0.919921875 0.8148020833333334 0.9169921875 0.8161458333333333 0.90234375 0.8107708333333333 0.896484375 0.7610520833333333 0.8896484375 0.7543333333333333 0.890625 0.7489583333333333 0.896484375 0.7489583333333333 0.9091796875 0.7691145833333334 0.91796875 0.8107708333333333 0.919921875