11 0.23012271666666667 0.3828125 0.2037956625 0.3515625 0.17483590208333333 0.3359375 0.14719249375 0.33203125 0.11033461666666668 0.3408203125 0.0774258 0.3603515625 0.05636415625 0.3837890625 0.04583333333333333 0.41015625 0.04714968541666666 0.453125 0.058996860416666665 0.47265625 0.07084403541666666 0.482421875 0.10112014791666667 0.494140625 0.15509061041666666 0.4892578125 0.17878496041666667 0.4931640625 0.18405037083333334 0.48046875 0.1998466041666667 0.4736328125 0.22617365833333333 0.4501953125 0.23538812708333332 0.431640625 0.23802083333333332 0.4052734375 0.23012271666666667 0.3828125
1 0.4838235291666667 0.3525390625 0.4923713229166667 0.353515625 0.50234375 0.333984375 0.478125 0.33203125 0.478125 0.3447265625 0.4838235291666667 0.3525390625
1 0.44276960833333334 0.251953125 0.4513174020833333 0.244140625 0.45416666666666666 0.23046875 0.42994791666666665 0.2294921875 0.43279718125 0.24609375 0.44276960833333334 0.251953125
1 0.309375 0.3173828125 0.3265625 0.298828125 0.3165364583333333 0.2958984375 0.305078125 0.298828125 0.30364583333333334 0.3134765625 0.309375 0.3173828125
1 0.27699652708333333 0.373046875 0.29140625 0.3564453125 0.27699652708333333 0.3525390625 0.26979166666666665 0.35546875 0.26979166666666665 0.3720703125 0.27699652708333333 0.373046875
1 0.7656315104166667 0.44100097656250004 0.76283203125 0.44100097656250004 0.76283203125 0.4414599609375 0.7656315104166667 0.4414599609375 0.7656315104166667 0.44100097656250004
1 0.7580729166666667 0.435546875 0.7595352562500001 0.4501953125 0.7668469541666667 0.453125 0.7770833333333333 0.4384765625 0.7580729166666667 0.435546875
1 0.7462760416666666 0.474345703125 0.7438541666666667 0.474345703125 0.7438541666666667 0.474541015625 0.7462760416666666 0.474541015625 0.7462760416666666 0.474345703125
1 0.7561011895833333 0.46875 0.7517485125000001 0.46875 0.75029761875 0.4677734375 0.7386904770833334 0.4677734375 0.7372395833333333 0.46875 0.7372395833333333 0.4765625 0.74014136875 0.484375 0.7430431541666667 0.486328125 0.7444940479166667 0.486328125 0.7473958333333334 0.4853515625 0.7473958333333334 0.484375 0.75029761875 0.482421875 0.7561011895833333 0.4736328125 0.7561011895833333 0.470703125 0.7575520833333333 0.4697265625 0.7561011895833333 0.46875
7 0.6676432291666666 0.5126953125 0.6471354166666666 0.4990234375 0.6252604166666667 0.50390625 0.6252604166666667 0.541015625 0.6375651041666667 0.5478515625 0.6526041666666667 0.5458984375 0.6690104166666667 0.5302734375 0.6676432291666666 0.5126953125
7 0.6559895833333333 0.4423828125 0.6462409416666667 0.4296875 0.6281363229166667 0.427734375 0.6239583333333333 0.4306640625 0.6239583333333333 0.466796875 0.6420629520833334 0.4697265625 0.6559895833333333 0.458984375 0.6559895833333333 0.4423828125
4 0.6847120104166666 0.4248046875 0.7024356625 0.4208984375 0.7106158083333334 0.4111328125 0.7119791666666667 0.400390625 0.6942555145833332 0.3818359375 0.6765318625 0.3828125 0.665625 0.392578125 0.665625 0.408203125 0.6751685041666666 0.4208984375 0.6847120104166666 0.4248046875
4 0.7034388354166666 0.3876953125 0.7115718479166666 0.3994140625 0.7237713666666666 0.4052734375 0.7413928958333333 0.4033203125 0.7522369125 0.3935546875 0.7549479166666667 0.3828125 0.7535924145833334 0.3671875 0.7468149041666667 0.3583984375 0.7373263895833334 0.3525390625 0.7210603624999999 0.3515625 0.7020833333333333 0.3681640625 0.7034388354166666 0.3876953125
4 0.7677083333333333 0.2919921875 0.7568750000000001 0.2978515625 0.7541666666666667 0.314453125 0.7636458333333334 0.330078125 0.7826041666666667 0.33984375 0.7988541666666666 0.3359375 0.8083333333333333 0.3232421875 0.8083333333333333 0.310546875 0.8002083333333334 0.298828125 0.7907291666666667 0.29296875 0.7853125 0.29296875 0.7853125 0.296875 0.7717708333333333 0.2958984375 0.7677083333333333 0.2919921875
11 0.67420280625 0.48828125 0.75625 0.5712890625 0.7297831625 0.5087890625 0.7297831625 0.484375 0.7205197708333333 0.4775390625 0.70860969375 0.4560546875 0.6292091833333333 0.37109375 0.6265625 0.375 0.6331792083333333 0.392578125 0.67420280625 0.48828125
7 0.8165550604166667 0.6474609375 0.8486979166666667 0.595703125 0.8178943458333333 0.5498046875 0.7857514875 0.517578125 0.7750372020833333 0.5126953125 0.7736979166666667 0.529296875 0.7844122020833333 0.5888671875 0.7991443458333334 0.623046875 0.8165550604166667 0.6474609375
7 0.865625 0.505859375 0.8534702041666667 0.4384765625 0.835913275 0.40625 0.82645954375 0.4169921875 0.8089026166666666 0.4736328125 0.8075520833333333 0.5361328125 0.8480680708333334 0.591796875 0.8615734020833333 0.5673828125 0.865625 0.505859375
9 0.82001488125 0.369140625 0.8330729166666667 0.3583984375 0.8330729166666667 0.353515625 0.8272693458333333 0.3544921875 0.8127604166666667 0.369140625 0.82001488125 0.369140625
9 0.7997395833333333 0.29296875 0.8027225375 0.30078125 0.8146543562499999 0.2919921875 0.8161458333333333 0.28515625 0.7997395833333333 0.29296875
9 0.6721354166666667 0.3173828125 0.6750173604166666 0.32421875 0.69375 0.306640625 0.6879861104166667 0.3056640625 0.6721354166666667 0.3173828125
8 0.6773151041666666 0.274392578125 0.6786556145833333 0.290994140625 0.6866986791666666 0.302712890625 0.6995729416666666 0.315869140625 0.72327316875 0.3217099609375 0.74422266875 0.31359570312499996 0.7499908854166667 0.2891396484375 0.7416596125 0.271462890625 0.7336165479166666 0.263650390625 0.7148494 0.255837890625 0.6974227625 0.254861328125 0.6826771458333333 0.263650390625 0.6773151041666666 0.274392578125
11 0.5574887395833333 0.21484375 0.5257882875 0.2158203125 0.5033338020833333 0.2236328125 0.4835210208333333 0.2373046875 0.4703125 0.259765625 0.4703125 0.2822265625 0.48220016875000005 0.3056640625 0.5099380625000001 0.32421875 0.5284299916666667 0.3291015625 0.5548470354166667 0.330078125 0.579943225 0.3232421875 0.6010768583333334 0.3095703125 0.6142853791666667 0.2900390625 0.6169270833333333 0.2607421875 0.6063602666666666 0.2392578125 0.5865474854166667 0.224609375 0.5574887395833333 0.21484375
3 0.49898648749999996 0.248046875 0.49765625 0.259765625 0.5096283791666667 0.2783203125 0.529581925 0.2890625 0.546875 0.29296875 0.5734797291666667 0.2890625 0.59609375 0.2646484375 0.5934332770833334 0.240234375 0.57214949375 0.224609375 0.5521959458333333 0.234375 0.52913895625 0.2392578125 0.50696790625 0.236328125 0.49898648749999996 0.248046875
7 0.40136521458333335 0.28125 0.39869791666666665 0.306640625 0.41736900208333333 0.3271484375 0.43737373749999997 0.333984375 0.45471117499999997 0.333984375 0.47871685625 0.3232421875 0.48671875 0.310546875 0.4767163833333333 0.30126953125 0.4640467166666667 0.263671875 0.44404198333333333 0.2587890625 0.42937184375000004 0.2607421875 0.4200363 0.263671875 0.40136521458333335 0.28125
9 0.37809606458333334 0.2900390625 0.40078125 0.2724609375 0.39794560208333335 0.26953125 0.3894386583333333 0.2724609375 0.37526041666666665 0.28515625 0.37809606458333334 0.2900390625
9 0.49895833333333334 0.2998046875 0.5003700666666666 0.3076171875 0.52578125 0.2890625 0.5158991229166666 0.2861328125 0.49895833333333334 0.2998046875
3 0.38385416666666666 0.3037109375 0.38385416666666666 0.294921875 0.38248024375 0.2919921875 0.3742367104166667 0.2861328125 0.3577496416666667 0.2861328125 0.3481321833333333 0.2890625 0.3481321833333333 0.2900390625 0.34401041666666665 0.29296875 0.34401041666666665 0.296875 0.3481321833333333 0.302734375 0.35637571875 0.3076171875 0.36461925208333335 0.30859375 0.365993175 0.3095703125 0.37011494166666664 0.3095703125 0.3714888645833333 0.30859375 0.37698455416666665 0.30859375 0.38248024375 0.3056640625 0.38385416666666666 0.3037109375
10 0.5112557875 0.4697265625 0.4859664354166667 0.4580078125 0.46999421249999995 0.45703125 0.4447048604166667 0.462890625 0.42473958333333334 0.4833984375 0.42607060208333336 0.49609375 0.4340567125 0.4951171875 0.44337384166666666 0.4873046875 0.4646701395833333 0.4833984375 0.4859664354166667 0.490234375 0.4912905083333333 0.5107421875 0.48197337916666666 0.5205078125 0.48463541666666665 0.5263671875 0.5059317125 0.51953125 0.5192418979166666 0.50390625 0.5205729166666667 0.4873046875 0.5112557875 0.4697265625
4 0.4171633375 0.6494140625 0.40392772708333335 0.6669921875 0.40260416666666665 0.6787109375 0.4105455333333333 0.693359375 0.4317225083333333 0.7041015625 0.4595172895833333 0.7060546875 0.505841925 0.7021484375 0.5270189000000001 0.689453125 0.5309895833333333 0.6826171875 0.5309895833333333 0.673828125 0.5204010958333334 0.6630859375 0.4687822166666667 0.66015625 0.43304606875 0.6474609375 0.4171633375 0.6494140625
4 0.5253767729166666 0.69140625 0.5055130770833334 0.7060546875 0.5028645833333333 0.7236328125 0.5068373229166666 0.734375 0.5293495125 0.748046875 0.5478889625 0.7509765625 0.6021830666666667 0.7490234375 0.6141012854166666 0.744140625 0.62734375 0.73046875 0.62734375 0.7197265625 0.61542553125 0.7099609375 0.5664284125 0.705078125 0.5333222520833334 0.6904296875 0.5253767729166666 0.69140625
7 0.6293981479166667 0.65625 0.6265625 0.685546875 0.6336516208333334 0.6884765625 0.6478298604166667 0.6826171875 0.6520833333333333 0.6669921875 0.6435763895833334 0.6572265625 0.6293981479166667 0.65625
4 0.6306539354166667 0.59375 0.6454861104166666 0.6025390625 0.6697569437500001 0.599609375 0.6818923604166667 0.5888671875 0.6859375 0.5771484375 0.6562731479166667 0.560546875 0.6616666666666667 0.5498046875 0.6454861104166666 0.548828125 0.627957175 0.5615234375 0.6252604166666667 0.583984375 0.6306539354166667 0.59375
10 0.5855865041666667 0.6083984375 0.5869791666666667 0.5947265625 0.5814085145833333 0.58984375 0.5633038958333334 0.587890625 0.5563405791666667 0.591796875 0.5549479166666667 0.6044921875 0.5605185687500001 0.609375 0.5772305249999999 0.611328125 0.5855865041666667 0.6083984375
4 0.4905598958333333 0.7353515625 0.48098958333333336 0.728515625 0.45364583333333336 0.724609375 0.44817708333333334 0.7294921875 0.45774739583333335 0.73828125 0.47141927083333335 0.744140625 0.49192708333333335 0.7431640625 0.4905598958333333 0.7353515625
2 0.6981770833333333 0.7216796875 0.6997106479166667 0.72265625 0.7043113416666666 0.72265625 0.7058449083333334 0.7236328125 0.7104456020833333 0.720703125 0.7119791666666667 0.716796875 0.7089120375 0.7138671875 0.7058449083333334 0.7138671875 0.6997106479166667 0.7158203125 0.6981770833333333 0.716796875 0.6981770833333333 0.7216796875
6 0.7636979166666666 0.568359375 0.7608159729166667 0.5712890625 0.759375 0.57421875 0.7608159729166667 0.576171875 0.7608159729166667 0.5791015625 0.7665798604166666 0.583984375 0.77234375 0.583984375 0.7795486104166667 0.580078125 0.7809895833333333 0.578125 0.7809895833333333 0.57421875 0.7781076395833334 0.5703125 0.7737847229166667 0.5673828125 0.7665798604166666 0.5673828125 0.7636979166666666 0.568359375
6 0.7167267625 0.5693359375 0.7152644229166667 0.5712890625 0.7138020833333333 0.57421875 0.7138020833333333 0.578125 0.7152644229166667 0.5810546875 0.7181891020833333 0.5830078125 0.7225761208333333 0.583984375 0.7269631416666668 0.5830078125 0.7328125 0.578125 0.7328125 0.572265625 0.7313501604166667 0.5703125 0.72842548125 0.568359375 0.7196514416666666 0.568359375 0.7167267625 0.5693359375
7 0.7991443458333334 0.48828125 0.8005208333333333 0.4873046875 0.7991443458333334 0.486328125 0.7991443458333334 0.482421875 0.7977678562499999 0.4814453125 0.79501488125 0.4716796875 0.7908854166666667 0.466796875 0.7895089291666667 0.458984375 0.7853794645833333 0.455078125 0.7784970229166667 0.453125 0.7743675604166668 0.453125 0.7702380958333334 0.4541015625 0.7661086312500001 0.45703125 0.7633556541666666 0.4619140625 0.7619791666666667 0.466796875 0.7661086312500001 0.4736328125 0.7661086312500001 0.4775390625 0.7619791666666667 0.482421875 0.7619791666666667 0.48828125 0.7633556541666666 0.490234375 0.7702380958333334 0.4951171875 0.7826264875 0.4990234375 0.7840029770833333 0.498046875 0.79363839375 0.4970703125 0.7977678562499999 0.494140625 0.7991443458333334 0.48828125
4 0.7896976625 0.62109375 0.7802273875 0.615234375 0.7721100104166666 0.6142578125 0.7612868395833333 0.6171875 0.7518165645833333 0.6240234375 0.747757875 0.630859375 0.7450520833333333 0.638671875 0.7464049791666666 0.6494140625 0.7504636687499999 0.6572265625 0.75993394375 0.6640625 0.7626397354166666 0.6650390625 0.7761686999999999 0.6650390625 0.7910505583333334 0.658203125 0.7978150416666666 0.6513671875 0.8005208333333333 0.64453125 0.8005208333333333 0.638671875 0.7978150416666666 0.630859375 0.7896976625 0.62109375
3 0.8678865125 0.46484375 0.8636513166666667 0.466796875 0.8622395833333333 0.46875 0.8622395833333333 0.4755859375 0.8636513166666667 0.4775390625 0.8721217104166666 0.482421875 0.8763569083333334 0.4833984375 0.8848273020833334 0.482421875 0.8890625 0.4755859375 0.8890625 0.4716796875 0.8876507666666666 0.46875 0.8834155708333333 0.466796875 0.874945175 0.46484375 0.8678865125 0.46484375
3 0.8120729166666667 0.43359375 0.81484375 0.427734375 0.81484375 0.419921875 0.8134583333333333 0.4169921875 0.8106875 0.4150390625 0.80653125 0.4140625 0.8051458333333333 0.4150390625 0.7912916666666666 0.4111328125 0.7885208333333333 0.4091796875 0.7857500000000001 0.4091796875 0.7815937500000001 0.412109375 0.7802083333333333 0.4150390625 0.7802083333333333 0.4228515625 0.7815937500000001 0.423828125 0.7815937500000001 0.4296875 0.7829791666666667 0.4306640625 0.7829791666666667 0.4345703125 0.7857500000000001 0.439453125 0.7885208333333333 0.4404296875 0.802375 0.4404296875 0.8079166666666667 0.4384765625 0.8079166666666667 0.4375 0.8120729166666667 0.43359375
3 0.7794157604166667 0.40234375 0.7724524458333334 0.400390625 0.7585258145833333 0.40625 0.7529551624999999 0.4111328125 0.7529551624999999 0.4150390625 0.7515625 0.416015625 0.7529551624999999 0.423828125 0.7599184791666667 0.427734375 0.76966711875 0.427734375 0.7724524458333334 0.4267578125 0.7780230979166666 0.421875 0.7808084229166667 0.4169921875 0.7808084229166667 0.4140625 0.78359375 0.4111328125 0.78359375 0.40625 0.7794157604166667 0.40234375
4 0.8051086000000001 0.3681640625 0.7889516854166666 0.3642578125 0.7862588645833333 0.357421875 0.7795268166666667 0.3525390625 0.77010195 0.3544921875 0.76202349375 0.361328125 0.7606770833333333 0.376953125 0.7647163124999999 0.38671875 0.7741411791666667 0.3984375 0.78491245625 0.40625 0.7929909125 0.4091796875 0.7970301416666667 0.41015625 0.80780141875 0.408203125 0.815879875 0.40234375 0.8239583333333333 0.390625 0.8226119229166666 0.375 0.80780141875 0.3671875 0.8051086000000001 0.3681640625
10 0.33926282083333337 0.546875 0.31852964791666666 0.541015625 0.3102363791666667 0.546875 0.30885416666666665 0.560546875 0.3171474354166667 0.568359375 0.3323517625 0.5703125 0.34479166666666666 0.5673828125 0.33926282083333337 0.546875
3 0.54130935 0.5732421875 0.5440104166666667 0.56640625 0.48998909791666667 0.529296875 0.4859375 0.5322265625 0.48863856666666666 0.5625 0.5169997583333333 0.5810546875 0.5291545541666667 0.5810546875 0.54130935 0.5732421875
4 0.25804771458333337 0.4169921875 0.27447916666666666 0.3916015625 0.24298555208333333 0.3779296875 0.23203125 0.3798828125 0.2361391125 0.3984375 0.25804771458333337 0.4169921875
3 0.23984375 0.423828125 0.24125 0.44140625 0.25671875 0.4423828125 0.26796875 0.4326171875 0.26796875 0.4248046875 0.25390625 0.4169921875 0.23984375 0.423828125
3 0.24173768958333333 0.458984375 0.22637310625 0.453125 0.21519886458333334 0.462890625 0.21380208333333334 0.46875 0.22218276458333333 0.4775390625 0.23335700833333334 0.4755859375 0.24453125 0.46484375 0.24173768958333333 0.458984375
3 0.2026620375 0.4873046875 0.22109375 0.4775390625 0.21400462916666668 0.46875 0.1984085645833333 0.474609375 0.19557291666666668 0.4833984375 0.2026620375 0.4873046875
3 0.20506628750000003 0.5078125 0.19947916666666668 0.525390625 0.21484375 0.529296875 0.22741477291666667 0.521484375 0.23020833333333332 0.513671875 0.21344696875 0.5048828125 0.20506628750000003 0.5078125
9 0.2810416666666667 0.37890625 0.2810416666666667 0.3798828125 0.27239583333333334 0.3857421875 0.27239583333333334 0.390625 0.27383680625 0.3916015625 0.2781597229166667 0.390625 0.28392361041666664 0.38671875 0.28392361041666664 0.3857421875 0.29401041666666666 0.37890625 0.29401041666666666 0.376953125 0.29112847291666666 0.375 0.2882465270833333 0.375 0.2810416666666667 0.37890625
3 0.13233656666666666 0.271484375 0.11310165208333332 0.263671875 0.09661458333333334 0.2744140625 0.09798850625000001 0.2841796875 0.11172772916666666 0.2919921875 0.12821479791666668 0.2890625 0.13645833333333332 0.283203125 0.13233656666666666 0.271484375
0 0.082421875 0.2294921875 0.08098958333333334 0.232421875 0.10390625 0.2333984375 0.099609375 0.2294921875 0.082421875 0.2294921875
11 0.05675105416666667 0.3115234375 0.1019185125 0.3095703125 0.11653151458333334 0.29296875 0.13512987916666666 0.28515625 0.13247296875 0.2626953125 0.13645833333333332 0.2412109375 0.12450224166666667 0.234375 0.059407964583333334 0.23046875 0.031510416666666666 0.2685546875 0.034167325 0.2822265625 0.05675105416666667 0.3115234375
1 0.05364583333333333 0.26953125 0.05364583333333333 0.2880859375 0.059216485416666666 0.2919921875 0.06757246458333334 0.291015625 0.08567708333333333 0.2724609375 0.059216485416666666 0.265625 0.05364583333333333 0.26953125
11 0 0.37685544375 0.040614583333333336 0.373046875 0.06614583333333333 0.337890625 0.06614583333333333 0.3271484375 0.03927083333333334 0.29296875 0 0.2977253921875 0 0.37685544375
3 0.09899193541666666 0.197265625 0.11953125 0.1708984375 0.09899193541666666 0.171875 0.07708333333333334 0.1865234375 0.07708333333333334 0.197265625 0.09899193541666666 0.197265625
9 0.13498263958333334 0.1767578125 0.13776041666666666 0.1689453125 0.12942708333333333 0.1689453125 0.10720486041666667 0.1806640625 0.10442708333333334 0.1904296875 0.13498263958333334 0.1767578125
1 0.06614583333333333 0.216796875 0.06474905208333333 0.2109375 0.05078125 0.20703125 0.03960700833333333 0.2080078125 0.035416666666666666 0.212890625 0.035416666666666666 0.2236328125 0.045194129166666666 0.23046875 0.056368370833333334 0.228515625 0.06614583333333333 0.216796875
3 0.26742708333333337 0.3515625 0.2808645833333333 0.3310546875 0.28489583333333335 0.306640625 0.27548958333333334 0.306640625 0.26473958333333336 0.3125 0.25533333333333336 0.3291015625 0.21905208333333331 0.35546875 0.21770833333333334 0.36328125 0.22711458333333334 0.3662109375 0.26742708333333337 0.3515625
3 0.2665 0.357421875 0.2568020833333333 0.3564453125 0.23740624999999999 0.3642578125 0.23463541666666668 0.373046875 0.25264583333333335 0.3779296875 0.2651145833333333 0.37109375 0.26927083333333335 0.3623046875 0.2665 0.357421875
4 0.17478298541666665 0.546875 0.19631076458333335 0.5322265625 0.19765625 0.5205078125 0.185546875 0.501953125 0.18285590208333333 0.484375 0.15325520833333334 0.4921875 0.13441840208333333 0.5126953125 0.13307291666666668 0.5302734375 0.14921875 0.5458984375 0.17478298541666665 0.546875
3 0.42291666666666666 0.546875 0.41873867708333334 0.53515625 0.4089900354166666 0.529296875 0.4006340583333333 0.53125 0.39088541666666665 0.5419921875 0.39088541666666665 0.5517578125 0.40202672083333335 0.5556640625 0.41595335208333334 0.5537109375 0.42291666666666666 0.546875
11 0.34386775416666665 0.587890625 0.31482336875 0.58984375 0.2870991854166667 0.6005859375 0.26729619583333336 0.619140625 0.259375 0.634765625 0.259375 0.658203125 0.27125679375 0.67578125 0.29766077916666667 0.693359375 0.3253849645833334 0.69921875 0.35838994583333333 0.697265625 0.38215353333333335 0.6875 0.40195652083333333 0.669921875 0.41119791666666666 0.646484375 0.40855751875 0.626953125 0.39535552500000004 0.6083984375 0.3781929354166667 0.5966796875 0.34386775416666665 0.587890625
2 0.30927083333333333 0.6357421875 0.3153125 0.63671875 0.32135416666666666 0.6337890625 0.32135416666666666 0.6298828125 0.31833333333333336 0.6279296875 0.31078125 0.6279296875 0.30776041666666665 0.62890625 0.30625 0.6298828125 0.30625 0.6337890625 0.30927083333333333 0.6357421875
2 0.33544560208333335 0.630859375 0.3293113416666667 0.630859375 0.32471064791666665 0.6328125 0.32317708333333334 0.63671875 0.32777777708333333 0.6376953125 0.33697916666666666 0.63671875 0.33697916666666666 0.6328125 0.33544560208333335 0.630859375
2 0.34554398124999997 0.6103515625 0.350144675 0.6103515625 0.35167824166666667 0.611328125 0.3578125 0.609375 0.3578125 0.607421875 0.35321180625 0.603515625 0.350144675 0.603515625 0.34401041666666665 0.60546875 0.34401041666666665 0.609375 0.34554398124999997 0.6103515625
1 0.7465401791666667 0.3251953125 0.7363839291666667 0.3251953125 0.7334821437500001 0.326171875 0.73203125 0.3271484375 0.73203125 0.33203125 0.7334821437500001 0.3349609375 0.7378348208333333 0.337890625 0.7378348208333333 0.33984375 0.7392857145833334 0.3408203125 0.7479910708333333 0.3408203125 0.7508928562499999 0.33984375 0.75234375 0.3388671875 0.75234375 0.3310546875 0.7494419645833333 0.326171875 0.7465401791666667 0.3251953125
1 0.8606770833333334 0.4375 0.8546354166666668 0.4384765625 0.853125 0.439453125 0.853125 0.4443359375 0.8546354166666668 0.4453125 0.8561458333333333 0.453125 0.85765625 0.455078125 0.8591666666666666 0.455078125 0.8621875 0.453125 0.86671875 0.447265625 0.8682291666666667 0.439453125 0.86671875 0.4384765625 0.8621875 0.4384765625 0.8606770833333334 0.4375
3 0.7053144291666666 0.546875 0.6915219916666667 0.546875 0.6804880395833333 0.5498046875 0.6777295520833333 0.5517578125 0.6735918208333334 0.552734375 0.6708333333333333 0.556640625 0.6708333333333333 0.5625 0.6722125770833334 0.5634765625 0.6735918208333334 0.5693359375 0.6804880395833333 0.5732421875 0.6846257708333333 0.5732421875 0.6873842583333333 0.572265625 0.6997974541666667 0.564453125 0.7039351854166667 0.5634765625 0.7080729166666667 0.5576171875 0.7080729166666667 0.548828125 0.7053144291666666 0.546875
9 0.7059895833333333 0.556640625 0.7059895833333333 0.5625 0.70743055625 0.5634765625 0.7247222229166667 0.55859375 0.7276041666666667 0.556640625 0.7276041666666667 0.548828125 0.72328125 0.5458984375 0.7088715270833333 0.5498046875 0.70743055625 0.552734375 0.70743055625 0.5556640625 0.7059895833333333 0.556640625
3 0.12604166666666666 0.5595703125 0.11909722291666666 0.55078125 0.09270833333333334 0.560546875 0.09270833333333334 0.5693359375 0.10243055625 0.578125 0.11354166666666667 0.580078125 0.12048611041666667 0.5771484375 0.12604166666666666 0.5595703125
9 0.13396577291666667 0.560546875 0.15078125 0.552734375 0.14097222291666667 0.54296875 0.12695932499999998 0.548828125 0.12135416666666667 0.5537109375 0.13396577291666667 0.560546875
3 0.08513832916666667 0.505859375 0.06350406041666666 0.5 0.044574075 0.5087890625 0.04186979166666667 0.515625 0.059730233333333334 0.535671875 0.078791375 0.5352060546875 0.09814322916666667 0.5132060546874999 0.08513832916666667 0.505859375
11 0 0.73370974375 0.11822916666666666 0.658203125 0.089074075 0.5771484375 0.0016087958333333332 0.5908203125 0 0.6779561171874999 0 0.73370974375
2 0.14609375 0.591796875 0.15185763958333334 0.6025390625 0.16050347291666667 0.6015625 0.16770833333333332 0.59375 0.16770833333333332 0.58984375 0.15762152708333332 0.5859375 0.14609375 0.591796875
2 0.10572916666666667 0.607421875 0.10572916666666667 0.6181640625 0.11878720208333333 0.62109375 0.12604166666666666 0.6162109375 0.12459077291666666 0.6123046875 0.11298363125000001 0.6064453125 0.10572916666666667 0.607421875
8 0 0.6812307093750001 0.004343970833333334 0.68359375 0.03935062083333333 0.681640625 0.05954676458333333 0.66796875 0.062239583333333334 0.6484375 0.05146830625 0.6396484375 0.042043439583333335 0.6376953125 0.007036791666666667 0.6435546875 0 0.6486585328125 0 0.6812307093750001
2 0.06276041666666667 0.611328125 0.06571180625 0.6220703125 0.08046875 0.6240234375 0.08046875 0.6142578125 0.06276041666666667 0.611328125
2 0.24114583333333334 0.6455078125 0.24409722291666666 0.6552734375 0.25885416666666666 0.654296875 0.25737847291666666 0.6435546875 0.24114583333333334 0.6455078125
2 0.26328125 0.603515625 0.26328125 0.611328125 0.2724826395833333 0.6123046875 0.27708333333333335 0.60546875 0.26328125 0.603515625
4 0.11584012708333334 0.724609375 0.1347033520833333 0.720703125 0.14817708333333332 0.7001953125 0.14682971041666668 0.6943359375 0.09697690208333333 0.681640625 0.0888926625 0.6826171875 0.08619791666666667 0.6904296875 0.08619791666666667 0.7138671875 0.10910326041666667 0.7177734375 0.11584012708333334 0.724609375
4 0.16770833333333332 0.7197265625 0.16094989999999998 0.7177734375 0.1122891875 0.7265625 0.1109375 0.7333984375 0.12580605208333334 0.7548828125 0.13256448333333334 0.7578125 0.16365327291666668 0.7421875 0.16770833333333332 0.7197265625
3 0.31796875 0.5322265625 0.3193804833333333 0.541015625 0.34196820208333334 0.5439453125 0.34479166666666666 0.5322265625 0.3391447375 0.5263671875 0.33067434166666665 0.5234375 0.31796875 0.5322265625
0 0.32578125 0.51953125 0.34563078750000004 0.5205078125 0.35130208333333335 0.515625 0.34563078750000004 0.51171875 0.32578125 0.5146484375 0.32578125 0.51953125