11 0.22916666666666666 0.3828125 0.203125 0.3515625 0.17447916666666666 0.3359375 0.14713541666666666 0.33203125 0.11067708333333333 0.3408203125 0.078125 0.3603515625 0.057291666666666664 0.3837890625 0.046875 0.41015625 0.048177083333333336 0.453125 0.059895833333333336 0.47265625 0.07161458333333333 0.482421875 0.1015625 0.494140625 0.15494791666666666 0.4892578125 0.17838541666666666 0.4931640625 0.18359375 0.48046875 0.19921875 0.4736328125 0.22526041666666666 0.4501953125 0.234375 0.431640625 0.23697916666666666 0.4052734375 0.22916666666666666 0.3828125
1 0.484375 0.3525390625 0.4921875 0.353515625 0.5013020833333334 0.333984375 0.4791666666666667 0.33203125 0.4791666666666667 0.3447265625 0.484375 0.3525390625
1 0.4427083333333333 0.251953125 0.4505208333333333 0.244140625 0.453125 0.23046875 0.4309895833333333 0.2294921875 0.43359375 0.24609375 0.4427083333333333 0.251953125
1 0.3098958333333333 0.3173828125 0.3255208333333333 0.298828125 0.31640625 0.2958984375 0.3059895833333333 0.298828125 0.3046875 0.3134765625 0.3098958333333333 0.3173828125
1 0.27734375 0.373046875 0.2903645833333333 0.3564453125 0.27734375 0.3525390625 0.2708333333333333 0.35546875 0.2708333333333333 0.3720703125 0.27734375 0.373046875
1 0.76458984375 0.44100097656250004 0.7638736979166667 0.44100097656250004 0.7638736979166667 0.4414599609375 0.76458984375 0.4414599609375 0.76458984375 0.44100097656250004
1 0.7591145833333334 0.435546875 0.7604166666666666 0.4501953125 0.7669270833333334 0.453125 0.7760416666666666 0.4384765625 0.7591145833333334 0.435546875
1 0.745234375 0.474345703125 0.7448958333333333 0.474345703125 0.7448958333333333 0.474541015625 0.745234375 0.474541015625 0.745234375 0.474345703125
1 0.7552083333333334 0.46875 0.7513020833333334 0.46875 0.75 0.4677734375 0.7395833333333334 0.4677734375 0.73828125 0.46875 0.73828125 0.4765625 0.7408854166666666 0.484375 0.7434895833333334 0.486328125 0.7447916666666666 0.486328125 0.7473958333333334 0.4853515625 0.7473958333333334 0.484375 0.75 0.482421875 0.7552083333333334 0.4736328125 0.7552083333333334 0.470703125 0.7565104166666666 0.4697265625 0.7552083333333334 0.46875
7 0.6666666666666666 0.5126953125 0.6471354166666666 0.4990234375 0.6263020833333334 0.50390625 0.6263020833333334 0.541015625 0.6380208333333334 0.5478515625 0.65234375 0.5458984375 0.66796875 0.5302734375 0.6666666666666666 0.5126953125
7 0.6549479166666666 0.4423828125 0.6458333333333334 0.4296875 0.62890625 0.427734375 0.625 0.4306640625 0.625 0.466796875 0.6419270833333334 0.4697265625 0.6549479166666666 0.458984375 0.6549479166666666 0.4423828125
4 0.6848958333333334 0.4248046875 0.7018229166666666 0.4208984375 0.7096354166666666 0.4111328125 0.7109375 0.400390625 0.6940104166666666 0.3818359375 0.6770833333333334 0.3828125 0.6666666666666666 0.392578125 0.6666666666666666 0.408203125 0.67578125 0.4208984375 0.6848958333333334 0.4248046875
4 0.7044270833333334 0.3876953125 0.7122395833333334 0.3994140625 0.7239583333333334 0.4052734375 0.7408854166666666 0.4033203125 0.7513020833333334 0.3935546875 0.75390625 0.3828125 0.7526041666666666 0.3671875 0.74609375 0.3583984375 0.7369791666666666 0.3525390625 0.7213541666666666 0.3515625 0.703125 0.3681640625 0.7044270833333334 0.3876953125
4 0.7682291666666666 0.2919921875 0.7578125 0.2978515625 0.7552083333333334 0.314453125 0.7643229166666666 0.330078125 0.7825520833333334 0.33984375 0.7981770833333334 0.3359375 0.8072916666666666 0.3232421875 0.8072916666666666 0.310546875 0.7994791666666666 0.298828125 0.7903645833333334 0.29296875 0.78515625 0.29296875 0.78515625 0.296875 0.7721354166666666 0.2958984375 0.7682291666666666 0.2919921875
11 0.6744791666666666 0.48828125 0.7552083333333334 0.5712890625 0.7291666666666666 0.5087890625 0.7291666666666666 0.484375 0.7200520833333334 0.4775390625 0.7083333333333334 0.4560546875 0.6302083333333334 0.37109375 0.6276041666666666 0.375 0.6341145833333334 0.392578125 0.6744791666666666 0.48828125
7 0.81640625 0.6474609375 0.84765625 0.595703125 0.8177083333333334 0.5498046875 0.7864583333333334 0.517578125 0.7760416666666666 0.5126953125 0.7747395833333334 0.529296875 0.78515625 0.5888671875 0.7994791666666666 0.623046875 0.81640625 0.6474609375
7 0.8645833333333334 0.505859375 0.8528645833333334 0.4384765625 0.8359375 0.40625 0.8268229166666666 0.4169921875 0.8098958333333334 0.4736328125 0.80859375 0.5361328125 0.84765625 0.591796875 0.8606770833333334 0.5673828125 0.8645833333333334 0.505859375
9 0.8203125 0.369140625 0.83203125 0.3583984375 0.83203125 0.353515625 0.8268229166666666 0.3544921875 0.8138020833333334 0.369140625 0.8203125 0.369140625
9 0.80078125 0.29296875 0.8033854166666666 0.30078125 0.8138020833333334 0.2919921875 0.8151041666666666 0.28515625 0.80078125 0.29296875
9 0.6731770833333334 0.3173828125 0.67578125 0.32421875 0.6927083333333334 0.306640625 0.6875 0.3056640625 0.6731770833333334 0.3173828125
8 0.6783567708333333 0.274392578125 0.6796588541666666 0.290994140625 0.6874713541666666 0.302712890625 0.6999765625 0.315869140625 0.7229973958333333 0.3217099609375 0.7433463541666666 0.31359570312499996 0.7489492187500001 0.2891396484375 0.7408567708333333 0.271462890625 0.7330442708333333 0.263650390625 0.7148151041666666 0.255837890625 0.6978880208333333 0.254861328125 0.6835651041666666 0.263650390625 0.6783567708333333 0.274392578125
11 0.5572916666666666 0.21484375 0.5260416666666666 0.2158203125 0.50390625 0.2236328125 0.484375 0.2373046875 0.4713541666666667 0.259765625 0.4713541666666667 0.2822265625 0.4830729166666667 0.3056640625 0.5104166666666666 0.32421875 0.5286458333333334 0.3291015625 0.5546875 0.330078125 0.5794270833333334 0.3232421875 0.6002604166666666 0.3095703125 0.61328125 0.2900390625 0.6158854166666666 0.2607421875 0.60546875 0.2392578125 0.5859375 0.224609375 0.5572916666666666 0.21484375
3 0.5 0.248046875 0.4986979166666667 0.259765625 0.5104166666666666 0.2783203125 0.5299479166666666 0.2890625 0.546875 0.29296875 0.5729166666666666 0.2890625 0.5950520833333334 0.2646484375 0.5924479166666666 0.240234375 0.5716145833333334 0.224609375 0.5520833333333334 0.234375 0.5295143229166667 0.2392578125 0.5078125 0.236328125 0.5 0.248046875
7 0.40234375 0.28125 0.3997395833333333 0.306640625 0.41796875 0.3271484375 0.4375 0.333984375 0.4544270833333333 0.333984375 0.4778645833333333 0.3232421875 0.4856770833333333 0.310546875 0.4759114583333333 0.30126953125 0.4635416666666667 0.263671875 0.4440104166666667 0.2587890625 0.4296875 0.2607421875 0.4205729166666667 0.263671875 0.40234375 0.28125
9 0.37890625 0.2900390625 0.3997395833333333 0.2724609375 0.3971354166666667 0.26953125 0.3893229166666667 0.2724609375 0.3763020833333333 0.28515625 0.37890625 0.2900390625
9 0.5 0.2998046875 0.5013020833333334 0.3076171875 0.5247395833333334 0.2890625 0.515625 0.2861328125 0.5 0.2998046875
3 0.3828125 0.3037109375 0.3828125 0.294921875 0.3815104166666667 0.2919921875 0.3736979166666667 0.2861328125 0.3580729166666667 0.2861328125 0.3489583333333333 0.2890625 0.3489583333333333 0.2900390625 0.3450520833333333 0.29296875 0.3450520833333333 0.296875 0.3489583333333333 0.302734375 0.3567708333333333 0.3076171875 0.3645833333333333 0.30859375 0.3658854166666667 0.3095703125 0.3697916666666667 0.3095703125 0.37109375 0.30859375 0.3763020833333333 0.30859375 0.3815104166666667 0.3056640625 0.3828125 0.3037109375
10 0.5104166666666666 0.4697265625 0.4856770833333333 0.4580078125 0.4700520833333333 0.45703125 0.4453125 0.462890625 0.42578125 0.4833984375 0.4270833333333333 0.49609375 0.4348958333333333 0.4951171875 0.4440104166666667 0.4873046875 0.46484375 0.4833984375 0.4856770833333333 0.490234375 0.4908854166666667 0.5107421875 0.4817708333333333 0.5205078125 0.484375 0.5263671875 0.5052083333333334 0.51953125 0.5182291666666666 0.50390625 0.51953125 0.4873046875 0.5104166666666666 0.4697265625
4 0.41796875 0.6494140625 0.4049479166666667 0.6669921875 0.4036458333333333 0.6787109375 0.4114583333333333 0.693359375 0.4322916666666667 0.7041015625 0.4596354166666667 0.7060546875 0.5052083333333334 0.7021484375 0.5260416666666666 0.689453125 0.5299479166666666 0.6826171875 0.5299479166666666 0.673828125 0.51953125 0.6630859375 0.46875 0.66015625 0.43359375 0.6474609375 0.41796875 0.6494140625
4 0.5260416666666666 0.69140625 0.5065104166666666 0.7060546875 0.50390625 0.7236328125 0.5078125 0.734375 0.5299479166666666 0.748046875 0.5481770833333334 0.7509765625 0.6015625 0.7490234375 0.61328125 0.744140625 0.6263020833333334 0.73046875 0.6263020833333334 0.7197265625 0.6145833333333334 0.7099609375 0.56640625 0.705078125 0.5338541666666666 0.6904296875 0.5260416666666666 0.69140625
7 0.6302083333333334 0.65625 0.6276041666666666 0.685546875 0.6341145833333334 0.6884765625 0.6471354166666666 0.6826171875 0.6510416666666666 0.6669921875 0.6432291666666666 0.6572265625 0.6302083333333334 0.65625
4 0.6315104166666666 0.59375 0.6458333333333334 0.6025390625 0.6692708333333334 0.599609375 0.6809895833333334 0.5888671875 0.6848958333333334 0.5771484375 0.65625 0.560546875 0.6614583333333334 0.5498046875 0.6458333333333334 0.548828125 0.62890625 0.5615234375 0.6263020833333334 0.583984375 0.6315104166666666 0.59375
10 0.5846354166666666 0.6083984375 0.5859375 0.5947265625 0.5807291666666666 0.58984375 0.5638020833333334 0.587890625 0.5572916666666666 0.591796875 0.5559895833333334 0.6044921875 0.5611979166666666 0.609375 0.5768229166666666 0.611328125 0.5846354166666666 0.6083984375
4 0.4895833333333333 0.7353515625 0.48046875 0.728515625 0.4544270833333333 0.724609375 0.44921875 0.7294921875 0.4583333333333333 0.73828125 0.4713541666666667 0.744140625 0.4908854166666667 0.7431640625 0.4895833333333333 0.7353515625
2 0.69921875 0.7216796875 0.7005208333333334 0.72265625 0.7044270833333334 0.72265625 0.7057291666666666 0.7236328125 0.7096354166666666 0.720703125 0.7109375 0.716796875 0.7083333333333334 0.7138671875 0.7057291666666666 0.7138671875 0.7005208333333334 0.7158203125 0.69921875 0.716796875 0.69921875 0.7216796875
6 0.7643229166666666 0.568359375 0.76171875 0.5712890625 0.7604166666666666 0.57421875 0.76171875 0.576171875 0.76171875 0.5791015625 0.7669270833333334 0.583984375 0.7721354166666666 0.583984375 0.7786458333333334 0.580078125 0.7799479166666666 0.578125 0.7799479166666666 0.57421875 0.77734375 0.5703125 0.7734375 0.5673828125 0.7669270833333334 0.5673828125 0.7643229166666666 0.568359375
6 0.7174479166666666 0.5693359375 0.7161458333333334 0.5712890625 0.71484375 0.57421875 0.71484375 0.578125 0.7161458333333334 0.5810546875 0.71875 0.5830078125 0.72265625 0.583984375 0.7265625 0.5830078125 0.7317708333333334 0.578125 0.7317708333333334 0.572265625 0.73046875 0.5703125 0.7278645833333334 0.568359375 0.7200520833333334 0.568359375 0.7174479166666666 0.5693359375
7 0.7981770833333334 0.48828125 0.7994791666666666 0.4873046875 0.7981770833333334 0.486328125 0.7981770833333334 0.482421875 0.796875 0.4814453125 0.7942708333333334 0.4716796875 0.7903645833333334 0.466796875 0.7890625 0.458984375 0.78515625 0.455078125 0.7786458333333334 0.453125 0.7747395833333334 0.453125 0.7708333333333334 0.4541015625 0.7669270833333334 0.45703125 0.7643229166666666 0.4619140625 0.7630208333333334 0.466796875 0.7669270833333334 0.4736328125 0.7669270833333334 0.4775390625 0.7630208333333334 0.482421875 0.7630208333333334 0.48828125 0.7643229166666666 0.490234375 0.7708333333333334 0.4951171875 0.7825520833333334 0.4990234375 0.7838541666666666 0.498046875 0.79296875 0.4970703125 0.796875 0.494140625 0.7981770833333334 0.48828125
4 0.7890625 0.62109375 0.7799479166666666 0.615234375 0.7721354166666666 0.6142578125 0.76171875 0.6171875 0.7526041666666666 0.6240234375 0.7486979166666666 0.630859375 0.74609375 0.638671875 0.7473958333333334 0.6494140625 0.7513020833333334 0.6572265625 0.7604166666666666 0.6640625 0.7630208333333334 0.6650390625 0.7760416666666666 0.6650390625 0.7903645833333334 0.658203125 0.796875 0.6513671875 0.7994791666666666 0.64453125 0.7994791666666666 0.638671875 0.796875 0.630859375 0.7890625 0.62109375
3 0.8684895833333334 0.46484375 0.8645833333333334 0.466796875 0.86328125 0.46875 0.86328125 0.4755859375 0.8645833333333334 0.4775390625 0.8723958333333334 0.482421875 0.8763020833333334 0.4833984375 0.8841145833333334 0.482421875 0.8880208333333334 0.4755859375 0.8880208333333334 0.4716796875 0.88671875 0.46875 0.8828125 0.466796875 0.875 0.46484375 0.8684895833333334 0.46484375
3 0.8111979166666666 0.43359375 0.8138020833333334 0.427734375 0.8138020833333334 0.419921875 0.8125 0.4169921875 0.8098958333333334 0.4150390625 0.8059895833333334 0.4140625 0.8046875 0.4150390625 0.7916666666666666 0.4111328125 0.7890625 0.4091796875 0.7864583333333334 0.4091796875 0.7825520833333334 0.412109375 0.78125 0.4150390625 0.78125 0.4228515625 0.7825520833333334 0.423828125 0.7825520833333334 0.4296875 0.7838541666666666 0.4306640625 0.7838541666666666 0.4345703125 0.7864583333333334 0.439453125 0.7890625 0.4404296875 0.8020833333333334 0.4404296875 0.8072916666666666 0.4384765625 0.8072916666666666 0.4375 0.8111979166666666 0.43359375
3 0.7786458333333334 0.40234375 0.7721354166666666 0.400390625 0.7591145833333334 0.40625 0.75390625 0.4111328125 0.75390625 0.4150390625 0.7526041666666666 0.416015625 0.75390625 0.423828125 0.7604166666666666 0.427734375 0.76953125 0.427734375 0.7721354166666666 0.4267578125 0.77734375 0.421875 0.7799479166666666 0.4169921875 0.7799479166666666 0.4140625 0.7825520833333334 0.4111328125 0.7825520833333334 0.40625 0.7786458333333334 0.40234375
4 0.8046875 0.3681640625 0.7890625 0.3642578125 0.7864583333333334 0.357421875 0.7799479166666666 0.3525390625 0.7708333333333334 0.3544921875 0.7630208333333334 0.361328125 0.76171875 0.376953125 0.765625 0.38671875 0.7747395833333334 0.3984375 0.78515625 0.40625 0.79296875 0.4091796875 0.796875 0.41015625 0.8072916666666666 0.408203125 0.8151041666666666 0.40234375 0.8229166666666666 0.390625 0.8216145833333334 0.375 0.8072916666666666 0.3671875 0.8046875 0.3681640625
10 0.3385416666666667 0.546875 0.3190104166666667 0.541015625 0.3111979166666667 0.546875 0.3098958333333333 0.560546875 0.3177083333333333 0.568359375 0.33203125 0.5703125 0.34375 0.5673828125 0.3385416666666667 0.546875
3 0.5403645833333334 0.5732421875 0.54296875 0.56640625 0.4908854166666667 0.529296875 0.4869791666666667 0.5322265625 0.4895833333333333 0.5625 0.5169270833333334 0.5810546875 0.5286458333333334 0.5810546875 0.5403645833333334 0.5732421875
4 0.2578125 0.4169921875 0.2734375 0.3916015625 0.24348958333333334 0.3779296875 0.23307291666666666 0.3798828125 0.23697916666666666 0.3984375 0.2578125 0.4169921875
3 0.24088541666666666 0.423828125 0.2421875 0.44140625 0.2565104166666667 0.4423828125 0.2669270833333333 0.4326171875 0.2669270833333333 0.4248046875 0.25390625 0.4169921875 0.24088541666666666 0.423828125
3 0.24088541666666666 0.458984375 0.2265625 0.453125 0.21614583333333334 0.462890625 0.21484375 0.46875 0.22265625 0.4775390625 0.23307291666666666 0.4755859375 0.24348958333333334 0.46484375 0.24088541666666666 0.458984375
3 0.203125 0.4873046875 0.22005208333333334 0.4775390625 0.21354166666666666 0.46875 0.19921875 0.474609375 0.19661458333333334 0.4833984375 0.203125 0.4873046875
3 0.20572916666666666 0.5078125 0.20052083333333334 0.525390625 0.21484375 0.529296875 0.2265625 0.521484375 0.22916666666666666 0.513671875 0.21354166666666666 0.5048828125 0.20572916666666666 0.5078125
9 0.28125 0.37890625 0.28125 0.3798828125 0.2734375 0.3857421875 0.2734375 0.390625 0.2747395833333333 0.3916015625 0.2786458333333333 0.390625 0.2838541666666667 0.38671875 0.2838541666666667 0.3857421875 0.29296875 0.37890625 0.29296875 0.376953125 0.2903645833333333 0.375 0.2877604166666667 0.375 0.28125 0.37890625
3 0.13151041666666666 0.271484375 0.11328125 0.263671875 0.09765625 0.2744140625 0.09895833333333333 0.2841796875 0.11197916666666667 0.2919921875 0.12760416666666666 0.2890625 0.13541666666666666 0.283203125 0.13151041666666666 0.271484375
0 0.08333333333333333 0.2294921875 0.08203125 0.232421875 0.10286458333333333 0.2333984375 0.09895833333333333 0.2294921875 0.08333333333333333 0.2294921875
11 0.057291666666666664 0.3115234375 0.1015625 0.3095703125 0.11588541666666667 0.29296875 0.13411458333333334 0.28515625 0.13151041666666666 0.2626953125 0.13541666666666666 0.2412109375 0.12369791666666667 0.234375 0.059895833333333336 0.23046875 0.032552083333333336 0.2685546875 0.03515625 0.2822265625 0.057291666666666664 0.3115234375
1 0.0546875 0.26953125 0.0546875 0.2880859375 0.059895833333333336 0.2919921875 0.06770833333333333 0.291015625 0.08463541666666667 0.2724609375 0.059895833333333336 0.265625 0.0546875 0.26953125
11 0 0.376953125 0.040364583333333336 0.373046875 0.06510416666666667 0.337890625 0.06510416666666667 0.3271484375 0.0390625 0.29296875 0 0.2978515625 0 0.376953125
3 0.09895833333333333 0.197265625 0.11848958333333333 0.1708984375 0.09895833333333333 0.171875 0.078125 0.1865234375 0.078125 0.197265625 0.09895833333333333 0.197265625
9 0.13411458333333334 0.1767578125 0.13671875 0.1689453125 0.12890625 0.1689453125 0.10807291666666667 0.1806640625 0.10546875 0.1904296875 0.13411458333333334 0.1767578125
1 0.06510416666666667 0.216796875 0.06380208333333333 0.2109375 0.05078125 0.20703125 0.040364583333333336 0.2080078125 0.036458333333333336 0.212890625 0.036458333333333336 0.2236328125 0.045572916666666664 0.23046875 0.055989583333333336 0.228515625 0.06510416666666667 0.216796875
3 0.2669270833333333 0.3515625 0.2799479166666667 0.3310546875 0.2838541666666667 0.306640625 0.2747395833333333 0.306640625 0.2643229166666667 0.3125 0.2552083333333333 0.3291015625 0.22005208333333334 0.35546875 0.21875 0.36328125 0.22786458333333334 0.3662109375 0.2669270833333333 0.3515625
3 0.265625 0.357421875 0.2565104166666667 0.3564453125 0.23828125 0.3642578125 0.23567708333333334 0.373046875 0.2526041666666667 0.3779296875 0.2643229166666667 0.37109375 0.2682291666666667 0.3623046875 0.265625 0.357421875
4 0.17447916666666666 0.546875 0.1953125 0.5322265625 0.19661458333333334 0.5205078125 0.18489583333333334 0.501953125 0.18229166666666666 0.484375 0.15364583333333334 0.4921875 0.13541666666666666 0.5126953125 0.13411458333333334 0.5302734375 0.14973958333333334 0.5458984375 0.17447916666666666 0.546875
3 0.421875 0.546875 0.41796875 0.53515625 0.4088541666666667 0.529296875 0.4010416666666667 0.53125 0.3919270833333333 0.5419921875 0.3919270833333333 0.5517578125 0.40234375 0.5556640625 0.4153645833333333 0.5537109375 0.421875 0.546875
11 0.34375 0.587890625 0.3151041666666667 0.58984375 0.2877604166666667 0.6005859375 0.2682291666666667 0.619140625 0.2604166666666667 0.634765625 0.2604166666666667 0.658203125 0.2721354166666667 0.67578125 0.2981770833333333 0.693359375 0.3255208333333333 0.69921875 0.3580729166666667 0.697265625 0.3815104166666667 0.6875 0.4010416666666667 0.669921875 0.41015625 0.646484375 0.4075520833333333 0.626953125 0.39453125 0.6083984375 0.3776041666666667 0.5966796875 0.34375 0.587890625
2 0.3098958333333333 0.6357421875 0.3151041666666667 0.63671875 0.3203125 0.6337890625 0.3203125 0.6298828125 0.3177083333333333 0.6279296875 0.3111979166666667 0.6279296875 0.30859375 0.62890625 0.3072916666666667 0.6298828125 0.3072916666666667 0.6337890625 0.3098958333333333 0.6357421875
2 0.3346354166666667 0.630859375 0.3294270833333333 0.630859375 0.3255208333333333 0.6328125 0.32421875 0.63671875 0.328125 0.6376953125 0.3359375 0.63671875 0.3359375 0.6328125 0.3346354166666667 0.630859375
2 0.3463541666666667 0.6103515625 0.3502604166666667 0.6103515625 0.3515625 0.611328125 0.3567708333333333 0.609375 0.3567708333333333 0.607421875 0.3528645833333333 0.603515625 0.3502604166666667 0.603515625 0.3450520833333333 0.60546875 0.3450520833333333 0.609375 0.3463541666666667 0.6103515625
1 0.74609375 0.3251953125 0.7369791666666666 0.3251953125 0.734375 0.326171875 0.7330729166666666 0.3271484375 0.7330729166666666 0.33203125 0.734375 0.3349609375 0.73828125 0.337890625 0.73828125 0.33984375 0.7395833333333334 0.3408203125 0.7473958333333334 0.3408203125 0.75 0.33984375 0.7513020833333334 0.3388671875 0.7513020833333334 0.3310546875 0.7486979166666666 0.326171875 0.74609375 0.3251953125
1 0.8606770833333334 0.4375 0.85546875 0.4384765625 0.8541666666666666 0.439453125 0.8541666666666666 0.4443359375 0.85546875 0.4453125 0.8567708333333334 0.453125 0.8580729166666666 0.455078125 0.859375 0.455078125 0.8619791666666666 0.453125 0.8658854166666666 0.447265625 0.8671875 0.439453125 0.8658854166666666 0.4384765625 0.8619791666666666 0.4384765625 0.8606770833333334 0.4375
3 0.7044270833333334 0.546875 0.69140625 0.546875 0.6809895833333334 0.5498046875 0.6783854166666666 0.5517578125 0.6744791666666666 0.552734375 0.671875 0.556640625 0.671875 0.5625 0.6731770833333334 0.5634765625 0.6744791666666666 0.5693359375 0.6809895833333334 0.5732421875 0.6848958333333334 0.5732421875 0.6875 0.572265625 0.69921875 0.564453125 0.703125 0.5634765625 0.70703125 0.5576171875 0.70703125 0.548828125 0.7044270833333334 0.546875
9 0.70703125 0.556640625 0.70703125 0.5625 0.7083333333333334 0.5634765625 0.7239583333333334 0.55859375 0.7265625 0.556640625 0.7265625 0.548828125 0.72265625 0.5458984375 0.7096354166666666 0.5498046875 0.7083333333333334 0.552734375 0.7083333333333334 0.5556640625 0.70703125 0.556640625
3 0.125 0.5595703125 0.11848958333333333 0.55078125 0.09375 0.560546875 0.09375 0.5693359375 0.10286458333333333 0.578125 0.11328125 0.580078125 0.11979166666666667 0.5771484375 0.125 0.5595703125
9 0.13411458333333334 0.560546875 0.14973958333333334 0.552734375 0.140625 0.54296875 0.12760416666666666 0.548828125 0.12239583333333333 0.5537109375 0.13411458333333334 0.560546875
3 0.08457812499999999 0.505859375 0.06374479166666666 0.5 0.045515625 0.5087890625 0.04291145833333333 0.515625 0.06011067708333333 0.535671875 0.07846614583333333 0.5352060546875 0.0971015625 0.5132060546874999 0.08457812499999999 0.505859375
11 0.0026041666666666665 0.5908203125 0 0.734375 0.1171875 0.658203125 0.08854166666666667 0.5771484375 0.0026041666666666665 0.5908203125
2 0.14713541666666666 0.591796875 0.15234375 0.6025390625 0.16015625 0.6015625 0.16666666666666666 0.59375 0.16666666666666666 0.58984375 0.15755208333333334 0.5859375 0.14713541666666666 0.591796875
2 0.10677083333333333 0.607421875 0.10677083333333333 0.6181640625 0.11848958333333333 0.62109375 0.125 0.6162109375 0.12369791666666667 0.6123046875 0.11328125 0.6064453125 0.10677083333333333 0.607421875
8 0 0.6806640625 0.005208333333333333 0.68359375 0.0390625 0.681640625 0.05859375 0.66796875 0.061197916666666664 0.6484375 0.05078125 0.6396484375 0.041666666666666664 0.6376953125 0.0078125 0.6435546875 0 0.6494140625 0 0.6806640625
2 0.06380208333333333 0.611328125 0.06640625 0.6220703125 0.07942708333333333 0.6240234375 0.07942708333333333 0.6142578125 0.06380208333333333 0.611328125
2 0.2421875 0.6455078125 0.24479166666666666 0.6552734375 0.2578125 0.654296875 0.2565104166666667 0.6435546875 0.2421875 0.6455078125
2 0.2643229166666667 0.603515625 0.2643229166666667 0.611328125 0.2721354166666667 0.6123046875 0.2760416666666667 0.60546875 0.2643229166666667 0.603515625
4 0.11588541666666667 0.724609375 0.13411458333333334 0.720703125 0.14713541666666666 0.7001953125 0.14583333333333334 0.6943359375 0.09765625 0.681640625 0.08984375 0.6826171875 0.08723958333333333 0.6904296875 0.08723958333333333 0.7138671875 0.109375 0.7177734375 0.11588541666666667 0.724609375
4 0.16666666666666666 0.7197265625 0.16015625 0.7177734375 0.11328125 0.7265625 0.11197916666666667 0.7333984375 0.12630208333333334 0.7548828125 0.1328125 0.7578125 0.16276041666666666 0.7421875 0.16666666666666666 0.7197265625
3 0.3190104166666667 0.5322265625 0.3203125 0.541015625 0.3411458333333333 0.5439453125 0.34375 0.5322265625 0.3385416666666667 0.5263671875 0.3307291666666667 0.5234375 0.3190104166666667 0.5322265625
0 0.3268229166666667 0.51953125 0.3450520833333333 0.5205078125 0.3502604166666667 0.515625 0.3450520833333333 0.51171875 0.3268229166666667 0.5146484375 0.3268229166666667 0.51953125