11 0.5583333329081633 0.5584725537109375 0.57 0.4868735087890625 0.565 0.4510739853515625 0.5816666670918367 0.4224343671875 0.6016666670918367 0.2768496416015625 0.5566666670918368 0.2625298330078125 0.3833333329081633 0.245823388671875 0.3766666670918367 0.2505966591796875 0.3983333329081633 0.29832935546875 0.44333333290816324 0.360381861328125 0.5583333329081633 0.5584725537109375
11 0.34500000000000003 0.763723150390625 0.3166666670918368 0.768496419921875 0.33 0.83054892578125 0.34 0.82577565625 0.37 0.773269689453125 0.34500000000000003 0.763723150390625
11 0.8466666670918367 0.935560859375 0.8300000000000001 0.9116945107421875 0.6116666670918367 0.7303102626953125 0.6066666670918367 0.7303102626953125 0.6116666670918367 0.768496419921875 0.6583333329081632 0.98568019140625 0.8466666670918367 0.935560859375
10 0.21333333290816325 0.241050119140625 0.23166666709183673 0.1837708828125 0.225 0.1551312646484375 0.2 0.131264916015625 0.18 0.131264916015625 0.16333333290816326 0.1527446298828125 0.16166666709183675 0.1980906923828125 0.17 0.226730310546875 0.18666666709183674 0.238663484375 0.21333333290816325 0.241050119140625
3 0.34333333290816326 0.1980906923828125 0.3166666670918368 0.1599045341796875 0.29333333290816327 0.17899761328125 0.29333333290816327 0.2052505966796875 0.30666666709183676 0.2147971357421875 0.3266666670918368 0.2147971357421875 0.34333333290816326 0.1980906923828125
5 0.5533333329081632 0.131264916015625 0.5383333329081633 0.1455847255859375 0.5366666670918367 0.162291169921875 0.5433333329081633 0.176610978515625 0.57 0.1599045341796875 0.5533333329081632 0.131264916015625
5 0.5566666670918368 0.064439140625 0.5483333329081632 0.071599044921875 0.5449999999999999 0.0930787587890625 0.5533333329081632 0.109785203125 0.57 0.0978520283203125 0.5566666670918368 0.064439140625
3 0.24500000000000002 0.4486873505859375 0.23333333290816327 0.4439140810546875 0.22166666709183672 0.4510739853515625 0.215 0.479713603515625 0.22833333290816324 0.479713603515625 0.2466666670918367 0.458233890625 0.24500000000000002 0.4486873505859375
3 0.8533333329081633 0.1384248212890625 0.8366666670918368 0.126491646484375 0.8166666670918367 0.131264916015625 0.8133333329081632 0.1479713603515625 0.8283333329081632 0.1646778046875 0.8416666670918368 0.1599045341796875 0.8533333329081633 0.1384248212890625
3 0.57 0.4367541767578125 0.57 0.465393794921875 0.5883333329081633 0.4534606201171875 0.5816666670918367 0.4343675419921875 0.57 0.4367541767578125
8 0.315 0.4510739853515625 0.36500000000000005 0.3842482099609375 0.3716666670918367 0.350835322265625 0.33833333290816325 0.30787589453125 0.2916666670918367 0.295942720703125 0.26333333290816324 0.3126491650390625 0.22833333290816324 0.360381861328125 0.22666666709183675 0.3818615751953125 0.23666666709183676 0.400954654296875 0.29333333290816327 0.4510739853515625 0.315 0.4510739853515625
11 0.6916666670918367 0.190930787109375 0.695 0.3126491650390625 0.7 0.3174224345703125 0.7699999999999999 0.2291169453125 0.6916666670918367 0.190930787109375
11 0.6733333329081632 0 0.7533333329081633 0.107398568359375 0.7633333329081633 0.107398568359375 0.7966666670918368 0.0739856806640625 0.8216666670918368 0 0.6733333329081632 0
11 0.21666666709183674 0.0859188544921875 0.22999999999999998 0.1431980908203125 0.24833333290816326 0.17899761328125 0.2916666670918367 0.1002386630859375 0.21666666709183674 0.0859188544921875
11 0.34 0 0.35833333290816327 0.064439140625 0.3983333329081633 0 0.34 0
11 0.6966666670918368 0.3198090693359375 0.6316666670918367 0.4224343671875 0.63 0.4319809072265625 0.65 0.4486873505859375 0.6766666670918368 0.4510739853515625 0.6966666670918368 0.3198090693359375
11 0.6466666670918367 0.474940333984375 0.6333333329081633 0.5727923623046876 0.7 0.470167064453125 0.6516666670918367 0.4534606201171875 0.6466666670918367 0.474940333984375
8 0.47833333290816327 0.5322195703125 0.47833333290816327 0.5131264912109375 0.465 0.484486873046875 0.4483333329081633 0.48210023828125 0.375 0.575178998046875 0.3766666670918367 0.5966587109375 0.4 0.6109785205078125 0.4183333329081633 0.6085918857421875 0.47833333290816327 0.5322195703125
2 0.7633333329081633 0.8042959423828125 0.76 0.813842482421875 0.7683333329081633 0.818615751953125 0.7699999999999999 0.8066825771484375 0.7633333329081633 0.8042959423828125
2 0.91 0.768496419921875 0.9083333329081632 0.7804295947265625 0.915 0.7828162294921875 0.9183333329081633 0.7708830546875 0.91 0.768496419921875
8 0.6033333329081633 0.9140811455078125 0.6066666670918367 0.890214796875 0.57 0.837708830078125 0.5449999999999999 0.83054892578125 0.5283333329081632 0.8448687353515625 0.4983333329081633 0.9021479716796875 0.5 0.937947494140625 0.5483333329081632 0.9737470166015625 0.5916666670918368 0.933174224609375 0.6033333329081633 0.9140811455078125
7 0.27833333290816326 0.8448687353515625 0.24333333290816328 0.837708830078125 0.22166666709183672 0.8639618134765625 0.21999999999999997 0.89498806640625 0.2533333329081633 0.8997613369140625 0.27499999999999997 0.87589498828125 0.27833333290816326 0.8448687353515625
7 0.36166666709183676 0.9164677802734374 0.35833333290816327 0.9093078759765625 0.3233333329081633 0.9116945107421875 0.3083333329081632 0.935560859375 0.3083333329081632 0.9665871123046875 0.34166666709183674 0.9665871123046875 0.36 0.942720763671875 0.36166666709183676 0.9164677802734374
11 0.038333332908163265 0.9618138427734375 0.09666666709183673 0.947494033203125 0.10333333290816327 0.8997613369140625 0.08333333290816326 0.82577565625 0.006666667091836735 0.8615751787109375 0 0.878281623046875 0.0016666670918367348 0.9188544150390625 0.016666667091836736 0.94988066796875 0.038333332908163265 0.9618138427734375
8 0.5750000000000001 0.4033412890625 0.5750000000000001 0.3818615751953125 0.56 0.36276849609375 0.5483333329081632 0.36276849609375 0.5483333329081632 0.355608591796875 0.5066666670918367 0.360381861328125 0.5083333329081633 0.3866348447265625 0.54 0.424821001953125 0.5583333329081633 0.4224343671875 0.5750000000000001 0.4033412890625
10 0.46666666709183674 0.367541765625 0.445 0.3484486875 0.4483333329081633 0.3794749404296875 0.45999999999999996 0.3937947490234375 0.46666666709183674 0.3914081142578125 0.46666666709183674 0.367541765625
5 0.5083333329081633 0.6062052509765625 0.5 0.6109785205078125 0.4966666670918367 0.6252983291015625 0.505 0.634844869140625 0.515 0.6157517900390626 0.5083333329081633 0.6062052509765625
3 0.91 0.291169451171875 0.9033333329081633 0.2673031025390625 0.8866666670918367 0.2720763720703125 0.8833333329081632 0.291169451171875 0.8883333329081633 0.300715990234375 0.9033333329081633 0.300715990234375 0.91 0.291169451171875
11 0.16833333290816327 0.420047732421875 0.215 0.3293556083984375 0.11333333290816328 0.2004773271484375 0.07 0.1575178994140625 0.11499999999999999 0.41766109765625 0.12166666709183674 0.4439140810546875 0.13 0.4463007158203125 0.16833333290816327 0.420047732421875
3 0.1 0.5465393798828125 0.095 0.515513126953125 0.06833333290816326 0.4868735087890625 0.04166666709183673 0.4868735087890625 0.026666667091836734 0.515513126953125 0.026666667091836734 0.541766109375 0.05166666709183673 0.5704057275390625 0.08166666709183674 0.5680190927734375 0.1 0.5465393798828125
4 0.13666666709183672 0.644391408203125 0.13333333290816327 0.6157517900390626 0.09833333290816326 0.5656324580078125 0.046666667091836735 0.6252983291015625 0.05 0.6610978515625 0.07333333290816327 0.6778042958984375 0.11333333290816328 0.6706443916015625 0.13666666709183672 0.644391408203125
4 0.28333333290816326 0.6897374697265625 0.21 0.69212410546875 0.205 0.699284009765625 0.20333333290816324 0.71121718359375 0.21 0.7207637236328125 0.25833333290816324 0.7470167060546875 0.28333333290816326 0.6897374697265625
7 0.27499999999999997 0.6778042958984375 0.24166666709183673 0.6109785205078125 0.22833333290816324 0.6229116943359375 0.21833333290816329 0.65632458203125 0.21666666709183674 0.6778042958984375 0.22999999999999998 0.6897374697265625 0.255 0.694510740234375 0.27499999999999997 0.6778042958984375
10 0.5916666670918368 0.6873508349609375 0.595 0.6634844873046875 0.5449999999999999 0.6610978515625 0.475 0.7708830546875 0.48 0.809069212890625 0.49000000000000005 0.823389021484375 0.5166666670918367 0.8162291171875 0.5916666670918368 0.6873508349609375
2 0.5816666670918367 0.6181384248046875 0.5800000000000001 0.6252983291015625 0.5883333329081633 0.6276849638671875 0.5883333329081633 0.6181384248046875 0.5816666670918367 0.6181384248046875
5 0.295 0.6778042958984375 0.3116666670918367 0.6682577568359375 0.33666666709183674 0.6252983291015625 0.3283333329081633 0.599045345703125 0.3116666670918367 0.60143198046875 0.30666666709183676 0.6205250595703125 0.28 0.649164677734375 0.28166666709183674 0.6634844873046875 0.295 0.6778042958984375
4 0.395 0.1384248212890625 0.395 0.11455847265625 0.3816666670918368 0.1193317421875 0.3633333329081633 0.109785203125 0.36166666709183676 0.1360381865234375 0.3683333329081632 0.1455847255859375 0.3866666670918367 0.1479713603515625 0.395 0.1384248212890625
2 0.4533333329081633 0.6085918857421875 0.4533333329081633 0.6276849638671875 0.46833333290816326 0.6229116943359375 0.46666666709183674 0.6062052509765625 0.4533333329081633 0.6085918857421875
3 0.38499999999999995 0.6897374697265625 0.375 0.6730310263671875 0.36166666709183676 0.6801909306640626 0.36 0.694510740234375 0.3683333329081632 0.7064439140625 0.3833333329081633 0.699284009765625 0.38499999999999995 0.6897374697265625
3 0.3666666670918367 0.715990453125 0.36 0.718377087890625 0.35666666709183675 0.7398568017578125 0.3733333329081633 0.7470167060546875 0.38 0.7326968974609375 0.3666666670918367 0.715990453125
3 0.3016666670918367 0.520286396484375 0.31 0.520286396484375 0.31833333290816324 0.5107398564453125 0.32 0.5059665869140625 0.32 0.4940334130859375 0.31833333290816324 0.4892601435546875 0.315 0.4868735087890625 0.31 0.4868735087890625 0.3083333329081632 0.484486873046875 0.3033333329081633 0.484486873046875 0.3016666670918367 0.4868735087890625 0.29333333290816327 0.4868735087890625 0.2916666670918367 0.4892601435546875 0.2916666670918367 0.5011933173828125 0.29333333290816327 0.5083532216796876 0.3016666670918367 0.520286396484375
3 0.31 0.5584725537109375 0.315 0.5536992841796875 0.3166666670918368 0.5489260146484375 0.3166666670918368 0.5322195703125 0.3133333329081633 0.525059666015625 0.31 0.525059666015625 0.2916666670918367 0.5465393798828125 0.2916666670918367 0.5536992841796875 0.29333333290816327 0.5560859189453125 0.31 0.5584725537109375
9 0.30774666709183673 0.2151503583984375 0.29938833290816325 0.256050119140625 0.30643333290816327 0.257510740234375 0.31537 0.2161933173828125 0.30774666709183673 0.2151503583984375
3 0.39333333290816325 0.3579952265625 0.39666666709183673 0.360381861328125 0.40833333290816326 0.360381861328125 0.41666666709183675 0.35322195703125 0.41666666709183675 0.34367541796875 0.40666666709183674 0.3245823388671875 0.40333333290816326 0.3221957041015625 0.39666666709183673 0.3221957041015625 0.39166666709183673 0.3293556083984375 0.38833333290816324 0.3389021484375 0.38833333290816324 0.346062052734375 0.39333333290816325 0.355608591796875 0.39333333290816325 0.3579952265625
9 0.09833333290816326 0.4343675419921875 0.10333333290816327 0.4343675419921875 0.11333333290816328 0.4295942724609375 0.11666666709183673 0.4272076376953125 0.11666666709183673 0.4224343671875 0.11499999999999999 0.420047732421875 0.11333333290816328 0.4224343671875 0.10833333290816327 0.4224343671875 0.09166666709183674 0.4295942724609375 0.08833333290816327 0.4319809072265625 0.08833333290816327 0.4367541767578125 0.09666666709183673 0.4367541767578125 0.09833333290816326 0.4343675419921875
9 0.5701666670918367 0.0004773271484375 0.5606383329081632 0.032458234375 0.5667133329081633 0.0338496416015625 0.5761283329081632 0.0025513125 0.5701666670918367 0.0004773271484375
9 0.8312366670918366 0.164057279296875 0.8309266670918367 0.164102625 0.8328683329081633 0.2011861572265625 0.8379166670918367 0.1997804296875 0.83726 0.164057279296875 0.8312366670918366 0.164057279296875
9 0.7306983329081632 0.0776778046875 0.7157033329081632 0.1012410498046875 0.71991 0.1072529833984375 0.7352166670918366 0.0838042958984375 0.7306983329081632 0.0776778046875
9 0.7659783329081633 0.748045345703125 0.7550283329081633 0.7677494033203125 0.7624983329081632 0.7779689736328125 0.77683 0.7543675419921875 0.7659783329081633 0.748045345703125
9 0.7385499999999999 0.735381861328125 0.7381683329081633 0.7354439140625 0.73142 0.7500238662109375 0.7347416670918367 0.7551336513671875 0.7438233329081633 0.7383031025390625 0.7385499999999999 0.735381861328125
9 0.7056966670918366 0.70867541796875 0.7052666670918368 0.7084128876953125 0.6952683329081633 0.7225155126953124 0.7001816670918367 0.7268639619140626 0.7124116670918368 0.70966587109375 0.7056966670918366 0.70867541796875
9 0.7706333329081632 0.6585298330078125 0.7599933329081633 0.6784844873046875 0.7646966670918368 0.682391408203125 0.7753933329081633 0.661613365234375 0.7706333329081632 0.6585298330078125
9 0.8427133329081633 0.7573675419921875 0.8288233329081633 0.7756252978515625 0.8327433329081633 0.779622912109375 0.84822 0.7600930791015625 0.8427133329081633 0.7573675419921875
3 0.7733333329081632 0.6610978515625 0.78 0.6610978515625 0.7866666670918367 0.65632458203125 0.7933333329081633 0.64677804296875 0.7933333329081633 0.63723150390625 0.7883333329081632 0.6300715986328125 0.785 0.6276849638671875 0.78 0.6276849638671875 0.7783333329081633 0.6252983291015625 0.7716666670918367 0.6252983291015625 0.7683333329081633 0.6276849638671875 0.7633333329081633 0.634844869140625 0.7633333329081633 0.649164677734375 0.7683333329081633 0.658711216796875 0.7733333329081632 0.6610978515625
3 0.7333333329081632 0.6062052509765625 0.7383333329081633 0.6038186162109375 0.7450000000000001 0.594272076171875 0.7466666670918367 0.589498806640625 0.7466666670918367 0.579952267578125 0.7450000000000001 0.5775656328125 0.7300000000000001 0.5775656328125 0.7233333329081633 0.589498806640625 0.7216666670918367 0.5966587109375 0.7233333329081633 0.6038186162109375 0.7266666670918368 0.6062052509765625 0.7333333329081632 0.6062052509765625
3 0.7166666670918368 0.7064439140625 0.7233333329081633 0.699284009765625 0.725 0.694510740234375 0.725 0.6825775654296875 0.7233333329081633 0.6801909306640626 0.7133333329081633 0.6801909306640626 0.7033333329081632 0.6873508349609375 0.7016666670918368 0.69212410546875 0.7 0.70167064453125 0.7050000000000001 0.708830548828125 0.7116666670918368 0.708830548828125 0.7166666670918368 0.7064439140625
7 0.86 0.6181384248046875 0.8616666670918367 0.6181384248046875 0.865 0.6133651552734375 0.865 0.6109785205078125 0.8700000000000001 0.6038186162109375 0.8700000000000001 0.60143198046875 0.875 0.59188544140625 0.875 0.58233890234375 0.8716666670918367 0.5727923623046876 0.865 0.575178998046875 0.8583333329081632 0.584725537109375 0.8566666670918367 0.584725537109375 0.8566666670918367 0.6062052509765625 0.86 0.6181384248046875
7 0.7933333329081633 0.7374701669921875 0.8133333329081632 0.708830548828125 0.8283333329081632 0.6825775654296875 0.8416666670918368 0.6515513125 0.84 0.634844869140625 0.835 0.6205250595703125 0.8166666670918367 0.64677804296875 0.8183333329081633 0.649164677734375 0.8133333329081632 0.6682577568359375 0.7933333329081633 0.6897374697265625 0.7699999999999999 0.7255369931640625 0.765 0.7398568017578125 0.765 0.7470167060546875 0.7766666670918367 0.7517899765625 0.7933333329081633 0.7374701669921875
11 0.78 0.46300716015625 0.7566666670918367 0.47255369921875 0.7516666670918367 0.5107398564453125 0.75 0.5727923623046876 0.8033333329081632 0.6062052509765625 0.7983333329081632 0.51789976171875 0.78 0.46300716015625
10 0 0.7470167060546875 0.025 0.7398568017578125 0.05 0.6825775654296875 0.04 0.63723150390625 0.031666667091836735 0.6229116943359375 0.011666667091836736 0.6133651552734375 0 0.6133651552734375 0 0.7470167060546875
9 0.045 0.5775656328125 0.025 0.6085918857421875 0.026666667091836734 0.6205250595703125 0.035 0.6205250595703125 0.05499999999999999 0.58233890234375 0.045 0.5775656328125
9 0.37065000000000003 0.8237470166015625 0.3579966670918367 0.845286396484375 0.36185833290816327 0.8499713603515625 0.37421000000000004 0.82887589453125 0.37065000000000003 0.8237470166015625
9 0.237405 0.7360954658203125 0.222005 0.7618496416015625 0.23060833290816327 0.77166587109375 0.250295 0.7420214794921876 0.237405 0.7360954658203125
9 0.2938816670918367 0.675560859375 0.28447500000000003 0.693622912109375 0.2890383329081633 0.6982625302734375 0.3021766670918367 0.673112171875 0.2938816670918367 0.675560859375
9 0.363885 0.7021957041015625 0.35423 0.7205894990234375 0.35873833290816326 0.7233675419921874 0.36875666709183674 0.7050883056640626 0.363885 0.7021957041015625
9 0.36095166709183674 0.7442529833984375 0.3605033329081633 0.743842482421875 0.3539766670918367 0.7595274462890625 0.35869 0.76121718359375 0.36605833290816325 0.744603818359375 0.36095166709183674 0.7442529833984375
9 0.4798833329081633 0.805830548828125 0.4701 0.8258926015625 0.4769483329081633 0.831608591796875 0.48629333290816323 0.8131264912109375 0.4798833329081633 0.805830548828125