11 0.5583333333333333 0.558472553125 0.5700000000000001 0.4868735078125 0.565 0.4510739859375 0.5816666666666667 0.42243436718750005 0.6016666666666667 0.2768496421875 0.5566666666666666 0.2625298328125 0.38333333333333336 0.24582338906249998 0.3766666666666667 0.25059665937500003 0.3983333333333333 0.29832935625 0.44333333333333336 0.3603818609375 0.5583333333333333 0.558472553125
11 0.345 0.76372315 0.31666666666666665 0.7684964203125 0.33 0.8305489265625001 0.33999999999999997 0.8257756562499999 0.37 0.7732696890625 0.345 0.76372315
11 0.8466666666666666 0.935560859375 0.83 0.9116945109374999 0.6116666666666667 0.7303102625 0.6066666666666667 0.7303102625 0.6116666666666667 0.7684964203125 0.6583333333333333 0.985680190625 0.8466666666666666 0.935560859375
10 0.21333333333333335 0.24105011875 0.23166666666666666 0.1837708828125 0.225 0.155131265625 0.2 0.1312649171875 0.18000000000000002 0.1312649171875 0.16333333333333336 0.1527446296875 0.16166666666666665 0.1980906921875 0.16999999999999998 0.22673031093749998 0.18666666666666665 0.238663484375 0.21333333333333335 0.24105011875
3 0.3433333333333334 0.1980906921875 0.31666666666666665 0.15990453437500002 0.29333333333333333 0.1789976140625 0.29333333333333333 0.20525059687499997 0.30666666666666664 0.2147971359375 0.3266666666666667 0.2147971359375 0.3433333333333334 0.1980906921875
5 0.5533333333333333 0.1312649171875 0.5383333333333333 0.145584725 0.5366666666666667 0.16229116875 0.5433333333333333 0.17661097812499998 0.5700000000000001 0.15990453437500002 0.5533333333333333 0.1312649171875
5 0.5566666666666666 0.064439140625 0.5483333333333333 0.0715990453125 0.545 0.093078759375 0.5533333333333333 0.109785203125 0.5700000000000001 0.097852028125 0.5566666666666666 0.064439140625
3 0.245 0.44868735156249995 0.23333333333333334 0.44391408125 0.22166666666666668 0.4510739859375 0.215 0.479713603125 0.22833333333333333 0.479713603125 0.24666666666666667 0.45823389062500003 0.245 0.44868735156249995
3 0.8533333333333334 0.1384248203125 0.8366666666666667 0.126491646875 0.8166666666666667 0.1312649171875 0.8133333333333332 0.14797136093750002 0.8283333333333334 0.16467780468749998 0.8416666666666667 0.15990453437500002 0.8533333333333334 0.1384248203125
3 0.5700000000000001 0.4367541765625 0.5700000000000001 0.4653937953125 0.5883333333333333 0.45346062031249995 0.5816666666666667 0.4343675421875 0.5700000000000001 0.4367541765625
8 0.315 0.4510739859375 0.365 0.38424820937500004 0.3716666666666667 0.350835321875 0.3383333333333333 0.3078758953125 0.2916666666666667 0.2959427203125 0.26333333333333336 0.3126491640625 0.22833333333333333 0.3603818609375 0.22666666666666666 0.381861575 0.23666666666666666 0.40095465468749997 0.29333333333333333 0.4510739859375 0.315 0.4510739859375
11 0.6916666666666667 0.1909307875 0.6950000000000001 0.3126491640625 0.7 0.317422434375 0.77 0.22911694531250001 0.6916666666666667 0.1909307875
11 0.6733333333333333 0 0.7533333333333334 0.10739856875 0.7633333333333333 0.10739856875 0.7966666666666666 0.0739856796875 0.8216666666666667 0 0.6733333333333333 0
11 0.21666666666666667 0.0859188546875 0.23 0.143198090625 0.24833333333333335 0.1789976140625 0.2916666666666667 0.1002386640625 0.21666666666666667 0.0859188546875
11 0.33999999999999997 0 0.35833333333333334 0.064439140625 0.3983333333333333 0 0.33999999999999997 0
11 0.6966666666666667 0.31980906875000004 0.6316666666666666 0.42243436718750005 0.63 0.43198090625 0.65 0.44868735156249995 0.6766666666666666 0.4510739859375 0.6966666666666667 0.31980906875000004
11 0.6466666666666666 0.474940334375 0.6333333333333333 0.5727923625 0.7 0.47016706406250003 0.6516666666666667 0.45346062031249995 0.6466666666666666 0.474940334375
8 0.47833333333333333 0.5322195703125 0.47833333333333333 0.5131264921875001 0.46499999999999997 0.48448687343749997 0.4483333333333333 0.4821002390625 0.375 0.575178996875 0.3766666666666667 0.5966587109375 0.4 0.6109785203125 0.41833333333333333 0.6085918859375 0.47833333333333333 0.5322195703125
2 0.7633333333333333 0.8042959421875 0.76 0.8138424828125 0.7683333333333333 0.8186157515625 0.77 0.806682578125 0.7633333333333333 0.8042959421875
2 0.91 0.7684964203125 0.9083333333333333 0.78042959375 0.9149999999999999 0.7828162296875 0.9183333333333333 0.7708830546875001 0.91 0.7684964203125
8 0.6033333333333334 0.9140811453125 0.6066666666666667 0.890214796875 0.5700000000000001 0.83770883125 0.545 0.8305489265625001 0.5283333333333333 0.8448687343750001 0.4983333333333333 0.902147971875 0.5 0.93794749375 0.5483333333333333 0.9737470171875 0.5916666666666667 0.9331742249999999 0.6033333333333334 0.9140811453125
7 0.2783333333333333 0.8448687343750001 0.24333333333333332 0.83770883125 0.22166666666666668 0.8639618140625 0.22 0.8949880671875 0.2533333333333333 0.8997613359375001 0.275 0.8758949875 0.2783333333333333 0.8448687343750001
7 0.36166666666666664 0.9164677796875 0.35833333333333334 0.9093078765625 0.3233333333333333 0.9116945109374999 0.30833333333333335 0.935560859375 0.30833333333333335 0.9665871125000001 0.3416666666666667 0.9665871125000001 0.36000000000000004 0.9427207640624999 0.36166666666666664 0.9164677796875
11 0.03833333333333333 0.9618138421875001 0.09666666666666666 0.9474940328124999 0.10333333333333333 0.8997613359375001 0.08333333333333333 0.8257756562499999 0.006666666666666667 0.8615751796875 0 0.8782816234374999 0.0016666666666666668 0.918854415625 0.016666666666666666 0.94988066875 0.03833333333333333 0.9618138421875001
8 0.575 0.4033412890625 0.575 0.381861575 0.56 0.362768496875 0.5483333333333333 0.362768496875 0.5483333333333333 0.35560859218749996 0.5066666666666666 0.3603818609375 0.5083333333333333 0.38663484531250003 0.5399999999999999 0.42482100312500004 0.5583333333333333 0.42243436718750005 0.575 0.4033412890625
10 0.4666666666666667 0.367541765625 0.445 0.3484486875 0.4483333333333333 0.379474940625 0.46 0.39379474999999997 0.4666666666666667 0.3914081140625 0.4666666666666667 0.367541765625
5 0.5083333333333333 0.60620525 0.5 0.6109785203125 0.4966666666666667 0.6252983296875 0.505 0.63484486875 0.515 0.615751790625 0.5083333333333333 0.60620525
3 0.91 0.29116945156249996 0.9033333333333334 0.267303103125 0.8866666666666667 0.272076371875 0.8833333333333333 0.29116945156249996 0.8883333333333333 0.300715990625 0.9033333333333334 0.300715990625 0.91 0.29116945156249996
11 0.16833333333333333 0.4200477328125 0.215 0.3293556078125 0.11333333333333333 0.2004773265625 0.07 0.15751790000000002 0.115 0.41766109843750004 0.12166666666666666 0.44391408125 0.13 0.44630071562499996 0.16833333333333333 0.4200477328125
3 0.1 0.5465393796875 0.095 0.5155131265625 0.06833333333333333 0.4868735078125 0.041666666666666664 0.4868735078125 0.02666666666666667 0.5155131265625 0.02666666666666667 0.5417661093749999 0.051666666666666666 0.570405728125 0.08166666666666668 0.56801909375 0.1 0.5465393796875
4 0.13666666666666666 0.6443914078125 0.13333333333333333 0.615751790625 0.09833333333333334 0.5656324578125 0.04666666666666666 0.6252983296875 0.05 0.6610978515625 0.07333333333333333 0.6778042953125001 0.11333333333333333 0.6706443921874999 0.13666666666666666 0.6443914078125
4 0.2833333333333333 0.6897374703125 0.21 0.6921241046875 0.20500000000000002 0.699284009375 0.2033333333333333 0.7112171843749999 0.21 0.7207637234375001 0.25833333333333336 0.7470167062499999 0.2833333333333333 0.6897374703125
7 0.275 0.6778042953125001 0.24166666666666667 0.6109785203125 0.22833333333333333 0.62291169375 0.21833333333333332 0.6563245828125 0.21666666666666667 0.6778042953125001 0.23 0.6897374703125 0.255 0.694510740625 0.275 0.6778042953125001
10 0.5916666666666667 0.6873508359375 0.5950000000000001 0.6634844875 0.545 0.6610978515625 0.475 0.7708830546875001 0.48000000000000004 0.8090692125000001 0.49 0.823389021875 0.5166666666666667 0.8162291171874999 0.5916666666666667 0.6873508359375
2 0.5816666666666667 0.6181384249999999 0.58 0.6252983296875 0.5883333333333333 0.6276849640625 0.5883333333333333 0.6181384249999999 0.5816666666666667 0.6181384249999999
5 0.295 0.6778042953125001 0.31166666666666665 0.66825775625 0.33666666666666667 0.6252983296875 0.3283333333333333 0.5990453453125 0.31166666666666665 0.60143198125 0.30666666666666664 0.620525059375 0.28 0.649164678125 0.2816666666666666 0.6634844875 0.295 0.6778042953125001
4 0.39499999999999996 0.1384248203125 0.39499999999999996 0.11455847187499998 0.38166666666666665 0.1193317421875 0.36333333333333334 0.109785203125 0.36166666666666664 0.1360381859375 0.36833333333333335 0.145584725 0.38666666666666666 0.14797136093750002 0.39499999999999996 0.1384248203125
2 0.4533333333333333 0.6085918859375 0.4533333333333333 0.6276849640625 0.4683333333333334 0.62291169375 0.4666666666666667 0.60620525 0.4533333333333333 0.6085918859375
3 0.385 0.6897374703125 0.375 0.6730310265624999 0.36166666666666664 0.6801909312500001 0.36000000000000004 0.694510740625 0.36833333333333335 0.7064439140625 0.38333333333333336 0.699284009375 0.385 0.6897374703125
3 0.36666666666666664 0.715990453125 0.36000000000000004 0.7183770890625001 0.35666666666666663 0.7398568015625 0.3733333333333333 0.7470167062499999 0.38 0.7326968968750001 0.36666666666666664 0.715990453125
3 0.3016666666666667 0.520286396875 0.31 0.520286396875 0.31833333333333336 0.5107398562500001 0.32 0.5059665875 0.32 0.4940334125 0.31833333333333336 0.48926014375 0.315 0.4868735078125 0.31 0.4868735078125 0.30833333333333335 0.48448687343749997 0.30333333333333334 0.48448687343749997 0.3016666666666667 0.4868735078125 0.29333333333333333 0.4868735078125 0.2916666666666667 0.48926014375 0.2916666666666667 0.5011933171875 0.29333333333333333 0.508353221875 0.3016666666666667 0.520286396875
3 0.31 0.558472553125 0.315 0.553699284375 0.31666666666666665 0.5489260140625001 0.31666666666666665 0.5322195703125 0.31333333333333335 0.525059665625 0.31 0.525059665625 0.2916666666666667 0.5465393796875 0.2916666666666667 0.553699284375 0.29333333333333333 0.55608591875 0.31 0.558472553125
9 0.30774666666666667 0.21515035781249997 0.2993883333333333 0.25605011875 0.30643333333333334 0.257510740625 0.31537 0.21619331718749998 0.30774666666666667 0.21515035781249997
3 0.39333333333333337 0.3579952265625 0.39666666666666667 0.3603818609375 0.4083333333333333 0.3603818609375 0.4166666666666667 0.3532219578125 0.4166666666666667 0.3436754171875 0.4066666666666666 0.3245823390625 0.4033333333333333 0.32219570468750003 0.39666666666666667 0.32219570468750003 0.39166666666666666 0.3293556078125 0.38833333333333336 0.3389021484375 0.38833333333333336 0.346062053125 0.39333333333333337 0.35560859218749996 0.39333333333333337 0.3579952265625
9 0.09833333333333334 0.4343675421875 0.10333333333333333 0.4343675421875 0.11333333333333333 0.429594271875 0.11666666666666667 0.4272076375 0.11666666666666667 0.42243436718750005 0.115 0.4200477328125 0.11333333333333333 0.42243436718750005 0.10833333333333334 0.42243436718750005 0.09166666666666666 0.429594271875 0.08833333333333333 0.43198090625 0.08833333333333333 0.4367541765625 0.09666666666666666 0.4367541765625 0.09833333333333334 0.4343675421875
9 0.5701666666666667 0.0004773265625 0.5606383333333333 0.032458234375 0.5667133333333333 0.0338496421875 0.5761283333333334 0.0025513125 0.5701666666666667 0.0004773265625
9 0.8312366666666667 0.1640572796875 0.8309266666666667 0.164102625 0.8328683333333333 0.2011861578125 0.8379166666666666 0.1997804296875 0.83726 0.1640572796875 0.8312366666666667 0.1640572796875
9 0.7306983333333333 0.07767780468749999 0.7157033333333334 0.10124105000000001 0.71991 0.1072529828125 0.7352166666666666 0.0838042953125 0.7306983333333333 0.07767780468749999
9 0.7659783333333333 0.7480453453125 0.7550283333333333 0.7677494031250001 0.7624983333333333 0.7779689734375 0.77683 0.7543675421875 0.7659783333333333 0.7480453453125
9 0.73855 0.7353818609375 0.7381683333333334 0.7354439140625 0.73142 0.750023865625 0.7347416666666666 0.7551336515625 0.7438233333333333 0.738303103125 0.73855 0.7353818609375
9 0.7056966666666666 0.7086754171874999 0.7052666666666667 0.7084128875 0.6952683333333333 0.7225155125 0.7001816666666667 0.7268639625 0.7124116666666667 0.709665871875 0.7056966666666666 0.7086754171874999
9 0.7706333333333333 0.6585298328125 0.7599933333333334 0.6784844875 0.7646966666666667 0.6823914078125 0.7753933333333334 0.661613365625 0.7706333333333333 0.6585298328125
9 0.8427133333333334 0.7573675421875 0.8288233333333334 0.7756252984375 0.8327433333333333 0.7796229109375 0.84822 0.7600930781249999 0.8427133333333334 0.7573675421875
3 0.7733333333333333 0.6610978515625 0.7799999999999999 0.6610978515625 0.7866666666666667 0.6563245828125 0.7933333333333333 0.6467780421875 0.7933333333333333 0.637231503125 0.7883333333333333 0.6300715984374999 0.785 0.6276849640625 0.7799999999999999 0.6276849640625 0.7783333333333334 0.6252983296875 0.7716666666666666 0.6252983296875 0.7683333333333333 0.6276849640625 0.7633333333333333 0.63484486875 0.7633333333333333 0.649164678125 0.7683333333333333 0.6587112171875 0.7733333333333333 0.6610978515625
3 0.7333333333333333 0.60620525 0.7383333333333333 0.603818615625 0.745 0.5942720765625 0.7466666666666666 0.5894988062500001 0.7466666666666666 0.5799522671874999 0.745 0.5775656328125 0.73 0.5775656328125 0.7233333333333333 0.5894988062500001 0.7216666666666666 0.5966587109375 0.7233333333333333 0.603818615625 0.7266666666666667 0.60620525 0.7333333333333333 0.60620525
3 0.7166666666666667 0.7064439140625 0.7233333333333333 0.699284009375 0.725 0.694510740625 0.725 0.682577565625 0.7233333333333333 0.6801909312500001 0.7133333333333333 0.6801909312500001 0.7033333333333334 0.6873508359375 0.7016666666666667 0.6921241046875 0.7 0.70167064375 0.705 0.7088305484374999 0.7116666666666667 0.7088305484374999 0.7166666666666667 0.7064439140625
7 0.86 0.6181384249999999 0.8616666666666667 0.6181384249999999 0.865 0.6133651546875 0.865 0.6109785203125 0.87 0.603818615625 0.87 0.60143198125 0.875 0.5918854421875 0.875 0.5823389015625 0.8716666666666666 0.5727923625 0.865 0.575178996875 0.8583333333333333 0.5847255375 0.8566666666666667 0.5847255375 0.8566666666666667 0.60620525 0.86 0.6181384249999999
7 0.7933333333333333 0.7374701671875 0.8133333333333332 0.7088305484374999 0.8283333333333334 0.682577565625 0.8416666666666667 0.6515513125 0.84 0.63484486875 0.8350000000000001 0.620525059375 0.8166666666666667 0.6467780421875 0.8183333333333334 0.649164678125 0.8133333333333332 0.66825775625 0.7933333333333333 0.6897374703125 0.77 0.7255369921875 0.765 0.7398568015625 0.765 0.7470167062499999 0.7766666666666667 0.7517899765625 0.7933333333333333 0.7374701671875
11 0.7799999999999999 0.46300715937500003 0.7566666666666666 0.4725537 0.7516666666666667 0.5107398562500001 0.75 0.5727923625 0.8033333333333333 0.60620525 0.7983333333333333 0.5178997609375 0.7799999999999999 0.46300715937500003
10 0 0.7470167062499999 0.025 0.7398568015625 0.05 0.682577565625 0.04 0.637231503125 0.03166666666666666 0.62291169375 0.011666666666666665 0.6133651546875 0 0.6133651546875 0 0.7470167062499999
9 0.045000000000000005 0.5775656328125 0.025 0.6085918859375 0.02666666666666667 0.620525059375 0.035 0.620525059375 0.055 0.5823389015625 0.045000000000000005 0.5775656328125
9 0.37065000000000003 0.8237470171875 0.3579966666666667 0.845286396875 0.36185833333333334 0.8499713609375 0.37421 0.8288758953125 0.37065000000000003 0.8237470171875
9 0.237405 0.736095465625 0.22200499999999998 0.7618496421875001 0.23060833333333333 0.771665871875 0.250295 0.7420214796875 0.237405 0.736095465625
9 0.29388166666666665 0.675560859375 0.284475 0.6936229109375 0.28903833333333334 0.6982625296875 0.3021766666666667 0.6731121718749999 0.29388166666666665 0.675560859375
9 0.363885 0.7021957046875 0.35423 0.7205894984375 0.3587383333333333 0.7233675421875 0.3687566666666667 0.70508830625 0.363885 0.7021957046875
9 0.36095166666666667 0.7442529828125 0.3605033333333333 0.7438424828125 0.3539766666666667 0.759527446875 0.35869 0.761217184375 0.3660583333333333 0.74460381875 0.36095166666666667 0.7442529828125
9 0.47988333333333333 0.8058305484374999 0.4701 0.8258926015625001 0.47694833333333336 0.8316085921875 0.48629333333333336 0.8131264921874999 0.47988333333333333 0.8058305484374999