11 0.39749228333333336 0.29832935625 0.44290894999999997 0.3603818609375 0.5589737645833334 0.558472553125 0.5707484562499999 0.4868735078125 0.5657021604166667 0.4510739859375 0.5825231479166667 0.42243436718750005 0.6027083333333334 0.2768496421875 0.5572916666666666 0.2625298328125 0.38235339583333333 0.24582338906249998 0.37562500000000004 0.25059665937500003 0.39749228333333336 0.29832935625
11 0.33986979166666664 0.8257756562499999 0.37104166666666666 0.7732696890625 0.34506510416666664 0.76372315 0.315625 0.7684964203125 0.32947916666666666 0.8305489265625001 0.33986979166666664 0.8257756562499999
11 0.6106684020833334 0.7303102625 0.605625 0.7303102625 0.6106684020833334 0.7684964203125 0.6577401625 0.985680190625 0.8477083333333333 0.935560859375 0.8308969916666666 0.9116945109374999 0.6106684020833334 0.7303102625
10 0.18636904791666667 0.238663484375 0.21382936458333335 0.24105011875 0.23270833333333335 0.1837708828125 0.22584325416666667 0.155131265625 0.20009920625 0.1312649171875 0.17950396875000002 0.1312649171875 0.16234127083333333 0.1527446296875 0.160625 0.1980906921875 0.16920635 0.22673031093749998 0.18636904791666667 0.238663484375
3 0.29229166666666667 0.1789976140625 0.29229166666666667 0.20525059687499997 0.30618055625 0.2147971359375 0.32701388958333333 0.2147971359375 0.34437500000000004 0.1980906921875 0.31659722291666664 0.15990453437500002 0.29229166666666667 0.1789976140625
5 0.5427083333333333 0.17661097812499998 0.5710416666666667 0.15990453437500002 0.5533333333333333 0.1312649171875 0.5373958333333333 0.145584725 0.535625 0.16229116875 0.5427083333333333 0.17661097812499998
5 0.5529861104166667 0.109785203125 0.5710416666666667 0.097852028125 0.5565972229166667 0.064439140625 0.5475694437499999 0.0715990453125 0.5439583333333334 0.093078759375 0.5529861104166667 0.109785203125
3 0.22106359583333332 0.4510739859375 0.21395833333333333 0.479713603125 0.22816886041666665 0.479713603125 0.24770833333333334 0.45823389062500003 0.24593201666666667 0.44868735156249995 0.23349780625 0.44391408125 0.22106359583333332 0.4510739859375
3 0.8157986104166667 0.1312649171875 0.8122916666666666 0.14797136093750002 0.8280729166666667 0.16467780468749998 0.84210069375 0.15990453437500002 0.854375 0.1384248203125 0.8368402770833333 0.126491646875 0.8157986104166667 0.1312649171875
3 0.5689583333333333 0.4367541765625 0.5689583333333333 0.4653937953125 0.589375 0.45346062031249995 0.5819507583333333 0.4343675421875 0.5689583333333333 0.4367541765625
8 0.23576867916666666 0.40095465468749997 0.29324952083333333 0.4510739859375 0.3152274895833333 0.4510739859375 0.36594588125 0.38424820937500004 0.37270833333333336 0.350835321875 0.3388960729166667 0.3078758953125 0.2915589083333333 0.2959427203125 0.2628184875 0.3126491640625 0.22731561249999999 0.3603818609375 0.225625 0.381861575 0.23576867916666666 0.40095465468749997
11 0.690625 0.1909307875 0.6940469854166668 0.3126491640625 0.6991799645833333 0.317422434375 0.7710416666666667 0.22911694531250001 0.690625 0.1909307875
11 0.6722916666666666 0 0.7534152625 0.10739856875 0.7635557125 0.10739856875 0.7973572104166667 0.0739856796875 0.8227083333333333 0 0.6722916666666666 0
11 0.215625 0.0859188546875 0.22932870416666665 0.143198090625 0.24817129583333333 0.1789976140625 0.29270833333333335 0.1002386640625 0.215625 0.0859188546875
11 0.3389583333333333 0 0.3579464291666667 0.064439140625 0.399375 0 0.3389583333333333 0
11 0.6495833333333334 0.44868735156249995 0.6770833333333334 0.4510739859375 0.6977083333333333 0.31980906875000004 0.6306770833333334 0.42243436718750005 0.6289583333333333 0.43198090625 0.6495833333333334 0.44868735156249995
11 0.6460416666666667 0.474940334375 0.6322916666666667 0.5727923625 0.7010416666666667 0.47016706406250003 0.6511979166666666 0.45346062031249995 0.6460416666666667 0.474940334375
8 0.479375 0.5322195703125 0.479375 0.5131264921875001 0.46577284999999996 0.48448687343749997 0.4487701604166666 0.4821002390625 0.37395833333333334 0.575178996875 0.3756586020833333 0.5966587109375 0.39946236458333334 0.6109785203125 0.4181653229166667 0.6085918859375 0.479375 0.5322195703125
2 0.7629861104166668 0.8042959421875 0.7589583333333334 0.8138424828125 0.7690277770833334 0.8186157515625 0.7710416666666667 0.806682578125 0.7629861104166668 0.8042959421875
2 0.90930555625 0.7684964203125 0.9072916666666667 0.78042959375 0.9153472229166667 0.7828162296875 0.919375 0.7708830546875001 0.90930555625 0.7684964203125
8 0.5924198708333334 0.9331742249999999 0.6043108979166667 0.9140811453125 0.6077083333333333 0.890214796875 0.5703365374999999 0.83770883125 0.5448557687500001 0.8305489265625001 0.5278685895833334 0.8448687343750001 0.49729166666666663 0.902147971875 0.4989903854166667 0.93794749375 0.5482532041666667 0.9737470171875 0.5924198708333334 0.9331742249999999
7 0.22068452291666668 0.8639618140625 0.2189583333333333 0.8949880671875 0.25348214375 0.8997613359375001 0.27592261875 0.8758949875 0.279375 0.8448687343750001 0.243125 0.83770883125 0.22068452291666668 0.8639618140625
7 0.3592447916666667 0.9093078765625 0.32287760416666667 0.9116945109374999 0.3072916666666667 0.935560859375 0.3072916666666667 0.9665871125000001 0.3419270833333333 0.9665871125000001 0.36097656250000004 0.9427207640624999 0.3627083333333333 0.9164677796875 0.3592447916666667 0.9093078765625
11 0 0.9031384734374999 0.0006586020833333333 0.918854415625 0.015961020833333332 0.94988066875 0.038064516666666666 0.9618138421875001 0.097573925 0.9474940328124999 0.10437500000000001 0.8997613359375001 0.083971775 0.8257756562499999 0.005759408333333333 0.8615751796875 0 0.8757228296875 0 0.9031384734374999
8 0.5588668708333333 0.42243436718750005 0.5760416666666667 0.4033412890625 0.5760416666666667 0.381861575 0.56058435 0.362768496875 0.5485619916666666 0.362768496875 0.5485619916666666 0.35560859218749996 0.505625 0.3603818609375 0.5073424791666666 0.38663484531250003 0.53997459375 0.42482100312500004 0.5588668708333333 0.42243436718750005
10 0.46040064166666667 0.39379474999999997 0.46770833333333334 0.3914081140625 0.46770833333333334 0.367541765625 0.44395833333333334 0.3484486875 0.4476121791666667 0.379474940625 0.46040064166666667 0.39379474999999997
5 0.5049053020833333 0.63484486875 0.5160416666666666 0.615751790625 0.508617425 0.60620525 0.4993371208333333 0.6109785203125 0.49562500000000004 0.6252983296875 0.5049053020833333 0.63484486875
3 0.8858854166666668 0.272076371875 0.8822916666666667 0.29116945156249996 0.8876822916666666 0.300715990625 0.9038541666666667 0.300715990625 0.9110416666666666 0.29116945156249996 0.9038541666666667 0.267303103125 0.8858854166666668 0.272076371875
11 0.21604166666666666 0.3293556078125 0.11291427291666666 0.2004773265625 0.06895833333333333 0.15751790000000002 0.11460488541666666 0.41766109843750004 0.12136733749999999 0.44391408125 0.12982040208333331 0.44630071562499996 0.16870450208333335 0.4200477328125 0.21604166666666666 0.3293556078125
3 0.10104166666666667 0.5465393796875 0.09589962083333334 0.5155131265625 0.06847537916666666 0.4868735078125 0.04105113541666667 0.4868735078125 0.025625000000000002 0.5155131265625 0.025625000000000002 0.5417661093749999 0.05133522708333334 0.570405728125 0.08218750000000001 0.56801909375 0.10104166666666667 0.5465393796875
4 0.13429783958333333 0.615751790625 0.09848765416666666 0.5656324578125 0.045625 0.6252983296875 0.049035493750000006 0.6610978515625 0.07290895 0.6778042953125001 0.11383487708333333 0.6706443921874999 0.13770833333333332 0.6443914078125 0.13429783958333333 0.615751790625
4 0.20400173541666666 0.699284009375 0.20229166666666665 0.7112171843749999 0.20913194375 0.7207637234375001 0.25872395833333334 0.7470167062499999 0.284375 0.6897374703125 0.20913194375 0.6921241046875 0.20400173541666666 0.699284009375
7 0.24151785625000002 0.6109785203125 0.22770833333333332 0.62291169375 0.21735118958333333 0.6563245828125 0.215625 0.6778042953125001 0.22943452291666666 0.6897374703125 0.25532738125 0.694510740625 0.2760416666666667 0.6778042953125001 0.24151785625000002 0.6109785203125
10 0.5960416666666667 0.6634844875 0.5451736104166667 0.6610978515625 0.4739583333333333 0.7708830546875001 0.47904513958333333 0.8090692125000001 0.48921875 0.823389021875 0.5163483791666666 0.8162291171874999 0.5926504625 0.6873508359375 0.5960416666666667 0.6634844875
2 0.5810416666666666 0.6181384249999999 0.5789583333333332 0.6252983296875 0.589375 0.6276849640625 0.589375 0.6181384249999999 0.5810416666666666 0.6181384249999999
5 0.29450980416666667 0.6778042953125001 0.3117892166666667 0.66825775625 0.33770833333333333 0.6252983296875 0.32906862708333334 0.5990453453125 0.3117892166666667 0.60143198125 0.30660539166666667 0.620525059375 0.27895833333333336 0.649164678125 0.280686275 0.6634844875 0.29450980416666667 0.6778042953125001
4 0.3960416666666667 0.11455847187499998 0.381875 0.1193317421875 0.3623958333333333 0.109785203125 0.360625 0.1360381859375 0.36770833333333336 0.145584725 0.38718749999999996 0.14797136093750002 0.3960416666666667 0.1384248203125 0.3960416666666667 0.11455847187499998
2 0.45229166666666665 0.6085918859375 0.45229166666666665 0.6276849640625 0.46937500000000004 0.62291169375 0.46747685208333334 0.60620525 0.45229166666666665 0.6085918859375
3 0.36076388958333333 0.6801909312500001 0.3589583333333334 0.694510740625 0.3679861104166667 0.7064439140625 0.38423611041666667 0.699284009375 0.38604166666666667 0.6897374703125 0.3752083333333333 0.6730310265624999 0.36076388958333333 0.6801909312500001
3 0.3737797625 0.7470167062499999 0.38104166666666667 0.7326968968750001 0.36651785625 0.715990453125 0.35925595208333333 0.7183770890625001 0.35562499999999997 0.7398568015625 0.3737797625 0.7470167062499999
3 0.30851715625 0.48448687343749997 0.30314951041666666 0.48448687343749997 0.30136029375 0.4868735078125 0.29241421666666667 0.4868735078125 0.290625 0.48926014375 0.290625 0.5011933171875 0.29241421666666667 0.508353221875 0.30136029375 0.520286396875 0.3103063729166667 0.520286396875 0.31925244999999997 0.5107398562500001 0.32104166666666667 0.5059665875 0.32104166666666667 0.4940334125 0.31925244999999997 0.48926014375 0.31567401875 0.4868735078125 0.3103063729166667 0.4868735078125 0.30851715625 0.48448687343749997
3 0.29243055625000003 0.55608591875 0.3104861104166667 0.558472553125 0.3159027770833333 0.553699284375 0.3177083333333333 0.5489260140625001 0.3177083333333333 0.5322195703125 0.3140972229166667 0.525059665625 0.3104861104166667 0.525059665625 0.290625 0.5465393796875 0.290625 0.553699284375 0.29243055625000003 0.55608591875
9 0.3077945729166667 0.21515035781249997 0.29834666666666665 0.25605011875 0.3063100375 0.257510740625 0.31641166666666665 0.21619331718749998 0.3077945729166667 0.21515035781249997
3 0.39087009791666666 0.3293556078125 0.3872916666666667 0.3389021484375 0.3872916666666667 0.346062053125 0.39265931458333336 0.35560859218749996 0.39265931458333336 0.3579952265625 0.3962377458333333 0.3603818609375 0.40876225416666667 0.3603818609375 0.41770833333333335 0.3532219578125 0.41770833333333335 0.3436754171875 0.40697303958333336 0.3245823390625 0.40339460833333335 0.32219570468750003 0.3962377458333333 0.32219570468750003 0.39087009791666666 0.3293556078125
9 0.09087009791666666 0.429594271875 0.08729166666666667 0.43198090625 0.08729166666666667 0.4367541765625 0.09623774583333335 0.4367541765625 0.09802696041666666 0.4343675421875 0.10339460833333333 0.4343675421875 0.11412990208333333 0.429594271875 0.11770833333333333 0.4272076375 0.11770833333333333 0.42243436718750005 0.11591911666666667 0.4200477328125 0.11412990208333333 0.42243436718750005 0.10876225416666667 0.42243436718750005 0.09087009791666666 0.429594271875
9 0.5704065166666666 0.0004773265625 0.5595966666666666 0.032458234375 0.5664887270833333 0.0338496421875 0.5771700000000001 0.0025513125 0.5704065166666666 0.0004773265625
9 0.8389583333333334 0.1997804296875 0.83810595 0.1640572796875 0.83028739375 0.1640572796875 0.8298850000000001 0.164102625 0.8324053708333333 0.2011861578125 0.8389583333333334 0.1997804296875
9 0.7312576020833333 0.07767780468749999 0.7146616666666666 0.10124105000000001 0.71931745625 0.1072529828125 0.7362583333333333 0.0838042953125 0.7312576020833333 0.07767780468749999
9 0.76598303125 0.7480453453125 0.7539866666666666 0.7677494031250001 0.7621704875 0.7779689734375 0.7778716666666666 0.7543675421875 0.76598303125 0.7480453453125
9 0.734257925 0.7551336515625 0.744865 0.738303103125 0.7387059270833334 0.7353818609375 0.7382601541666667 0.7354439140625 0.7303783333333332 0.750023865625 0.734257925 0.7551336515625
9 0.6997370895833334 0.7268639625 0.7134533333333334 0.709665871875 0.7059222979166666 0.7086754171874999 0.7054400416666666 0.7084128875 0.6942266666666667 0.7225155125 0.6997370895833334 0.7268639625
9 0.7710310604166666 0.6585298328125 0.7589516666666667 0.6784844875 0.7642912729166667 0.6823914078125 0.776435 0.661613365625 0.7710310604166666 0.6585298328125
9 0.8431635458333333 0.7573675421875 0.8277816666666666 0.7756252984375 0.8321227020833334 0.7796229109375 0.8492616666666667 0.7600930781249999 0.8431635458333333 0.7573675421875
3 0.7783333333333334 0.6252983296875 0.7712037041666666 0.6252983296875 0.7676388895833333 0.6276849640625 0.7622916666666666 0.63484486875 0.7622916666666666 0.649164678125 0.7676388895833333 0.6587112171875 0.7729861104166668 0.6610978515625 0.7801157416666666 0.6610978515625 0.7872453708333332 0.6563245828125 0.794375 0.6467780421875 0.794375 0.637231503125 0.7890277770833334 0.6300715984374999 0.7854629625 0.6276849640625 0.7801157416666666 0.6276849640625 0.7783333333333334 0.6252983296875
3 0.720625 0.5966587109375 0.72243055625 0.603818615625 0.7260416666666667 0.60620525 0.7332638895833333 0.60620525 0.73868055625 0.603818615625 0.7459027770833334 0.5942720765625 0.7477083333333333 0.5894988062500001 0.7477083333333333 0.5799522671874999 0.7459027770833334 0.5775656328125 0.7296527770833333 0.5775656328125 0.72243055625 0.5894988062500001 0.720625 0.5966587109375
3 0.6989583333333333 0.70167064375 0.7043750000000001 0.7088305484374999 0.7115972229166666 0.7088305484374999 0.7170138895833333 0.7064439140625 0.7242361104166667 0.699284009375 0.7260416666666667 0.694510740625 0.7260416666666667 0.682577565625 0.7242361104166667 0.6801909312500001 0.7134027770833333 0.6801909312500001 0.7025694437500001 0.6873508359375 0.7007638895833334 0.6921241046875 0.6989583333333333 0.70167064375
7 0.8723295458333333 0.5727923625 0.8649053020833333 0.575178996875 0.8574810604166667 0.5847255375 0.855625 0.5847255375 0.855625 0.60620525 0.8593371208333332 0.6181384249999999 0.86119318125 0.6181384249999999 0.8649053020833333 0.6133651546875 0.8649053020833333 0.6109785203125 0.8704734854166667 0.603818615625 0.8704734854166667 0.60143198125 0.8760416666666667 0.5918854421875 0.8760416666666667 0.5823389015625 0.8723295458333333 0.5727923625
7 0.8136050729166667 0.66825775625 0.79306159375 0.6897374703125 0.7690942020833333 0.7255369921875 0.7639583333333333 0.7398568015625 0.7639583333333333 0.7470167062499999 0.7759420291666667 0.7517899765625 0.79306159375 0.7374701671875 0.8136050729166667 0.7088305484374999 0.8290126812499999 0.682577565625 0.8427083333333333 0.6515513125 0.8409963770833334 0.63484486875 0.8358605062500001 0.620525059375 0.8170289854166667 0.6467780421875 0.8187409416666667 0.649164678125 0.8136050729166667 0.66825775625
11 0.7506901041666667 0.5107398562500001 0.7489583333333333 0.5727923625 0.8043750000000001 0.60620525 0.7991796875 0.5178997609375 0.7801302083333332 0.46300715937500003 0.7558854166666666 0.4725537 0.7506901041666667 0.5107398562500001
10 0 0.746730309375 0.025 0.7398568015625 0.051041666666666666 0.682577565625 0.040625 0.637231503125 0.03194444375 0.62291169375 0.011111110416666665 0.6133651546875 0 0.6133651546875 0 0.746730309375
9 0.034652777083333336 0.620525059375 0.05604166666666666 0.5823389015625 0.04534722291666667 0.5775656328125 0.023958333333333335 0.6085918859375 0.025740741666666667 0.620525059375 0.034652777083333336 0.620525059375
9 0.37123422500000003 0.8237470171875 0.356955 0.845286396875 0.36131287083333335 0.8499713609375 0.37525166666666665 0.8288758953125 0.37123422500000003 0.8237470171875
9 0.23749742083333333 0.736095465625 0.22096333333333332 0.7618496421875001 0.23020023333333334 0.771665871875 0.25133666666666665 0.7420214796875 0.23749742083333333 0.736095465625
9 0.29394708333333336 0.675560859375 0.2834333333333333 0.6936229109375 0.28853373125000004 0.6982625296875 0.30321833333333337 0.6731121718749999 0.29394708333333336 0.675560859375
9 0.364228 0.7021957046875 0.3531883333333333 0.7205894984375 0.3583432270833333 0.7233675421875 0.36979833333333334 0.70508830625 0.364228 0.7021957046875
9 0.3584610895833333 0.761217184375 0.3671 0.74460381875 0.3611127520833334 0.7442529828125 0.36058710833333335 0.7438424828125 0.35293500000000005 0.759527446875 0.3584610895833333 0.761217184375
9 0.4801003291666667 0.8058305484374999 0.4690583333333333 0.8258926015625001 0.47678773125 0.8316085921875 0.487335 0.8131264921874999 0.4801003291666667 0.8058305484374999