10 0.65625 0.2236328125 0.63671875 0.19921875 0.6145833329081632 0.1826171875 0.5833333329081632 0.17578125 0.55859375 0.177734375 0.5455729170918368 0.1826171875 0.5221354170918368 0.2001953125 0.49739583290816325 0.2314453125 0.484375 0.2587890625 0.46354166709183675 0.345703125 0.46354166709183675 0.375 0.46875 0.3837890625 0.48697916709183675 0.3935546875 0.6302083329081632 0.4033203125 0.6848958329081634 0.4033203125 0.703125 0.3935546875 0.7109375 0.3798828125 0.7109375 0.3564453125 0.6953125 0.3125 0.65625 0.2236328125
3 0.5546875 0.080078125 0.546875 0.0625 0.52734375 0.0498046875 0.4921875 0.03515625 0.45833333290816325 0.0283203125 0.44791666709183675 0.0283203125 0.42057291709183675 0.0380859375 0.39713541709183675 0.0419921875 0.38411458290816325 0.0498046875 0.3828125 0.0556640625 0.39973958290816325 0.0849609375 0.42317708290816325 0.1123046875 0.45703125 0.1396484375 0.47526041709183675 0.1474609375 0.51171875 0.1533203125 0.5299479170918368 0.150390625 0.55078125 0.138671875 0.5572916670918368 0.12890625 0.5546875 0.080078125
9 0.43098958290816325 0.1650390625 0.43229166709183675 0.1884765625 0.44140625 0.193359375 0.45963541709183675 0.193359375 0.46223958290816325 0.181640625 0.453125 0.16796875 0.46744791709183675 0.146484375 0.4609375 0.142578125 0.45572916709183675 0.1435546875 0.44661458290816325 0.1552734375 0.43098958290816325 0.1650390625
9 0.8815104170918366 0.3125 0.8828125 0.3251953125 0.8736979170918366 0.3359375 0.8776041670918366 0.3408203125 0.890625 0.33203125 0.9036458329081634 0.3291015625 0.9075520829081634 0.3232421875 0.9075520829081634 0.31640625 0.90234375 0.3115234375 0.88671875 0.30859375 0.8815104170918366 0.3125
9 0.8125 0.33984375 0.8216145829081634 0.3330078125 0.83984375 0.3349609375 0.84375 0.3310546875 0.8385416670918366 0.3134765625 0.828125 0.3115234375 0.8216145829081634 0.314453125 0.80859375 0.3310546875 0.8125 0.33984375
9 0.5846354170918368 0.484375 0.6002604170918368 0.4599609375 0.5963541670918368 0.4560546875 0.5794270829081632 0.458984375 0.5677083329081632 0.46875 0.5677083329081632 0.4814453125 0.57421875 0.4853515625 0.5846354170918368 0.484375
9 0.36197916709183675 0.6259765625 0.34244791709183675 0.6455078125 0.34635416709183675 0.65234375 0.3515625 0.65234375 0.37369791709183675 0.6298828125 0.390625 0.623046875 0.38932291709183675 0.6171875 0.38020833290816325 0.6123046875 0.35807291709183675 0.6142578125 0.36197916709183675 0.6259765625
9 0.2903645829081633 0.5849609375 0.2890625 0.5908203125 0.296875 0.595703125 0.3151041670918367 0.5947265625 0.3098958329081633 0.5849609375 0.2903645829081633 0.5849609375
9 0.2630208329081633 0.5498046875 0.2734375 0.5478515625 0.2734375 0.5390625 0.2630208329081633 0.53125 0.24479166709183672 0.5322265625 0.23958333290816328 0.5380859375 0.24739583290816328 0.5458984375 0.2630208329081633 0.5498046875
9 0.14322916709183675 0.583984375 0.1328125 0.5888671875 0.1328125 0.59765625 0.140625 0.6025390625 0.15755208290816325 0.60546875 0.1640625 0.6015625 0.1640625 0.5947265625 0.15625 0.587890625 0.1640625 0.5712890625 0.16015625 0.56640625 0.15364583290816325 0.56640625 0.14322916709183675 0.583984375
9 0.2825520829081633 0.6923828125 0.265625 0.70703125 0.2526041670918367 0.7080078125 0.2552083329081633 0.7216796875 0.2747395829081633 0.7255859375 0.2916666670918367 0.6943359375 0.2825520829081633 0.6923828125
9 0.2109375 0.724609375 0.20963541709183672 0.7177734375 0.20052083290816328 0.7119140625 0.18880208290816328 0.7109375 0.18098958290816328 0.716796875 0.1796875 0.73046875 0.18619791709183672 0.7353515625 0.2109375 0.724609375
9 0.09765625 0.6591796875 0.08723958290816326 0.6728515625 0.09635416709183674 0.67578125 0.10807291709183674 0.666015625 0.12630208290816325 0.6650390625 0.12760416709183675 0.6572265625 0.11848958290816326 0.650390625 0.109375 0.6474609375 0.09765625 0.6494140625 0.09765625 0.6591796875
9 0.8580729170918366 0.6884765625 0.8619791670918366 0.69140625 0.88671875 0.673828125 0.8893229170918366 0.66796875 0.8828125 0.65625 0.8736979170918366 0.65625 0.8671875 0.6630859375 0.8671875 0.67578125 0.8580729170918366 0.6884765625
9 0.9856770829081634 0.599609375 0.9817708329081634 0.5859375 0.9791666670918366 0.5830078125 0.9700520829081634 0.5830078125 0.9661458329081634 0.5869140625 0.9674479170918366 0.6015625 0.9791666670918366 0.60546875 0.9856770829081634 0.599609375
10 0.390625 0.271484375 0.37760416709183675 0.2685546875 0.36328125 0.2685546875 0.34114583290816325 0.275390625 0.32421875 0.28515625 0.2890625 0.3173828125 0.2682291670918367 0.3505859375 0.2682291670918367 0.3671875 0.28125 0.3759765625 0.3515625 0.3876953125 0.3671875 0.3876953125 0.40625 0.3759765625 0.42317708290816325 0.361328125 0.42317708290816325 0.337890625 0.4140625 0.3017578125 0.40104166709183675 0.2783203125 0.390625 0.271484375
10 0.41145833290816325 0.248046875 0.421875 0.2587890625 0.46484375 0.2568359375 0.4765625 0.2529296875 0.48697916709183675 0.2431640625 0.484375 0.208984375 0.46484375 0.193359375 0.43229166709183675 0.197265625 0.41276041709183675 0.2255859375 0.41145833290816325 0.248046875
1 0.3515625 0.2265625 0.37239583290816325 0.244140625 0.39322916709183675 0.2451171875 0.40625 0.236328125 0.40755208290816325 0.224609375 0.39973958290816325 0.2099609375 0.39192708290816325 0.2041015625 0.37369791709183675 0.203125 0.35026041709183675 0.212890625 0.3515625 0.2265625
1 0.2981770829081633 0.0205078125 0.30078125 0.0166015625 0.2981770829081633 0 0.23567708290816328 0.0009765625 0.26171875 0.0205078125 0.2838541670918367 0.0234375 0.2981770829081633 0.0205078125
1 0.94140625 0.2939453125 0.9453125 0.296875 0.97265625 0.298828125 0.98828125 0.291015625 0.9934895829081634 0.2783203125 0.9791666670918366 0.271484375 0.9674479170918366 0.2705078125 0.953125 0.275390625 0.9440104170918366 0.283203125 0.94140625 0.2939453125
1 0.9635416670918366 0.404296875 0.9765625 0.4052734375 0.9895833329081634 0.3935546875 0.9856770829081634 0.3837890625 0.9752604170918366 0.3798828125 0.9622395829081634 0.3828125 0.95703125 0.3876953125 0.9557291670918366 0.392578125 0.9635416670918366 0.404296875
9 0.40364583290816325 0.603515625 0.44921875 0.6005859375 0.45182291709183675 0.5966796875 0.45182291709183675 0.5888671875 0.4296875 0.59375 0.40494791709183675 0.587890625 0.390625 0.5908203125 0.39192708290816325 0.5986328125 0.40364583290816325 0.603515625
3 0.2682291670918367 0.5283203125 0.2747395829081633 0.5244140625 0.2734375 0.5126953125 0.2643229170918367 0.5048828125 0.23177083290816328 0.517578125 0.22916666709183672 0.5234375 0.23828125 0.5302734375 0.2682291670918367 0.5283203125
3 0.33723958290816325 0.466796875 0.3359375 0.48046875 0.34244791709183675 0.490234375 0.36588541709183675 0.505859375 0.38671875 0.501953125 0.40494791709183675 0.4794921875 0.40625 0.466796875 0.40104166709183675 0.453125 0.38671875 0.447265625 0.359375 0.4501953125 0.33723958290816325 0.466796875
3 0.15364583290816325 0.3173828125 0.15364583290816325 0.3310546875 0.18489583290816328 0.369140625 0.21484375 0.3916015625 0.234375 0.390625 0.26171875 0.3564453125 0.2604166670918367 0.33203125 0.2513020829081633 0.326171875 0.21744791709183672 0.31640625 0.16536458290816328 0.30859375 0.15364583290816325 0.3173828125
3 0.1015625 0.388671875 0.10416666709183674 0.4072265625 0.07682291709183674 0.44921875 0.07682291709183674 0.4599609375 0.1015625 0.46875 0.16927083290816328 0.4736328125 0.234375 0.4912109375 0.2526041670918367 0.490234375 0.2526041670918367 0.44921875 0.24348958290816328 0.4365234375 0.12239583290816326 0.3798828125 0.109375 0.37890625 0.1015625 0.388671875
8 0.08203125 0.470703125 0.07161458290816326 0.4775390625 0.0703125 0.48828125 0.08072916709183674 0.517578125 0.09895833290816326 0.541015625 0.11328125 0.5478515625 0.13020833290816325 0.5478515625 0.16927083290816328 0.537109375 0.171875 0.5185546875 0.14322916709183675 0.486328125 0.10286458290816326 0.470703125 0.08203125 0.470703125
3 0.2643229170918367 0.5576171875 0.2565104170918367 0.5517578125 0.24348958290816328 0.55078125 0.22786458290816328 0.53125 0.20963541709183672 0.521484375 0.19140625 0.5166015625 0.17838541709183672 0.521484375 0.17708333290816328 0.5322265625 0.19010416709183672 0.556640625 0.20963541709183672 0.5751953125 0.25 0.5869140625 0.28125 0.5859375 0.296875 0.5791015625 0.2994791670918367 0.5703125 0.2942708329081633 0.5654296875 0.28125 0.5595703125 0.2643229170918367 0.5576171875
10 0.796875 0.77734375 0.7552083329081634 0.7421875 0.734375 0.7353515625 0.70703125 0.732421875 0.6731770829081634 0.7333984375 0.6471354170918368 0.740234375 0.6171875 0.7568359375 0.6080729170918368 0.771484375 0.6106770829081632 0.791015625 0.625 0.7998046875 0.6692708329081634 0.798828125 0.69921875 0.806640625 0.7278645829081634 0.8056640625 0.7565104170918366 0.794921875 0.77734375 0.796875 0.7916666670918366 0.7900390625 0.7981770829081634 0.7822265625 0.796875 0.77734375
11 0.9778645829081634 0.6767578125 0.9791666670918366 0.6611328125 0.97265625 0.65625 0.9791666670918366 0.650390625 0.9895833329081634 0.6552734375 0.9908854170918366 0.65234375 0.9856770829081634 0.65234375 0.9856770829081634 0.6474609375 0.9908854170918366 0.6474609375 0.98828125 0.640625 0.99609375 0.6416015625 0.9921875 0.6044921875 0.984375 0.5810546875 0.9791666670918366 0.5791015625 0.9752604170918366 0.5703125 0.9791666670918366 0.5537109375 0.921875 0.4931640625 0.9166666670918366 0.494140625 0.9140625 0.5 0.91015625 0.537109375 0.9153645829081634 0.541015625 0.91015625 0.5419921875 0.9114583329081634 0.5537109375 0.90625 0.5595703125 0.8802083329081634 0.74609375 0.87890625 0.771484375 0.8854166670918366 0.7763671875 0.9283854170918366 0.7509765625 0.9609375 0.7265625 0.9700520829081634 0.70703125 0.96484375 0.7060546875 0.94921875 0.7158203125 0.9401041670918366 0.7060546875 0.9609375 0.693359375 0.9778645829081634 0.6767578125
3 0.85546875 0.4482421875 0.8671875 0.4423828125 0.87109375 0.427734375 0.8645833329081634 0.421875 0.8255208329081634 0.421875 0.82421875 0.42578125 0.8450520829081634 0.447265625 0.85546875 0.4482421875
3 0.734375 0.404296875 0.7486979170918366 0.412109375 0.7591145829081634 0.412109375 0.7760416670918366 0.3935546875 0.7721354170918366 0.3876953125 0.7604166670918366 0.384765625 0.73046875 0.38671875 0.7265625 0.3935546875 0.734375 0.404296875
3 0.8059895829081634 0.33203125 0.7903645829081634 0.3310546875 0.77734375 0.33984375 0.7786458329081634 0.3525390625 0.8072916670918366 0.3515625 0.8098958329081634 0.3388671875 0.8059895829081634 0.33203125
7 0.14583333290816325 0.1015625 0.13802083290816325 0.1103515625 0.140625 0.1298828125 0.15885416709183675 0.1474609375 0.18359375 0.1572265625 0.20572916709183672 0.15625 0.20963541709183672 0.12890625 0.203125 0.1123046875 0.19140625 0.1005859375 0.1796875 0.095703125 0.16145833290816325 0.095703125 0.14583333290816325 0.1015625
11 0.1328125 0.349609375 0.13151041709183675 0.341796875 0.125 0.3359375 0.028645832908163266 0.341796875 0.024739582908163266 0.34765625 0.0234375 0.384765625 0.04947916709183673 0.408203125 0.06380208290816326 0.41015625 0.07421875 0.4189453125 0.08072916709183674 0.4189453125 0.09505208290816326 0.41015625 0.1015625 0.380859375 0.11067708290816326 0.3759765625 0.13020833290816325 0.373046875 0.1328125 0.349609375
3 0.2552083329081633 0.6298828125 0.2526041670918367 0.640625 0.2578125 0.65625 0.2825520829081633 0.6875 0.296875 0.6904296875 0.3151041670918367 0.6748046875 0.3059895829081633 0.6328125 0.296875 0.625 0.2825520829081633 0.6220703125 0.2630208329081633 0.625 0.2552083329081633 0.6298828125
3 0.33203125 0.6474609375 0.3229166670918367 0.6533203125 0.3216145829081633 0.6640625 0.33333333290816325 0.6826171875 0.33984375 0.7138671875 0.35546875 0.7216796875 0.3828125 0.7158203125 0.38671875 0.7099609375 0.38411458290816325 0.6953125 0.37109375 0.6650390625 0.33854166709183675 0.6474609375 0.33203125 0.6474609375
0 0.43619791709183675 0.6328125 0.45182291709183675 0.623046875 0.4375 0.60546875 0.41796875 0.6083984375 0.39453125 0.619140625 0.39583333290816325 0.626953125 0.41666666709183675 0.634765625 0.43619791709183675 0.6328125
0 0.359375 0.6044921875 0.37890625 0.5966796875 0.37890625 0.591796875 0.36979166709183675 0.5830078125 0.3177083329081633 0.5869140625 0.3203125 0.5966796875 0.33333333290816325 0.6044921875 0.359375 0.6044921875
3 0.5690104170918368 0.5439453125 0.55859375 0.537109375 0.53515625 0.5419921875 0.53515625 0.552734375 0.5481770829081632 0.5625 0.5533854170918368 0.5615234375 0.5690104170918368 0.5439453125
3 0.5364583329081632 0.5322265625 0.5455729170918368 0.5322265625 0.5598958329081632 0.5224609375 0.5598958329081632 0.5146484375 0.5481770829081632 0.51171875 0.5390625 0.50390625 0.53125 0.5078125 0.5299479170918368 0.525390625 0.5364583329081632 0.5322265625
3 0.6002604170918368 0.4609375 0.61328125 0.4599609375 0.625 0.44921875 0.625 0.4423828125 0.6184895829081632 0.4384765625 0.609375 0.4384765625 0.6015625 0.4453125 0.5963541670918368 0.4541015625 0.6002604170918368 0.4609375
3 0.5221354170918368 0.623046875 0.5364583329081632 0.6171875 0.54296875 0.6064453125 0.5403645829081632 0.599609375 0.53125 0.5966796875 0.5169270829081632 0.5986328125 0.51171875 0.6044921875 0.5130208329081632 0.6171875 0.5221354170918368 0.623046875
3 0.51953125 0.5966796875 0.5377604170918368 0.5908203125 0.5403645829081632 0.5810546875 0.5286458329081632 0.568359375 0.5169270829081632 0.568359375 0.5091145829081632 0.5849609375 0.51171875 0.5927734375 0.51953125 0.5966796875
9 0.484375 0.6396484375 0.49088541709183675 0.63671875 0.5078125 0.615234375 0.5052083329081632 0.6123046875 0.5026041670918368 0.615234375 0.48567708290816325 0.6171875 0.47916666709183675 0.6220703125 0.4765625 0.6328125 0.484375 0.6396484375
11 0.3229166670918367 0.484375 0.3216145829081633 0.4912109375 0.3125 0.494140625 0.34375 0.5205078125 0.3515625 0.533203125 0.35677083290816325 0.5322265625 0.35807291709183675 0.5400390625 0.37890625 0.5498046875 0.39453125 0.5654296875 0.40755208290816325 0.5654296875 0.42838541709183675 0.5439453125 0.43619791709183675 0.529296875 0.44401041709183675 0.5068359375 0.44270833290816325 0.494140625 0.44791666709183675 0.4873046875 0.43229166709183675 0.43359375 0.42447916709183675 0.427734375 0.42317708290816325 0.4208984375 0.40494791709183675 0.4072265625 0.3828125 0.4013671875 0.36067708290816325 0.3896484375 0.33723958290816325 0.3935546875 0.2864583329081633 0.3818359375 0.26953125 0.3837890625 0.22916666709183672 0.4150390625 0.22916666709183672 0.4208984375 0.2565104170918367 0.44140625 0.2825520829081633 0.470703125 0.2864583329081633 0.4697265625 0.2916666670918367 0.45703125 0.3046875 0.46484375 0.2994791670918367 0.4677734375 0.3033854170918367 0.4736328125 0.3138020829081633 0.470703125 0.3229166670918367 0.484375
7 0 0 0 0.125 0.0078125 0.1376953125 0.05729166709183673 0.1845703125 0.06380208290816326 0.1953125 0.08723958290816326 0.2060546875 0.05859375 0 0 0
0 0.09114583290816326 0.216796875 0.05598958290816327 0.1865234375 0.03125 0.1982421875 0.028645832908163266 0.2060546875 0.05989583290816327 0.23046875 0.06640625 0.23046875 0.09114583290816326 0.216796875
10 0.49348958290816325 0.4130859375 0.4921875 0.423828125 0.5013020829081632 0.435546875 0.5013020829081632 0.44921875 0.578125 0.4580078125 0.59375 0.453125 0.6015625 0.4443359375 0.6015625 0.4208984375 0.59375 0.4033203125 0.5052083329081632 0.3984375 0.49348958290816325 0.4130859375
3 0.40885416709183675 0.7236328125 0.41536458290816325 0.7333984375 0.42578125 0.7421875 0.4453125 0.75 0.47265625 0.7490234375 0.484375 0.7373046875 0.484375 0.7177734375 0.47135416709183675 0.7041015625 0.41145833290816325 0.712890625 0.40885416709183675 0.7236328125
3 0.8255208329081634 0.365234375 0.8255208329081634 0.3740234375 0.8346354170918366 0.3818359375 0.8645833329081634 0.376953125 0.8776041670918366 0.3662109375 0.8776041670918366 0.341796875 0.8671875 0.3349609375 0.8502604170918366 0.3359375 0.8385416670918366 0.3486328125 0.8359375 0.357421875 0.8255208329081634 0.365234375
3 0.9557291670918366 0.44140625 0.9778645829081634 0.439453125 0.9947916670918366 0.4306640625 0.9895833329081634 0.4189453125 0.9739583329081634 0.4072265625 0.9557291670918366 0.41015625 0.94140625 0.41796875 0.9401041670918366 0.4326171875 0.9557291670918366 0.44140625
2 0.8033854170918366 0.59765625 0.8020833329081634 0.6025390625 0.8072916670918366 0.6083984375 0.8203125 0.60546875 0.8177083329081634 0.59765625 0.8033854170918366 0.59765625
2 0.6979166670918366 0.62109375 0.6953125 0.626953125 0.69921875 0.630859375 0.7122395829081634 0.6298828125 0.7096354170918366 0.6220703125 0.6979166670918366 0.62109375
7 0.49348958290816325 0.556640625 0.47916666709183675 0.5693359375 0.47786458290816325 0.5771484375 0.48567708290816325 0.5830078125 0.49869791709183675 0.5830078125 0.5091145829081632 0.578125 0.51953125 0.560546875 0.51953125 0.55078125 0.5130208329081632 0.5419921875 0.5052083329081632 0.5390625 0.49609375 0.54296875 0.49348958290816325 0.556640625
11 0.42708333290816325 0.1669921875 0.421875 0.13671875 0.36458333290816325 0.091796875 0.34635416709183675 0.0859375 0.2890625 0.0927734375 0.28125 0.0966796875 0.2786458329081633 0.1064453125 0.27734375 0.15234375 0.28125 0.162109375 0.33723958290816325 0.154296875 0.34244791709183675 0.14453125 0.35546875 0.1396484375 0.36588541709183675 0.146484375 0.37109375 0.1630859375 0.41536458290816325 0.1962890625 0.421875 0.1962890625 0.42708333290816325 0.1669921875
3 0.20572916709183672 0.6103515625 0.2109375 0.619140625 0.234375 0.630859375 0.2513020829081633 0.62890625 0.27734375 0.6171875 0.2708333329081633 0.6044921875 0.24348958290816328 0.5966796875 0.21875 0.6005859375 0.2109375 0.60546875 0.20572916709183672 0.6103515625
3 0.19791666709183672 0.744140625 0.19010416709183672 0.734375 0.17057291709183672 0.7314453125 0.16666666709183672 0.73828125 0.17317708290816328 0.7451171875 0.19010416709183672 0.7470703125 0.19791666709183672 0.744140625
3 0.06770833290816326 0.712890625 0.09375 0.7099609375 0.11067708290816326 0.6923828125 0.10807291709183674 0.6865234375 0.08723958290816326 0.673828125 0.06380208290816326 0.677734375 0.05208333290816327 0.6865234375 0.05208333290816327 0.705078125 0.06770833290816326 0.712890625
10 0.87109375 0.7119140625 0.8723958329081634 0.705078125 0.859375 0.6884765625 0.8502604170918366 0.6884765625 0.8411458329081634 0.69921875 0.8411458329081634 0.7138671875 0.8645833329081634 0.71484375 0.87109375 0.7119140625
0 0.8020833329081634 0.6650390625 0.8151041670918366 0.673828125 0.8268229170918366 0.671875 0.8346354170918366 0.662109375 0.83203125 0.64453125 0.8046875 0.6416015625 0.796875 0.6435546875 0.7955729170918366 0.65625 0.8020833329081634 0.6650390625