4 0.3984375 0.326171875 0.40755208290816325 0.3330078125 0.43880208290816325 0.390625 0.515625 0.478515625 0.53125 0.4755859375 0.5455729170918368 0.478515625 0.6848958329081634 0.443359375 0.7057291670918366 0.431640625 0.7291666670918366 0.4111328125 0.73046875 0.4072265625 0.7200520829081634 0.4033203125 0.5833333329081632 0.388671875 0.5533854170918368 0.3798828125 0.36588541709183675 0.2373046875 0.3229166670918367 0.2373046875 0.3177083329081633 0.2421875 0.3255208329081633 0.2548828125 0.38541666709183675 0.32421875 0.3984375 0.326171875
10 0.5364583329081632 0.2021484375 0.5455729170918368 0.2021484375 0.5625 0.1875 0.5989583329081632 0.1708984375 0.7005208329081634 0.103515625 0.7330729170918366 0.09375 0.8346354170918366 0.0810546875 0.83984375 0.078125 0.8372395829081634 0.0703125 0.8098958329081634 0.0498046875 0.7135416670918366 0.0244140625 0.6927083329081634 0.0244140625 0.5104166670918368 0.19921875 0.5078125 0.20703125 0.5143229170918368 0.208984375 0.53125 0.208984375 0.5364583329081632 0.2021484375
4 0.6796875 0.626953125 0.7369791670918366 0.6123046875 0.79296875 0.609375 0.8216145829081634 0.6015625 0.8385416670918366 0.587890625 0.84765625 0.55859375 0.83203125 0.5380859375 0.8138020829081634 0.5322265625 0.7994791670918366 0.5322265625 0.7578125 0.5419921875 0.6510416670918368 0.5517578125 0.6315104170918368 0.5595703125 0.62109375 0.5712890625 0.6197916670918368 0.5859375 0.63671875 0.611328125 0.6640625 0.6259765625 0.6796875 0.626953125
7 0.8346354170918366 0.775390625 0.8776041670918366 0.7783203125 0.9348958329081634 0.7724609375 0.9700520829081634 0.759765625 0.9986979170918366 0.7314453125 0.9986979170918366 0.6611328125 0.984375 0.638671875 0.9622395829081634 0.623046875 0.9348958329081634 0.61328125 0.90625 0.6083984375 0.82421875 0.6044921875 0.7942708329081634 0.611328125 0.7721354170918366 0.63671875 0.7760416670918366 0.7353515625 0.7864583329081634 0.75390625 0.8138020829081634 0.76953125 0.8346354170918366 0.775390625
3 0.578125 0.6435546875 0.5846354170918368 0.6396484375 0.5872395829081632 0.6025390625 0.58203125 0.59765625 0.5247395829081632 0.6015625 0.5078125 0.5966796875 0.5013020829081632 0.5986328125 0.5 0.6103515625 0.5182291670918368 0.6220703125 0.5677083329081632 0.642578125 0.578125 0.6435546875
3 0.41796875 0.6142578125 0.46744791709183675 0.6162109375 0.47265625 0.60546875 0.45963541709183675 0.580078125 0.42708333290816325 0.5556640625 0.4140625 0.55078125 0.40104166709183675 0.552734375 0.38671875 0.5634765625 0.38671875 0.5732421875 0.41015625 0.609375 0.41796875 0.6142578125
3 0.49739583290816325 0.5986328125 0.5052083329081632 0.5966796875 0.5221354170918368 0.5751953125 0.5208333329081632 0.5634765625 0.515625 0.5595703125 0.49479166709183675 0.560546875 0.47005208290816325 0.5419921875 0.4609375 0.541015625 0.45963541709183675 0.5576171875 0.46875 0.5771484375 0.48177083290816325 0.591796875 0.49739583290816325 0.5986328125
3 0.40104166709183675 0.607421875 0.40364583290816325 0.6025390625 0.38671875 0.5771484375 0.36979166709183675 0.5673828125 0.35677083290816325 0.5673828125 0.35286458290816325 0.580078125 0.36458333290816325 0.5986328125 0.38411458290816325 0.6064453125 0.40104166709183675 0.607421875
3 0.328125 0.5908203125 0.32682291709183675 0.57421875 0.3138020829081633 0.5595703125 0.2890625 0.5537109375 0.2760416670918367 0.5576171875 0.2786458329081633 0.5693359375 0.2981770829081633 0.5830078125 0.31640625 0.591796875 0.328125 0.5908203125
3 0.2838541670918367 0.494140625 0.2760416670918367 0.4716796875 0.2682291670918367 0.4638671875 0.24609375 0.455078125 0.22916666709183672 0.455078125 0.23046875 0.4677734375 0.2552083329081633 0.48828125 0.2747395829081633 0.49609375 0.2838541670918367 0.494140625
7 0.13802083290816325 0.3837890625 0.20052083290816328 0.4169921875 0.21223958290816328 0.4072265625 0.21354166709183672 0.3974609375 0.18880208290816328 0.3759765625 0.14713541709183675 0.3076171875 0.1328125 0.265625 0.13020833290816325 0.232421875 0.11197916709183674 0.2197265625 0.10026041709183674 0.25 0.09895833290816326 0.3056640625 0.10807291709183674 0.3427734375 0.11848958290816326 0.361328125 0.13802083290816325 0.3837890625
11 0.17578125 0.408203125 0.22916666709183672 0.4326171875 0.2513020829081633 0.4384765625 0.2552083329081633 0.4248046875 0.24869791709183672 0.4228515625 0.24088541709183672 0.41015625 0.24348958290816328 0.3984375 0.13020833290816325 0.23046875 0.11067708290816326 0.2080078125 0.10416666709183674 0.2138671875 0.09895833290816326 0.255859375 0.09765625 0.3115234375 0.11979166709183674 0.3662109375 0.13151041709183675 0.37890625 0.17578125 0.408203125
3 0.37890625 0.4072265625 0.39322916709183675 0.3974609375 0.40104166709183675 0.3740234375 0.38411458290816325 0.37109375 0.33333333290816325 0.37890625 0.3138020829081633 0.384765625 0.3020833329081633 0.3935546875 0.30078125 0.400390625 0.3111979170918367 0.4072265625 0.34765625 0.4150390625 0.37890625 0.4072265625
3 0.38932291709183675 0.517578125 0.39192708290816325 0.501953125 0.41276041709183675 0.4921875 0.4296875 0.4482421875 0.43229166709183675 0.4345703125 0.42838541709183675 0.42578125 0.40755208290816325 0.431640625 0.37369791709183675 0.455078125 0.35807291709183675 0.4716796875 0.3515625 0.486328125 0.35546875 0.5146484375 0.36328125 0.5263671875 0.37239583290816325 0.529296875 0.38932291709183675 0.517578125
3 0.45833333290816325 0.5234375 0.47526041709183675 0.50390625 0.46744791709183675 0.494140625 0.44010416709183675 0.4931640625 0.41276041709183675 0.4951171875 0.38932291709183675 0.5048828125 0.38932291709183675 0.5126953125 0.40104166709183675 0.5224609375 0.4296875 0.529296875 0.45833333290816325 0.5234375
3 0.50390625 0.685546875 0.5026041670918368 0.6748046875 0.49088541709183675 0.666015625 0.45052083290816325 0.65234375 0.44270833290816325 0.65234375 0.4375 0.6572265625 0.44140625 0.671875 0.47395833290816325 0.6962890625 0.48697916709183675 0.697265625 0.50390625 0.685546875
3 0.43880208290816325 0.654296875 0.45833333290816325 0.65234375 0.45572916709183675 0.6396484375 0.43880208290816325 0.630859375 0.40234375 0.6298828125 0.40364583290816325 0.6396484375 0.42447916709183675 0.65625 0.43489583290816325 0.6591796875 0.43880208290816325 0.654296875
9 0.546875 0.7509765625 0.5572916670918368 0.732421875 0.5677083329081632 0.7265625 0.5677083329081632 0.716796875 0.5481770829081632 0.7021484375 0.5286458329081632 0.7060546875 0.52734375 0.7158203125 0.53515625 0.7275390625 0.5364583329081632 0.7431640625 0.546875 0.7509765625
9 0.6458333329081632 0.66796875 0.6393229170918368 0.654296875 0.6614583329081634 0.6259765625 0.64453125 0.6201171875 0.62890625 0.640625 0.6028645829081632 0.650390625 0.6015625 0.6640625 0.6171875 0.6787109375 0.6419270829081632 0.6787109375 0.6458333329081632 0.66796875
9 0.53515625 0.7021484375 0.5455729170918368 0.697265625 0.546875 0.6865234375 0.53125 0.671875 0.5143229170918368 0.6708984375 0.5078125 0.6748046875 0.5026041670918368 0.689453125 0.48697916709183675 0.69921875 0.49088541709183675 0.7099609375 0.49739583290816325 0.7099609375 0.5143229170918368 0.697265625 0.53515625 0.7021484375
9 0.18098958290816328 0.671875 0.18098958290816328 0.6826171875 0.19140625 0.6845703125 0.20572916709183672 0.6552734375 0.18098958290816328 0.671875
9 0.13802083290816325 0.70703125 0.12109375 0.7265625 0.12369791709183674 0.7333984375 0.14322916709183675 0.7236328125 0.14713541709183675 0.7099609375 0.13802083290816325 0.70703125
9 0.3098958329081633 0.61328125 0.31640625 0.6064453125 0.3151041670918367 0.59375 0.2955729170918367 0.583984375 0.2916666670918367 0.5927734375 0.296875 0.6064453125 0.3020833329081633 0.6123046875 0.3098958329081633 0.61328125
9 0.26953125 0.4638671875 0.2669270829081633 0.4345703125 0.2734375 0.4228515625 0.2708333329081633 0.41015625 0.265625 0.4013671875 0.2552083329081633 0.396484375 0.24609375 0.3974609375 0.24088541709183672 0.4033203125 0.24088541709183672 0.4248046875 0.25 0.4306640625 0.2591145829081633 0.4599609375 0.26953125 0.4638671875
9 0.41666666709183675 0.361328125 0.4140625 0.341796875 0.39583333290816325 0.326171875 0.38802083290816325 0.3271484375 0.38151041709183675 0.3349609375 0.3828125 0.3564453125 0.39583333290816325 0.369140625 0.40364583290816325 0.37109375 0.41666666709183675 0.361328125
3 0.48567708290816325 0.724609375 0.48828125 0.7099609375 0.47786458290816325 0.69921875 0.44661458290816325 0.6962890625 0.43489583290816325 0.7021484375 0.43229166709183675 0.7138671875 0.43880208290816325 0.7216796875 0.4765625 0.728515625 0.48567708290816325 0.724609375
2 0.6302083329081632 0.75390625 0.6276041670918368 0.7431640625 0.6028645829081632 0.7392578125 0.6028645829081632 0.748046875 0.6119791670918368 0.755859375 0.6236979170918368 0.7578125 0.6302083329081632 0.75390625
8 0.16536458290816328 0.53125 0.16796875 0.546875 0.18359375 0.560546875 0.21614583290816328 0.568359375 0.23307291709183672 0.5830078125 0.24609375 0.583984375 0.2864583329081633 0.548828125 0.2916666670918367 0.5390625 0.2916666670918367 0.5224609375 0.2838541670918367 0.5078125 0.24609375 0.484375 0.2265625 0.4658203125 0.21875 0.46875 0.19921875 0.4619140625 0.1875 0.4619140625 0.17447916709183672 0.46875 0.16536458290816328 0.48046875 0.16927083290816328 0.48828125 0.1640625 0.494140625 0.17317708290816328 0.5009765625 0.16536458290816328 0.53125
8 0.43359375 0.740234375 0.41666666709183675 0.724609375 0.40234375 0.736328125 0.39973958290816325 0.75 0.40755208290816325 0.7578125 0.43619791709183675 0.75390625 0.43359375 0.740234375
6 0.2916666670918367 0.61328125 0.2955729170918367 0.6025390625 0.2799479170918367 0.576171875 0.2682291670918367 0.5703125 0.25390625 0.58203125 0.2513020829081633 0.5966796875 0.2578125 0.6064453125 0.28125 0.6162109375 0.2916666670918367 0.61328125
6 0.41536458290816325 0.67578125 0.41536458290816325 0.6640625 0.40755208290816325 0.6484375 0.38671875 0.623046875 0.36588541709183675 0.611328125 0.35807291709183675 0.611328125 0.35286458290816325 0.6162109375 0.35416666709183675 0.63671875 0.3671875 0.654296875 0.39583333290816325 0.671875 0.41536458290816325 0.67578125
8 0.39322916709183675 0.6845703125 0.39192708290816325 0.673828125 0.36197916709183675 0.650390625 0.35416666709183675 0.638671875 0.328125 0.64453125 0.3190104170918367 0.65234375 0.31640625 0.666015625 0.3255208329081633 0.6767578125 0.34114583290816325 0.6826171875 0.39322916709183675 0.6845703125
0 0.546875 0.2412109375 0.60546875 0.2021484375 0.6002604170918368 0.173828125 0.5872395829081632 0.173828125 0.57421875 0.1806640625 0.5182291670918368 0.220703125 0.5143229170918368 0.2265625 0.5182291670918368 0.2314453125 0.5364583329081632 0.2412109375 0.546875 0.2412109375
3 0.82421875 0.2470703125 0.88671875 0.2412109375 0.8958333329081634 0.236328125 0.9075520829081634 0.2373046875 0.9166666670918366 0.232421875 0.953125 0.2294921875 0.9986979170918366 0.21875 0.9986979170918366 0.111328125 0.9830729170918366 0.111328125 0.9270833329081634 0.1240234375 0.8138020829081634 0.1513671875 0.7903645829081634 0.1611328125 0.7877604170918366 0.1826171875 0.8033854170918366 0.2353515625 0.8111979170918366 0.2451171875 0.82421875 0.2470703125
7 0.5546875 0.841796875 0.5690104170918368 0.84765625 0.6145833329081632 0.8544921875 0.7005208329081634 0.85546875 0.6822916670918366 0.841796875 0.6588541670918366 0.8408203125 0.64453125 0.82421875 0.6419270829081632 0.8134765625 0.546875 0.7529296875 0.5286458329081632 0.744140625 0.5078125 0.7451171875 0.5065104170918368 0.7646484375 0.515625 0.7978515625 0.5286458329081632 0.8203125 0.5546875 0.841796875