3 0 0.6242857138671875 0.09444444387755102 0.6142857138671876 0.17916666709183673 0.5842857138671875 0.22361111096938777 0.547142857421875 0.2625 0.487142857421875 0.27222222193877554 0.4514285712890625 0.26666666709183673 0.4114285712890625 0.25 0.3842857138671875 0.19861111096938774 0.332857142578125 0.17361111096938775 0.33 0.1277777780612245 0.3514285712890625 0.1152777780612245 0.3614285712890625 0.10277777806122448 0.3857142861328125 0.08333333290816326 0.447142857421875 0.044444443877551025 0.5342857138671875 0 0.61 0 0.6242857138671875
3 0.4875 0.077142857421875 0.4291666670918367 0.1585714287109375 0.43194444387755104 0.1757142861328125 0.45833333290816325 0.182857142578125 0.4777777780612245 0.182857142578125 0.5083333329081633 0.1714285712890625 0.569444443877551 0.122857142578125 0.5777777780612245 0.11 0.5791666670918367 0.09 0.5625 0.0785714287109375 0.5236111109693878 0.0814285712890625 0.4875 0.077142857421875
3 0.4027777780612245 0.1914285712890625 0.3833333329081633 0.202857142578125 0.36944444387755104 0.22 0.34166666709183674 0.277142857421875 0.34166666709183674 0.2957142861328125 0.3472222219387755 0.3014285712890625 0.38888888903061225 0.3014285712890625 0.4402777780612245 0.2914285712890625 0.47083333290816326 0.2714285712890625 0.4777777780612245 0.257142857421875 0.4777777780612245 0.2342857138671875 0.468055556122449 0.217142857421875 0.4375 0.19 0.4027777780612245 0.1914285712890625
3 0.681944443877551 0.1014285712890625 0.6416666670918367 0.1342857138671875 0.619444443877551 0.1785714287109375 0.6208333329081633 0.2 0.6333333329081633 0.2042857138671875 0.675 0.202857142578125 0.6986111109693877 0.192857142578125 0.7138888890306123 0.1785714287109375 0.7222222219387755 0.16 0.7236111109693877 0.1414285712890625 0.7166666670918368 0.122857142578125 0.6972222219387755 0.1 0.681944443877551 0.1014285712890625
11 0.5833333329081632 0.0942857138671875 0.5611111109693878 0.1385714287109375 0.5499999999999999 0.1442857138671875 0.5444444438775511 0.1557142861328125 0.5333333329081632 0.157142857421875 0.525 0.1685714287109375 0.5083333329081633 0.177142857421875 0.4722222219387755 0.2185714287109375 0.480555556122449 0.237142857421875 0.480555556122449 0.2542857138671875 0.4652777780612245 0.2814285712890625 0.4458333329081633 0.292857142578125 0.3777777780612245 0.3085714287109375 0.3097222219387755 0.3885714287109375 0.2777777780612245 0.4142857138671875 0.2708333329081633 0.472857142578125 0.256944443877551 0.5042857138671875 0.22361111096938777 0.5514285712890625 0.18333333290816325 0.5857142861328125 0.09583333290816326 0.62 0.09722222193877551 0.63 0.12222222193877551 0.657142857421875 0.13749999999999998 0.6842857138671875 0.15138888903061226 0.687142857421875 0.394444443877551 0.61 0.42638888903061223 0.6042857138671875 0.468055556122449 0.5842857138671875 0.48333333290816327 0.542857142578125 0.5986111109693877 0.0942857138671875 0.5833333329081632 0.0942857138671875
8 0.2125 0.832857142578125 0.1722222219387755 0.8242857138671875 0.14722222193877552 0.837142857421875 0.10277777806122448 0.8814285712890625 0.08611111096938776 0.8914285712890625 0.022222221938775513 0.962857142578125 0 0.9914285712890625 0.0027777780612244897 0.9985714287109375 0.17638888903061226 0.9985714287109375 0.31111111096938776 0.93 0.3277777780612245 0.9042857138671875 0.33333333290816325 0.872857142578125 0.325 0.7714285712890625 0.3152777780612245 0.767142857421875 0.3027777780612245 0.772857142578125 0.2125 0.832857142578125
5 0.5861111109693878 0.6542857138671875 0.5902777780612245 0.6385714287109375 0.5888888890306123 0.5985714287109375 0.5736111109693878 0.542857142578125 0.5750000000000001 0.497142857421875 0.5583333329081633 0.49 0.5138888890306123 0.5114285712890625 0.47083333290816326 0.587142857421875 0.44861111096938777 0.5985714287109375 0.45138888903061225 0.61 0.4458333329081633 0.6314285712890625 0.4333333329081633 0.6557142861328125 0.32916666709183673 0.767142857421875 0.331944443877551 0.7814285712890625 0.36388888903061223 0.7785714287109375 0.4125 0.7614285712890625 0.5277777780612245 0.712857142578125 0.5638888890306122 0.6885714287109375 0.5861111109693878 0.6542857138671875
5 0.6222222219387755 0.5985714287109375 0.6458333329081632 0.5857142861328125 0.6541666670918368 0.572857142578125 0.6541666670918368 0.5557142861328125 0.6416666670918367 0.51 0.619444443877551 0.522857142578125 0.5888888890306123 0.5714285712890625 0.5902777780612245 0.5942857138671875 0.6222222219387755 0.5985714287109375
3 0.03333333290816327 0.877142857421875 0.03194444387755102 0.8914285712890625 0.03611111096938775 0.8957142861328125 0.07638888903061225 0.8914285712890625 0.10972222193877551 0.8757142861328125 0.1152777780612245 0.857142857421875 0.10972222193877551 0.847142857421875 0.10138888903061224 0.8442857138671875 0.06666666709183673 0.8457142861328125 0.04722222193877551 0.8542857138671875 0.03333333290816327 0.877142857421875
5 0.20833333290816328 0.7042857138671875 0.20833333290816328 0.72 0.22777777806122448 0.75 0.255555556122449 0.7614285712890625 0.28333333290816326 0.7557142861328126 0.30416666709183676 0.7285714287109375 0.30416666709183676 0.712857142578125 0.280555556122449 0.6785714287109375 0.255555556122449 0.6642857138671875 0.23888888903061226 0.6714285712890625 0.20833333290816328 0.7042857138671875
11 0.893055556122449 0.9085714287109375 0.8847222219387755 0.8957142861328125 0.8138888890306122 0.8442857138671875 0.8 0.8585714287109375 0.7694444438775511 0.8485714287109375 0.7638888890306121 0.832857142578125 0.775 0.817142857421875 0.7097222219387755 0.7714285712890625 0.6972222219387755 0.7714285712890625 0.6430555561224489 0.792857142578125 0.6236111109693878 0.802857142578125 0.6069444438775511 0.8214285712890625 0.5958333329081632 0.8485714287109375 0.6069444438775511 0.8642857138671876 0.6041666670918368 0.88 0.6111111109693877 0.8985714287109375 0.6236111109693878 0.9185714287109376 0.6513888890306123 0.9285714287109375 0.6597222219387755 0.9542857138671875 0.6708333329081632 0.9685714287109375 0.781944443877551 0.97 0.893055556122449 0.9085714287109375
4 0.8138888890306122 0.3342857138671875 0.8111111109693878 0.3157142861328125 0.7902777780612245 0.32 0.7888888890306122 0.337142857421875 0.8138888890306122 0.3342857138671875
3 0.830555556122449 0.47 0.8263888890306121 0.46 0.8097222219387755 0.462857142578125 0.8041666670918368 0.4685714287109375 0.8041666670918368 0.4857142861328125 0.8236111109693877 0.48 0.830555556122449 0.47
3 0.6972222219387755 0.8857142861328124 0.7 0.8757142861328125 0.6763888890306123 0.8642857138671876 0.6680555561224489 0.867142857421875 0.656944443877551 0.882857142578125 0.6583333329081632 0.8957142861328125 0.6763888890306123 0.8957142861328125 0.6972222219387755 0.8857142861328124
11 0.28333333290816326 0.9442857138671875 0.2777777780612245 0.952857142578125 0.26666666709183673 0.9542857138671875 0.21944444387755102 0.982857142578125 0.23888888903061226 0.98 0.3513888890306122 0.9342857138671875 0.37638888903061224 0.88 0.37361111096938776 0.8514285712890625 0.38888888903061225 0.7742857138671875 0.36111111096938775 0.782857142578125 0.331944443877551 0.8142857138671875 0.331944443877551 0.897142857421875 0.3097222219387755 0.9342857138671875 0.28333333290816326 0.9442857138671875