4 0.2639561875 0.3056640625 0.11901041666666666 0.2568359375 0.12296348333333333 0.2646484375 0.22837858958333335 0.359375 0.30743991875 0.3955078125 0.33906445 0.390625 0.4708333333333333 0.3173828125 0.4602918229166667 0.3056640625 0.39440738124999997 0.26953125 0.38781893749999996 0.271484375 0.36344169374999996 0.29833984375 0.34697058333333336 0.306640625 0.312710675 0.314453125 0.2639561875 0.3056640625
4 0.2786196833333333 0.5576171875 0.3617492583333333 0.5087890625 0.43828125 0.404296875 0.33008085 0.45703125 0.29709292291666667 0.46875 0.254868375 0.4775390625 0.21792189583333332 0.4736328125 0.17701686666666666 0.4453125 0.12291666666666666 0.4873046875 0.12291666666666666 0.4951171875 0.2786196833333333 0.5576171875
4 0.248146325 0.3935546875 0.23880208333333333 0.400390625 0.24280675833333334 0.40625 0.3148909125 0.4423828125 0.35627255625000004 0.4248046875 0.4083333333333333 0.375 0.36828658124999997 0.388671875 0.3269049375 0.3935546875 0.3108862375 0.3994140625 0.28952796875 0.3955078125 0.27350926875 0.3818359375 0.2668348104166667 0.3818359375 0.248146325 0.3935546875
4 0.5059895833333333 0.1953125 0.49932484583333336 0.1884765625 0.48066358124999997 0.181640625 0.44600694375 0.171875 0.4180150458333333 0.169921875 0.3633641979166667 0.1865234375 0.32737461458333333 0.2099609375 0.3260416666666667 0.2236328125 0.33937114166666665 0.228515625 0.35803240833333333 0.2265625 0.375360725 0.2529296875 0.3966878854166667 0.267578125 0.43267746874999996 0.271484375 0.4606693666666667 0.2626953125 0.4793306333333333 0.248046875 0.48866126458333337 0.2275390625 0.4899942125 0.2080078125 0.5033236875 0.201171875 0.5059895833333333 0.1953125
6 0.09271885625000001 0.3544921875 0.06717960833333333 0.390625 0.06045875416666667 0.408203125 0.05911458333333333 0.423828125 0.07255629166666666 0.4384765625 0.11691393125 0.458984375 0.14110900624999997 0.462890625 0.16261574166666665 0.4560546875 0.17605745 0.443359375 0.1921875 0.408203125 0.1921875 0.392578125 0.17336910833333335 0.3662109375 0.13035563958333332 0.3408203125 0.11153724791666667 0.3447265625 0.09271885625000001 0.3544921875
4 0.10956064375 0.51953125 0.10687396875 0.5048828125 0.11493399375 0.4873046875 0.10821730625 0.4814453125 0.08403723125 0.474609375 0.06926052083333332 0.4755859375 0.03567708333333333 0.5 0.03702042083333333 0.52734375 0.05314047083333333 0.5498046875 0.06657384583333333 0.556640625 0.10821730625 0.56640625 0.13508405625 0.5673828125 0.15792079166666667 0.560546875 0.16866749166666667 0.5517578125 0.17135416666666667 0.5400390625 0.15657745416666666 0.5166015625 0.14851742916666666 0.515625 0.12702403125 0.5234375 0.10956064375 0.51953125
4 0.5295634916666666 0.5322265625 0.5660590270833333 0.5361328125 0.5876860125000001 0.533203125 0.6174231145833333 0.517578125 0.6309399791666667 0.4970703125 0.6322916666666667 0.47265625 0.6147197416666667 0.4453125 0.5984995041666666 0.4443359375 0.51875 0.521484375 0.51875 0.52734375 0.5295634916666666 0.5322265625
7 0.6655539770833333 0.494140625 0.7 0.4951171875 0.7 0.46875 0.6696875 0.41015625 0.6627982958333334 0.408203125 0.6476420458333333 0.4130859375 0.62421875 0.4384765625 0.62421875 0.4599609375 0.63661931875 0.478515625 0.6655539770833333 0.494140625
4 0.8832241270833333 0.3759765625 0.88856686875 0.369140625 0.8671959 0.361328125 0.8685315854166666 0.3515625 0.8565104166666667 0.34375 0.8191112229166666 0.3408203125 0.7777049729166666 0.3515625 0.7576696916666666 0.3623046875 0.7349630375 0.388671875 0.7322916666666667 0.4130859375 0.73897009375 0.42578125 0.7603410625 0.439453125 0.7710265458333333 0.439453125 0.7790406583333334 0.447265625 0.7937331979166667 0.451171875 0.8378108208333334 0.4541015625 0.86318884375 0.44921875 0.8912382395833334 0.43359375 0.8979166666666667 0.421875 0.8952452958333333 0.3994140625 0.8832241270833333 0.3759765625
7 0.53193530625 0.3125 0.5278645833333333 0.33203125 0.5441474770833333 0.4169921875 0.5550027416666666 0.4228515625 0.5699287270833333 0.423828125 0.6187774125 0.4150390625 0.6309895833333333 0.404296875 0.6309895833333333 0.388671875 0.6147066895833333 0.3525390625 0.5970668854166666 0.3310546875 0.5685718208333334 0.306640625 0.54686129375 0.3046875 0.53193530625 0.3125
7 0.5761821166666666 0.30078125 0.6328359083333334 0.328125 0.65306940625 0.33203125 0.6733029020833333 0.322265625 0.6800474020833334 0.3046875 0.6921875 0.2119140625 0.6921875 0.193359375 0.6827452020833333 0.1806640625 0.6598139041666666 0.177734375 0.6368826083333333 0.189453125 0.5721354166666667 0.2822265625 0.5761821166666666 0.30078125
3 0.76910135625 0.2626953125 0.8060433208333334 0.2548828125 0.8183573083333333 0.2470703125 0.82109375 0.2392578125 0.8115162041666667 0.232421875 0.76910135625 0.2314453125 0.7348958333333333 0.2431640625 0.7403687166666667 0.255859375 0.7499462625 0.2607421875 0.76910135625 0.2626953125
11 0 0.93115615 0.0309922 0.9384765625 0.10905046041666666 0.91796875 0.17917059166666668 0.890625 0.26119791666666664 0.77734375 0.0032087520833333333 0.78125 0 0.78184211875 0 0.93115615
4 0.5916666666666667 0.5888671875 0.6064620916666666 0.59765625 0.6360529416666666 0.6044921875 0.66698883125 0.6044921875 0.6858193729166667 0.5986328125 0.7086850291666666 0.5830078125 0.7207903770833333 0.5625 0.7221354166666667 0.5361328125 0.7167552625 0.52734375 0.7059949520833333 0.521484375 0.59301170625 0.5830078125 0.5916666666666667 0.5888671875
4 0.5214533729166667 0.529296875 0.5660590270833333 0.5361328125 0.60390625 0.52734375 0.6255332333333333 0.5087890625 0.6322916666666667 0.4921875 0.6322916666666667 0.47265625 0.6174231145833333 0.447265625 0.6025545625 0.4423828125 0.5484871041666667 0.490234375 0.51875 0.521484375 0.5214533729166667 0.529296875
4 0.46296268124999995 0.435546875 0.45625 0.4384765625 0.45625 0.4453125 0.46430521874999997 0.4580078125 0.49384101875 0.474609375 0.5193492104166667 0.478515625 0.5488850125 0.474609375 0.5663379854166667 0.4677734375 0.5837909583333333 0.4541015625 0.59453125 0.431640625 0.5918461770833333 0.427734375 0.5381447208333333 0.42578125 0.46296268124999995 0.435546875
4 0.25340653125 0.5751953125 0.24661458333333333 0.580078125 0.25204814166666667 0.61328125 0.26019847916666666 0.623046875 0.27649915625 0.630859375 0.2941582208333333 0.6357421875 0.31860923333333335 0.634765625 0.3389850791666667 0.6298828125 0.3457770270833333 0.6240234375 0.34713541666666664 0.619140625 0.33762668958333336 0.6123046875 0.32132601250000004 0.607421875 0.26834881666666666 0.5771484375 0.25340653125 0.5751953125
10 0.06709418333333333 0.72265625 0.06421223958333333 0.7314453125 0.07574001666666666 0.74609375 0.08870876666666666 0.7451171875 0.10744140625 0.7265625 0.10311848958333333 0.7216796875 0.06709418333333333 0.72265625
1 0.9408854166666667 0.2373046875 0.9255661229166667 0.2265625 0.9046761770833334 0.224609375 0.8935348729166667 0.228515625 0.8768229166666667 0.2431640625 0.8810009062499999 0.255859375 0.91303215625 0.26171875 0.9381000895833334 0.2490234375 0.9408854166666667 0.2373046875
1 1 0.07340509843750001 0.9820486104166667 0.0771484375 0.9604340270833334 0.0927734375 0.9575520833333333 0.099609375 0.96475694375 0.1083984375 0.9878125 0.115234375 1 0.11339890781249999 1 0.07340509843750001
1 0.48515625 0.3935546875 0.471875 0.384765625 0.44973958333333336 0.3857421875 0.44973958333333336 0.4072265625 0.46006944375000003 0.416015625 0.4689236104166667 0.416015625 0.4822048604166667 0.4091796875 0.48515625 0.3935546875
1 0.7833333333333333 0.337890625 0.78054398125 0.3291015625 0.7582291666666666 0.318359375 0.7345196749999999 0.322265625 0.7205729166666667 0.3359375 0.7205729166666667 0.3486328125 0.7484664354166667 0.35546875 0.7665972229166667 0.3505859375 0.7833333333333333 0.337890625
1 0.4875 0.3017578125 0.4918692125 0.32421875 0.5122588729166666 0.3310546875 0.5268229166666667 0.314453125 0.5195408958333333 0.2998046875 0.50643325625 0.296875 0.4875 0.3017578125
3 0.5311979166666666 0.29296875 0.5370729166666667 0.2880859375 0.5385416666666667 0.2705078125 0.5223854166666667 0.2666015625 0.5076979166666666 0.2724609375 0.5018229166666667 0.27734375 0.5062291666666667 0.2890625 0.5165104166666666 0.294921875 0.5311979166666666 0.29296875
3 0.40182291666666664 0.5771484375 0.39752604166666666 0.5703125 0.35598958333333336 0.572265625 0.35598958333333336 0.583984375 0.36888020833333335 0.59375 0.383203125 0.595703125 0.39752604166666666 0.587890625 0.40182291666666664 0.5771484375
1 0.44609375 0.4814453125 0.44316907083333335 0.47265625 0.4300080125 0.466796875 0.41830929583333337 0.466796875 0.4080729166666667 0.4716796875 0.4124599354166667 0.4912109375 0.42562099375 0.498046875 0.4387820520833333 0.4951171875 0.44609375 0.4814453125
1 0.246875 0.4150390625 0.246875 0.4091796875 0.238386825 0.40234375 0.2072635125 0.3994140625 0.19453125 0.40625 0.19736064166666667 0.4228515625 0.21292229791666667 0.4287109375 0.22989864791666664 0.4287109375 0.246875 0.4150390625
1 0.11666666666666667 0.466796875 0.11666666666666667 0.4599609375 0.08824404791666667 0.4462890625 0.076875 0.4462890625 0.06692708333333333 0.4521484375 0.06692708333333333 0.462890625 0.076875 0.4716796875 0.10103422708333333 0.474609375 0.11666666666666667 0.466796875
4 0.42567754375 0.6572265625 0.43371128333333336 0.650390625 0.4578125 0.5947265625 0.41630484791666666 0.5908203125 0.40693215416666667 0.61328125 0.3948815458333333 0.62109375 0.3065104166666667 0.6376953125 0.30784937291666664 0.6416015625 0.3761361541666667 0.658203125 0.42567754375 0.6572265625
4 0.34672985 0.71484375 0.41354166666666664 0.6923828125 0.3213413583333333 0.6796875 0.2999615770833334 0.66796875 0.29595286875 0.6533203125 0.28793545 0.6484375 0.25052083333333336 0.654296875 0.25586577916666664 0.671875 0.2865992145833333 0.7158203125 0.34672985 0.71484375
4 1 0.3834620609375 0.9875950729166667 0.3246650390625 0.9783647479166666 0.3139228515625 0.8372726520833333 0.2807197265625 0.8056258270833333 0.2787666015625 0.7634300604166667 0.3031806640625 0.7476066458333332 0.3178291015625 0.7304646166666667 0.3207587890625 0.719915675 0.3334541015625 0.6684895833333333 0.3715400390625 0.6737640541666666 0.4076728515625 0.7014550270833334 0.4799384765625 0.7014550270833334 0.4945869140625 0.71200396875 0.5004462890625 0.8280423270833333 0.5277900390625 0.8755125666666667 0.5336494140625 0.9540191104166666 0.491166015625 0.96122271875 0.4828681640625 0.99286954375 0.4633369140625 1 0.43957338281249997 1 0.3834620609375
7 0.77254901875 0.564453125 0.7768229166666667 0.544921875 0.7611519604166667 0.53125 0.7440563729166667 0.529296875 0.7369332104166666 0.5341796875 0.7283854166666667 0.572265625 0.7355085791666667 0.576171875 0.7511795333333333 0.576171875 0.77254901875 0.564453125
4 0.47190133333333334 0.796875 0.4786458333333333 0.7763671875 0.36398935 0.8232421875 0.35859375 0.830078125 0.40445634375 0.830078125 0.43008543958333334 0.82421875 0.4516678375 0.8134765625 0.47190133333333334 0.796875
4 0.36015625 0.8310546875 0.33028819375 0.837890625 0.25833333333333336 0.87109375 0.26104861041666666 0.8759765625 0.28820138958333336 0.876953125 0.3235 0.8681640625 0.35879861041666666 0.8447265625 0.36015625 0.8310546875
4 0.6723958333333333 0.669921875 0.7061879958333334 0.66796875 0.7237599208333333 0.6650390625 0.75079365 0.65234375 0.7697172625 0.640625 0.7791790666666666 0.6279296875 0.7859375 0.611328125 0.7832341270833333 0.599609375 0.7778273812500001 0.59765625 0.7589037708333334 0.607421875 0.6723958333333333 0.6611328125 0.6723958333333333 0.669921875
3 0.8396192520833333 0.533203125 0.81648706875 0.5419921875 0.8078125 0.5498046875 0.8078125 0.560546875 0.8309446833333334 0.5615234375 0.8482938208333334 0.552734375 0.8497395833333333 0.5390625 0.8396192520833333 0.533203125
4 0.43411458333333336 0.54296875 0.43411458333333336 0.556640625 0.4477222708333333 0.564453125 0.46949457083333335 0.5576171875 0.5280076291666667 0.5146484375 0.5307291666666667 0.498046875 0.5266468604166666 0.4873046875 0.5212037854166667 0.4833984375 0.4980707166666667 0.48046875 0.48174148958333335 0.4833984375 0.4436399645833333 0.5283203125 0.43411458333333336 0.54296875
10 0.6858039520833333 0.7998046875 0.7007144770833332 0.7978515625 0.715625 0.7783203125 0.7102029916666667 0.7666015625 0.68444845 0.7568359375 0.6275173604166666 0.755859375 0.6166733437499999 0.763671875 0.6098958333333333 0.775390625 0.6153178416666666 0.783203125 0.6858039520833333 0.7998046875
0 0.8945833333333333 0.3291015625 0.8885416666666667 0.3310546875 0.8915624999999999 0.3388671875 0.9081770833333334 0.34375 0.91875 0.341796875 0.9127083333333333 0.3310546875 0.8945833333333333 0.3291015625
0 0.8234946645833333 0.2919921875 0.802439025 0.29296875 0.7701537083333334 0.3046875 0.76875 0.3115234375 0.7813833833333333 0.3134765625 0.8178798270833333 0.3037109375 0.8263020833333333 0.294921875 0.8234946645833333 0.2919921875
2 0.017728364583333333 0.7705078125 0.02421875 0.7666015625 0.02421875 0.755859375 0.003125 0.755859375 0.003125 0.7685546875 0.017728364583333333 0.7705078125
0 0.13917410625 0.3427734375 0.1609375 0.33203125 0.15948660625000002 0.3232421875 0.1203125 0.326171875 0.12176339375 0.3330078125 0.13917410625 0.3427734375
4 0.7883748833333333 0.630859375 0.7856770833333333 0.63671875 0.8220973791666667 0.640625 0.9016824666666667 0.59765625 0.9057291666666667 0.572265625 0.8801000708333333 0.58203125 0.7883748833333333 0.630859375
3 1 0.3883116796875 0.9414737645833333 0.361328125 0.9318190583333333 0.361328125 0.9276813270833333 0.365234375 0.9263020833333333 0.3818359375 0.9359567895833333 0.404296875 0.9773341041666667 0.43359375 1 0.42887363125 1 0.3883116796875
3 0.9513020833333333 0.509765625 0.94855171875 0.490234375 0.9251736104166667 0.4580078125 0.9045458708333334 0.4619140625 0.87429185 0.4912109375 0.8729166666666667 0.5048828125 0.9059210520833333 0.521484375 0.9389254395833333 0.517578125 0.9513020833333333 0.509765625
7 0.54375 0.6123046875 0.527367425 0.583984375 0.5014283458333334 0.58203125 0.4905066291666667 0.5869140625 0.4563762625 0.6396484375 0.45364583333333336 0.65234375 0.4659327645833333 0.662109375 0.49596748749999997 0.65234375 0.54375 0.6123046875
2 0.8684370979166667 0.4798916015625 0.89427734375 0.47531933593750003 0.884918325 0.4658203125 0.8698352958333333 0.4658203125 0.8638020833333333 0.4697265625 0.8684370979166667 0.4798916015625
6 0.7663302000000001 0.037109375 0.7596354166666667 0.04296875 0.76766915625 0.0693359375 0.7904314166666667 0.103515625 0.81185471875 0.1142578125 0.8480065458333333 0.1005859375 0.87880254375 0.0830078125 0.9002258479166667 0.068359375 0.9109375 0.05078125 0.90959854375 0.0439453125 0.8948700229166667 0.0361328125 0.8654129791666667 0.03125 0.8131936770833333 0.0302734375 0.7663302000000001 0.037109375
2 0.08559484583333334 0.8681640625 0.08255208333333333 0.8759765625 0.08711622708333334 0.8798828125 0.0977659 0.880859375 0.11145833333333334 0.875 0.10689418958333333 0.8662109375 0.08559484583333334 0.8681640625
3 0.9395833333333333 0.544921875 0.9381770833333333 0.5390625 0.9170833333333334 0.525390625 0.9044270833333333 0.5263671875 0.8861458333333334 0.541015625 0.8833333333333333 0.552734375 0.8959895833333333 0.55859375 0.9198958333333334 0.5576171875 0.9395833333333333 0.544921875
6 0.6856770833333333 0.1533203125 0.6828348208333334 0.1435546875 0.67004464375 0.1376953125 0.6544122020833334 0.13671875 0.63735863125 0.14453125 0.6359375 0.154296875 0.6487276791666667 0.1748046875 0.67004464375 0.1689453125 0.6856770833333333 0.1533203125
10 0.7169270833333333 0.7333984375 0.7101461041666667 0.681640625 0.6830221854166666 0.685546875 0.66403544375 0.701171875 0.6260619583333333 0.7197265625 0.6125 0.751953125 0.6870907729166666 0.7548828125 0.6992965375 0.7509765625 0.7169270833333333 0.7333984375
10 0.5306124291666666 0.806640625 0.5265625 0.8134765625 0.5549119979166667 0.8271484375 0.5738116625 0.841796875 0.5886613979166667 0.84765625 0.6048611104166667 0.8486328125 0.6210608229166666 0.83984375 0.6440104166666667 0.79296875 0.6251107520833333 0.791015625 0.6237607749999999 0.7861328125 0.6089110395833334 0.78125 0.5954112791666667 0.78125 0.5306124291666666 0.806640625
2 0.14980654791666667 0.7060546875 0.16614583333333333 0.6943359375 0.16342261875 0.685546875 0.15389136875 0.681640625 0.07083333333333333 0.6767578125 0.08989583333333333 0.720703125 0.09942708333333333 0.720703125 0.11576636874999999 0.7099609375 0.14980654791666667 0.7060546875
0 1 0.15712780937499998 0.9776041666666667 0.154296875 0.9203431375 0.173828125 0.9080729166666667 0.1953125 0.9094362749999999 0.21484375 1 0.16740145 1 0.15712780937499998
0 0.8185664270833333 0.1396484375 0.863789275 0.12890625 0.8692708333333333 0.111328125 0.8610484979166666 0.1083984375 0.8267887645833334 0.1171875 0.81171448125 0.1171875 0.7870474729166667 0.1279296875 0.7856770833333333 0.1357421875 0.7911586416666666 0.1416015625 0.8185664270833333 0.1396484375
4 0.27931681666666663 0.853515625 0.2913734041666666 0.85546875 0.40926004166666663 0.8046875 0.4213166291666666 0.7978515625 0.42265625 0.7900390625 0.4172977666666667 0.78515625 0.36773179375 0.76953125 0.292713025 0.798828125 0.2806564375 0.810546875 0.27395833333333336 0.845703125 0.27931681666666663 0.853515625
0 0.5145141625 0.73293359375 0.5148484 0.743671875 0.49738932291666665 0.7543076171875 0.5010733625 0.7599716796875 0.5311354166666666 0.747109375 0.5249483104166667 0.733658203125 0.5145141625 0.73293359375
2 0.51390625 0.724609375 0.528125 0.71875 0.5233854166666666 0.712890625 0.50600694375 0.7138671875 0.5044270833333333 0.71875 0.51390625 0.724609375
8 0.5589120375000001 0.7763671875 0.56328125 0.7685546875 0.5589120375000001 0.7607421875 0.5458043979166667 0.7587890625 0.5283275458333333 0.763671875 0.5239583333333333 0.771484375 0.5341531645833334 0.7783203125 0.54871720625 0.78125 0.5589120375000001 0.7763671875
3 0.9547002041666667 0.6357421875 0.9406631104166667 0.6337890625 0.905570375 0.6435546875 0.9041666666666667 0.654296875 0.9266260166666667 0.658203125 0.9448742375 0.654296875 0.96171875 0.642578125 0.9547002041666667 0.6357421875
11 0.8006458333333334 0.71484375 0.7173333333333333 0.736328125 0.6958333333333333 0.7529296875 0.6998645833333333 0.7578125 0.8140833333333333 0.80078125 0.8302083333333333 0.7822265625 0.8261770833333333 0.7646484375 0.8006458333333334 0.71484375
2 0.04348958333333333 0.8828125 0.04348958333333333 0.890625 0.05586703333333333 0.892578125 0.06669730416666667 0.888671875 0.06979166666666667 0.87890625 0.05741421666666667 0.875 0.04348958333333333 0.8828125
2 0.14505208333333333 0.83203125 0.148582175 0.83984375 0.1609375 0.8359375 0.15917245416666667 0.830078125 0.14505208333333333 0.83203125
2 0.11510416666666666 0.8369140625 0.11662554791666667 0.8427734375 0.12879659999999998 0.84765625 0.13792488958333332 0.8486328125 0.14401041666666667 0.84375 0.14096765416666665 0.8359375 0.11510416666666666 0.8369140625
9 0.23307291666666666 0.6025390625 0.24162071041666666 0.583984375 0.25729166666666664 0.5703125 0.25729166666666664 0.5634765625 0.24874387291666666 0.5625 0.24019607916666666 0.5712890625 0.20885416666666667 0.5849609375 0.21027880000000002 0.599609375 0.21882659375 0.603515625 0.23307291666666666 0.6025390625
9 0.21741452916666668 0.65625 0.22727697708333333 0.65625 0.23854834374999997 0.650390625 0.24277510624999998 0.638671875 0.2610910791666667 0.6259765625 0.2625 0.619140625 0.25686431666666665 0.6162109375 0.23925280416666667 0.62744140625 0.210369925 0.6357421875 0.20755208333333333 0.650390625 0.21741452916666668 0.65625
9 0.39989919375 0.5546875 0.38984375 0.56640625 0.394153225 0.5703125 0.40277217708333335 0.5693359375 0.40708165416666664 0.5634765625 0.430065525 0.556640625 0.434375 0.5517578125 0.434375 0.5439453125 0.4228830645833333 0.5361328125 0.40708165416666664 0.5361328125 0.39989919375 0.54296875 0.39989919375 0.5546875
9 0.56328125 0.71484375 0.5486981708333333 0.708984375 0.5326567833333333 0.7109375 0.5307011916666666 0.7218544921875 0.5349988250000001 0.7291943359374999 0.52438671875 0.739029296875 0.5286595604166666 0.7445966796875 0.56328125 0.728515625 0.56328125 0.71484375
9 0.6465625 0.6787109375 0.6450520833333333 0.685546875 0.6571354166666666 0.6865234375 0.6692187500000001 0.6845703125 0.6752604166666667 0.6748046875 0.6646875 0.6708984375 0.6465625 0.6787109375
9 0.8892663041666666 0.6123046875 0.8833333333333333 0.6201171875 0.8966825187499999 0.623046875 0.9129981875 0.6162109375 0.9174479166666667 0.6083984375 0.905581975 0.6064453125 0.8892663041666666 0.6123046875
9 1 0.621190015625 0.9849305562499999 0.623046875 0.97484375 0.6318359375 0.9575520833333333 0.63671875 0.9575520833333333 0.640625 0.96475694375 0.6435546875 0.9863715270833333 0.63671875 1 0.637642365625 1 0.621190015625
9 0.8186011895833333 0.2373046875 0.8502604166666666 0.216796875 0.8736607145833334 0.2158203125 0.8888020833333333 0.2041015625 0.8888020833333333 0.1923828125 0.8750372020833334 0.1826171875 0.8488839291666667 0.1875 0.8420014874999999 0.20703125 0.81171875 0.23046875 0.8186011895833333 0.2373046875
9 0.4979166666666667 0.185546875 0.5035125979166667 0.193359375 0.5272953 0.1796875 0.5496790208333333 0.17578125 0.5580729166666667 0.1650390625 0.5552749520833333 0.154296875 0.5440830916666666 0.1474609375 0.5286942833333333 0.1474609375 0.5161034395833333 0.1552734375 0.513305475 0.171875 0.4979166666666667 0.185546875
9 0.4651803854166667 0.2802734375 0.44973958333333336 0.296875 0.45254700208333337 0.3037109375 0.46237296666666666 0.30078125 0.4834286083333333 0.28125 0.49886941041666666 0.279296875 0.5072916666666667 0.2705078125 0.5058879583333333 0.2578125 0.49325457291666663 0.25 0.4778137708333333 0.2509765625 0.4651803854166667 0.26171875 0.4651803854166667 0.2802734375
9 0.07112403125000001 0.35546875 0.08231589166666667 0.357421875 0.0977047 0.34765625 0.12568435 0.3388671875 0.12708333333333333 0.3330078125 0.11868943750000001 0.330078125 0.09910368124999999 0.3369140625 0.07532097916666666 0.330078125 0.06692708333333333 0.3359375 0.06692708333333333 0.3505859375 0.07112403125000001 0.35546875
9 0.7457932687500001 0.16796875 0.76514423125 0.16796875 0.7789663458333334 0.158203125 0.7983173083333334 0.1240234375 0.809375 0.1162109375 0.7955528854166667 0.1142578125 0.7720552875000001 0.134765625 0.7485576916666666 0.13671875 0.7375 0.1455078125 0.7375 0.162109375 0.7457932687500001 0.16796875
9 0.86640625 0.11328125 0.87194138125 0.1162109375 0.8982332520833333 0.1005859375 0.90791973125 0.103515625 0.9245251229166667 0.1015625 0.9369791666666667 0.0908203125 0.9342116020833333 0.07421875 0.92175755625 0.068359375 0.9010008166666666 0.0703125 0.8871629895833333 0.0888671875 0.86640625 0.10546875 0.86640625 0.11328125
2 0.7624526520833333 0.4521484375 0.7557291666666667 0.4609375 0.7691761354166666 0.462890625 0.77421875 0.4580078125 0.7624526520833333 0.4521484375