8 0.6517083333333333 0.33999999999999997 0.6469728770833334 0.323 0.6354724833333333 0.305 0.6192366354166666 0.29100000000000004 0.5982653291666666 0.28700000000000003 0.5833824687500001 0.294 0.5678231125 0.288 0.5522637583333334 0.266 0.5333219333333333 0.251 0.5204685541666667 0.252 0.5082916666666667 0.267 0.5082916666666667 0.28700000000000003 0.5157330979166667 0.303 0.5360279083333332 0.323 0.5495577833333333 0.29700000000000004 0.5590286958333334 0.288 0.57120558125 0.304 0.5617346708333333 0.34199999999999997 0.5617346708333333 0.346 0.57120558125 0.353 0.6395314458333333 0.362 0.6510318395833333 0.35 0.6517083333333333 0.33999999999999997
11 1 0.16514853125 0.9700783229166666 0.177 0.9572863916666667 0.187 0.941801425 0.189 0.8610102854166667 0.22599999999999998 0.787625 0.264 0.7889715187499999 0.274 0.7970506333333333 0.27999999999999997 0.9404549041666667 0.366 0.9579596520833333 0.373 0.9673852854166667 0.34500000000000003 0.9694050625 0.322 0.9754643979166667 0.307 0.9889295895833333 0.23900000000000002 1 0.20127780468749998 1 0.16514853125
0 0.6602916666666666 0.45999999999999996 0.6610162041666666 0.46799999999999997 0.668261575 0.47800000000000004 0.67768055625 0.484 0.686375 0.47800000000000004 0.6791296291666666 0.46799999999999997 0.6602916666666666 0.45999999999999996
0 0.76428819375 0.28700000000000003 0.75750694375 0.273 0.7484652770833333 0.274 0.7469583333333334 0.28300000000000003 0.7544930562500001 0.303 0.7597673604166667 0.305 0.7650416666666667 0.298 0.76428819375 0.28700000000000003
0 0.5514490750000001 0.213 0.5603750000000001 0.20099999999999998 0.5551682104166668 0.195 0.5402916666666666 0.20299999999999999 0.543266975 0.21200000000000002 0.5514490750000001 0.213
7 0.7055540125 0.188 0.6958842583333333 0.184 0.6869583333333333 0.189 0.6914212958333333 0.21800000000000003 0.69885956875 0.22400000000000003 0.7048101854166667 0.22200000000000003 0.7070416666666667 0.21600000000000003 0.7055540125 0.188
2 0.48895833333333333 0.673 0.48981439374999997 0.679 0.4932386354166667 0.682 0.4966628791666666 0.682 0.498375 0.6809999999999999 0.498375 0.673 0.4975189395833333 0.671 0.49409469791666666 0.6679999999999999 0.49152651458333335 0.669 0.49152651458333335 0.67 0.48895833333333333 0.673
2 0.44762500000000005 0.6719999999999999 0.44848106041666663 0.6769999999999999 0.45019318125 0.679 0.4553295458333333 0.6799999999999999 0.4570416666666667 0.6769999999999999 0.45618560625 0.6759999999999999 0.45618560625 0.671 0.4553295458333333 0.669 0.45190530208333335 0.667 0.45019318125 0.667 0.44848106041666663 0.669 0.44762500000000005 0.6719999999999999
8 0.78888051875 0.771 0.7603010479166666 0.8 0.7269583333333334 0.82 0.7269583333333334 0.841 0.7317215791666667 0.8619999999999999 0.7364848229166667 0.867 0.7446503854166667 0.867 0.7779931020833334 0.858 0.8120162812499999 0.842 0.824264625 0.8320000000000001 0.8297083333333333 0.8130000000000001 0.8235841604166667 0.791 0.8147381354166666 0.773 0.8018093270833333 0.764 0.78888051875 0.771
8 0.7525168916666666 0.5519999999999999 0.7476531541666667 0.563 0.7469583333333334 0.591 0.7587702708333333 0.642 0.77058220625 0.654 0.7851734229166667 0.6519999999999999 0.79420608125 0.639 0.7969853604166667 0.626 0.7983750000000001 0.584 0.7914268020833333 0.5599999999999999 0.7837837833333333 0.5519999999999999 0.7747511270833333 0.554 0.7608547291666666 0.548 0.7525168916666666 0.5519999999999999
8 0.45067542083333334 0.125 0.44246533541666666 0.135 0.42467682083333336 0.174 0.4103091729166667 0.215 0.409625 0.223 0.41373004166666666 0.233 0.4287818625 0.24500000000000002 0.43904446874999997 0.248 0.46025385208333336 0.215 0.486936625 0.20299999999999999 0.49104166666666665 0.195 0.49104166666666665 0.179 0.48146323541666664 0.153 0.47325315208333335 0.141 0.45956967708333335 0.127 0.45067542083333334 0.125
8 0.33371846875 0.188 0.3156531541666666 0.207 0.31495833333333334 0.22799999999999998 0.3212117125 0.24 0.3267702708333333 0.244 0.35386824375 0.24700000000000003 0.36290089999999997 0.244 0.366375 0.23900000000000002 0.366375 0.221 0.3615112604166667 0.205 0.35525788333333336 0.19 0.34414076666666665 0.178 0.33163400833333334 0.177 0.33371846875 0.188
5 0.5716527770833333 0.36 0.56843055625 0.361 0.5676249999999999 0.364 0.5676249999999999 0.38 0.5716527770833333 0.387 0.574875 0.389 0.5764861104166666 0.389 0.5789027770833334 0.385 0.5797083333333333 0.369 0.5772916666666668 0.365 0.5772916666666668 0.364 0.5764861104166666 0.364 0.574875 0.362 0.5716527770833333 0.36
5 0.9744330520833333 0.132 0.9923749999999999 0.1 0.99099485 0.094 0.9716727520833334 0.077 0.9551109541666667 0.05500000000000001 0.95097050625 0.05600000000000001 0.9316484083333333 0.086 0.9309583333333333 0.092 0.9661521541666667 0.133 0.9744330520833333 0.132
0 0.38040064166666665 0.094 0.386161325 0.092 0.3890416666666667 0.076 0.3854412395833334 0.065 0.37175961458333334 0.068 0.36599893125 0.062 0.3609583333333333 0.063 0.363838675 0.079 0.37031944375 0.088 0.38040064166666665 0.094
7 0.31373516875 0.27799999999999997 0.32637076249999997 0.281 0.33970833333333333 0.271 0.33549646875 0.264 0.32356285208333335 0.258 0.3088213270833334 0.24300000000000002 0.30039759791666665 0.24500000000000002 0.2982916666666667 0.251 0.2996956208333333 0.261 0.31373516875 0.27799999999999997
7 0.42423774583333335 0.24300000000000002 0.41461846458333335 0.23500000000000001 0.4070604583333333 0.22000000000000003 0.40431209166666665 0.22400000000000003 0.403625 0.23900000000000002 0.4063733666666666 0.254 0.41324428125 0.279 0.4221764708333334 0.29500000000000004 0.4311086604166666 0.307 0.44553758125 0.318 0.4613406854166667 0.32599999999999996 0.46752451041666665 0.32599999999999996 0.470272875 0.323 0.47370833333333334 0.314 0.46683741875 0.298 0.42423774583333335 0.24300000000000002
2 0.47629166666666667 0.779 0.47721874999999997 0.7809999999999999 0.48278125000000005 0.782 0.48370833333333335 0.7809999999999999 0.48370833333333335 0.773 0.48185416666666664 0.77 0.47721874999999997 0.769 0.47721874999999997 0.772 0.47629166666666667 0.773 0.47629166666666667 0.779
0 0.7814027770833333 0.517 0.7747777770833333 0.52 0.7703611104166667 0.526 0.769625 0.529 0.769625 0.534 0.7718333333333334 0.5389999999999999 0.7777222229166667 0.546 0.7836111104166666 0.549 0.7865555562500001 0.5469999999999999 0.7902361104166666 0.541 0.7917083333333333 0.5349999999999999 0.7917083333333333 0.525 0.7895 0.519 0.7865555562500001 0.517 0.7814027770833333 0.517
4 0.9179488645833334 0.517 0.9172348479166667 0.516 0.9065246208333334 0.519 0.8943863645833333 0.526 0.8929583333333333 0.529 0.8936723479166666 0.53 0.8936723479166666 0.533 0.8979564395833334 0.5389999999999999 0.9022405312499999 0.5429999999999999 0.904382575 0.5429999999999999 0.9122367416666666 0.5469999999999999 0.9165208333333333 0.545 0.924375 0.5309999999999999 0.924375 0.524 0.9200909083333334 0.517 0.9179488645833334 0.517
5 0.9341079062500001 0.616 0.93194765 0.608 0.9326677354166667 0.607 0.9290673083333334 0.604 0.9290673083333334 0.603 0.9276271375 0.602 0.9146655979166667 0.602 0.9103450854166667 0.608 0.9103450854166667 0.611 0.909625 0.612 0.909625 0.623 0.91610576875 0.642 0.9189861104166667 0.644 0.9240267104166667 0.643 0.9269070520833333 0.641 0.93194765 0.634 0.9348279916666667 0.632 0.9369882479166667 0.628 0.9377083333333334 0.623 0.9341079062500001 0.616
11 1 0.61066064375 0.98269444375 0.595 0.96637393125 0.5860000000000001 0.9554935895833334 0.584 0.9276127145833333 0.568 0.8942916666666666 0.5549999999999999 0.9262526708333334 0.774 0.9310128208333333 0.78 0.9588936958333334 0.739 0.9718141020833334 0.7030000000000001 1 0.6595777125 1 0.658448546875 0.9983349354166666 0.6559999999999999 1 0.6502867234374999 1 0.61066064375
3 0.5340647166666667 0.429 0.5390416666666666 0.42400000000000004 0.53761968125 0.414 0.5297987583333333 0.404 0.5084689708333333 0.40599999999999997 0.505625 0.41600000000000004 0.5134459229166667 0.42400000000000004 0.5262437937500001 0.429 0.5340647166666667 0.429
0 0.35215948333333336 0.364 0.354375 0.357 0.35289798749999995 0.34700000000000003 0.34551293125 0.344 0.33591235625 0.34900000000000003 0.3329583333333333 0.355 0.3381278729166667 0.372 0.34255890833333336 0.374 0.35215948333333336 0.364
3 0.4490416666666667 0.33999999999999997 0.4483229166666666 0.339 0.4483229166666666 0.33599999999999997 0.44616666666666666 0.32799999999999996 0.4432916666666667 0.324 0.4389791666666667 0.321 0.43466666666666665 0.321 0.4224479166666667 0.329 0.42101041666666666 0.331 0.4202916666666667 0.333 0.42101041666666666 0.33799999999999997 0.4224479166666667 0.341 0.42532291666666666 0.343 0.42985104166666666 0.343584 0.4361041666666667 0.348 0.4404166666666667 0.348 0.44113541666666667 0.34900000000000003 0.44544791666666667 0.34900000000000003 0.44760416666666664 0.348 0.4490416666666667 0.346 0.4490416666666667 0.33999999999999997
11 0.36687064583333334 0.461 0.37437499999999996 0.353 0.33003109375 0.32999999999999996 0.2829583333333333 0.312 0.29078742083333337 0.368718 0.3041069645833333 0.354 0.314340175 0.351 0.3204801 0.361 0.32389116875 0.375 0.32184452708333333 0.388 0.3122935333333333 0.393 0.30001368125 0.40800000000000003 0.29933146666666666 0.41900000000000004 0.3027425375 0.42699999999999994 0.3191156708333333 0.43899999999999995 0.36687064583333334 0.461
11 0.2810416666666667 0.309 0.27965559166666665 0.302 0.23530116041666668 0.23900000000000002 0.23114293333333333 0.24 0.22906381874999998 0.255 0.22629166666666667 0.306 0.2505479958333333 0.352 0.26718090625 0.363 0.2810416666666667 0.309
0 0.5929744625000001 0.23500000000000001 0.5929744625000001 0.23199999999999998 0.5915067208333333 0.22799999999999998 0.58710349375 0.223 0.58490188125 0.22200000000000003 0.5819663979166666 0.22200000000000003 0.5738938166666667 0.22799999999999998 0.5716922041666667 0.23199999999999998 0.5709583333333333 0.23500000000000001 0.5709583333333333 0.244 0.5731599458333334 0.24700000000000003 0.5753615583333332 0.248 0.5790309145833333 0.248 0.5797647854166667 0.24900000000000003 0.5893051083333333 0.24900000000000003 0.59077285 0.248 0.5929744625000001 0.244 0.5937083333333334 0.24100000000000002 0.5937083333333334 0.236 0.5929744625000001 0.23500000000000001
0 0.6468828625 0.22799999999999998 0.6447649375 0.231 0.6398231125 0.23399999999999999 0.6264095916666667 0.236 0.6249976416666667 0.238 0.6242916666666667 0.24 0.6257036166666666 0.246 0.6405290874999999 0.274 0.6454709125 0.27599999999999997 0.6539426104166667 0.274 0.6567665104166667 0.272 0.6610023583333333 0.266 0.6617083333333333 0.261 0.6567665104166667 0.248 0.6546485854166666 0.233 0.6511187104166667 0.227 0.6468828625 0.22799999999999998
8 0.6410244916666666 0.005 0.6294208020833333 0.005 0.6171345416666667 0.015 0.5871014625 0.073 0.5809583333333334 0.092 0.5823234729166666 0.11499999999999999 0.5918794520833334 0.134 0.6137216916666667 0.15 0.6266905208333333 0.154 0.6430722000000001 0.154 0.6574061708333333 0.144 0.6642318708333333 0.133 0.6703749999999999 0.10800000000000001 0.6696924291666666 0.079 0.6615015895833333 0.04 0.6546758895833332 0.020999999999999998 0.6410244916666666 0.005
10 0.38300568125 0.608 0.38229166666666664 0.615 0.38371969791666666 0.642 0.38728977291666666 0.65 0.3915738645833333 0.654 0.39728598541666665 0.654 0.40085606041666666 0.6519999999999999 0.41370833333333334 0.638 0.41299431875 0.63 0.4037121208333333 0.617 0.3880037875 0.605 0.38443371249999997 0.606 0.38300568125 0.608
11 0.38604749374999997 0.5690000000000001 0.39422231874999997 0.588 0.3989909666666666 0.591 0.42079050208333335 0.5940000000000001 0.46370833333333333 0.591 0.3758289625 0.47400000000000003 0.3662916666666666 0.466 0.3703790791666667 0.5509999999999999 0.3758289625 0.568 0.38604749374999997 0.5690000000000001
3 0.28474679583333334 0.24700000000000003 0.29410790625 0.248 0.29770833333333335 0.24 0.29770833333333335 0.22999999999999998 0.2926677354166667 0.21600000000000003 0.278266025 0.20400000000000001 0.27034508541666663 0.20600000000000002 0.26962499999999995 0.22400000000000003 0.2739455125 0.23399999999999999 0.28474679583333334 0.24700000000000003