8 0.6506666666666666 0.33999999999999997 0.646 0.323 0.6346666666666666 0.305 0.6186666666666666 0.29100000000000004 0.5980000000000001 0.28700000000000003 0.5833333333333334 0.294 0.568 0.288 0.5526666666666666 0.266 0.534 0.251 0.5213333333333333 0.252 0.5093333333333333 0.267 0.5093333333333333 0.28700000000000003 0.5166666666666667 0.303 0.5366666666666667 0.323 0.55 0.29700000000000004 0.5593333333333333 0.288 0.5713333333333334 0.304 0.5619999999999999 0.34199999999999997 0.5619999999999999 0.346 0.5713333333333334 0.353 0.6386666666666667 0.362 0.65 0.35 0.6506666666666666 0.33999999999999997
11 0.9566666666666667 0.187 0.9413333333333332 0.189 0.8613333333333333 0.22599999999999998 0.7886666666666666 0.264 0.7899999999999999 0.274 0.798 0.27999999999999997 0.94 0.366 0.9573333333333333 0.373 0.9666666666666667 0.34500000000000003 0.9686666666666667 0.322 0.9746666666666666 0.307 0.988 0.23900000000000002 0.9993333333333333 0.2 0.9993333333333333 0.16499999999999998 0.9693333333333333 0.177 0.9566666666666667 0.187
0 0.6613333333333333 0.45999999999999996 0.662 0.46799999999999997 0.6686666666666666 0.47800000000000004 0.6773333333333333 0.484 0.6853333333333332 0.47800000000000004 0.6786666666666666 0.46799999999999997 0.6613333333333333 0.45999999999999996
0 0.7633333333333333 0.28700000000000003 0.7573333333333333 0.273 0.7493333333333333 0.274 0.748 0.28300000000000003 0.7546666666666667 0.303 0.7593333333333334 0.305 0.764 0.298 0.7633333333333333 0.28700000000000003
0 0.5513333333333333 0.213 0.5593333333333333 0.20099999999999998 0.5546666666666666 0.195 0.5413333333333333 0.20299999999999999 0.544 0.21200000000000002 0.5513333333333333 0.213
7 0.7046666666666667 0.188 0.696 0.184 0.6880000000000001 0.189 0.6920000000000001 0.21800000000000003 0.6986666666666667 0.22400000000000003 0.7040000000000001 0.22200000000000003 0.706 0.21600000000000003 0.7046666666666667 0.188
2 0.49 0.673 0.4906666666666667 0.679 0.49333333333333335 0.682 0.49600000000000005 0.682 0.49733333333333335 0.6809999999999999 0.49733333333333335 0.673 0.4966666666666667 0.671 0.494 0.6679999999999999 0.492 0.669 0.492 0.67 0.49 0.673
2 0.4486666666666667 0.6719999999999999 0.44933333333333336 0.6769999999999999 0.45066666666666666 0.679 0.45466666666666666 0.6799999999999999 0.456 0.6769999999999999 0.4553333333333333 0.6759999999999999 0.4553333333333333 0.671 0.45466666666666666 0.669 0.452 0.667 0.45066666666666666 0.667 0.44933333333333336 0.669 0.4486666666666667 0.6719999999999999
8 0.7886666666666666 0.771 0.7606666666666667 0.8 0.728 0.82 0.728 0.841 0.7326666666666667 0.8619999999999999 0.7373333333333334 0.867 0.7453333333333333 0.867 0.778 0.858 0.8113333333333334 0.842 0.8233333333333334 0.8320000000000001 0.8286666666666667 0.8130000000000001 0.8226666666666667 0.791 0.8140000000000001 0.773 0.8013333333333333 0.764 0.7886666666666666 0.771
8 0.7533333333333334 0.5519999999999999 0.7486666666666667 0.563 0.748 0.591 0.7593333333333334 0.642 0.7706666666666667 0.654 0.7846666666666666 0.6519999999999999 0.7933333333333333 0.639 0.7959999999999999 0.626 0.7973333333333333 0.584 0.7906666666666666 0.5599999999999999 0.7833333333333333 0.5519999999999999 0.7746666666666666 0.554 0.7613333333333333 0.548 0.7533333333333334 0.5519999999999999
8 0.45066666666666666 0.125 0.44266666666666665 0.135 0.42533333333333334 0.174 0.41133333333333333 0.215 0.4106666666666667 0.223 0.41466666666666663 0.233 0.42933333333333334 0.24500000000000002 0.4393333333333333 0.248 0.46 0.215 0.486 0.20299999999999999 0.49 0.195 0.49 0.179 0.4806666666666667 0.153 0.4726666666666667 0.141 0.4593333333333333 0.127 0.45066666666666666 0.125
8 0.33399999999999996 0.188 0.31666666666666665 0.207 0.316 0.22799999999999998 0.322 0.24 0.32733333333333337 0.244 0.35333333333333333 0.24700000000000003 0.362 0.244 0.36533333333333334 0.23900000000000002 0.36533333333333334 0.221 0.3606666666666667 0.205 0.3546666666666667 0.19 0.34400000000000003 0.178 0.332 0.177 0.33399999999999996 0.188
5 0.572 0.36 0.5693333333333332 0.361 0.5686666666666667 0.364 0.5686666666666667 0.38 0.572 0.387 0.5746666666666667 0.389 0.5760000000000001 0.389 0.578 0.385 0.5786666666666667 0.369 0.5766666666666667 0.365 0.5766666666666667 0.364 0.5760000000000001 0.364 0.5746666666666667 0.362 0.572 0.36
5 0.974 0.132 0.9913333333333333 0.1 0.99 0.094 0.9713333333333334 0.077 0.9553333333333334 0.05500000000000001 0.9513333333333333 0.05600000000000001 0.9326666666666666 0.086 0.932 0.092 0.966 0.133 0.974 0.132
0 0.38 0.094 0.38533333333333336 0.092 0.388 0.076 0.38466666666666666 0.065 0.372 0.068 0.36666666666666664 0.062 0.362 0.063 0.36466666666666664 0.079 0.37066666666666664 0.088 0.38 0.094
7 0.314 0.27799999999999997 0.32599999999999996 0.281 0.33866666666666667 0.271 0.3346666666666666 0.264 0.3233333333333333 0.258 0.3093333333333333 0.24300000000000002 0.3013333333333333 0.24500000000000002 0.29933333333333334 0.251 0.30066666666666664 0.261 0.314 0.27799999999999997
7 0.4246666666666667 0.24300000000000002 0.4153333333333334 0.23500000000000001 0.40800000000000003 0.22000000000000003 0.4053333333333333 0.22400000000000003 0.4046666666666667 0.23900000000000002 0.4073333333333334 0.254 0.414 0.279 0.42266666666666663 0.29500000000000004 0.4313333333333333 0.307 0.4453333333333333 0.318 0.46066666666666667 0.32599999999999996 0.4666666666666667 0.32599999999999996 0.4693333333333333 0.323 0.4726666666666667 0.314 0.466 0.298 0.4246666666666667 0.24300000000000002
2 0.47733333333333333 0.779 0.478 0.7809999999999999 0.48200000000000004 0.782 0.4826666666666667 0.7809999999999999 0.4826666666666667 0.773 0.48133333333333334 0.77 0.478 0.769 0.478 0.772 0.47733333333333333 0.773 0.47733333333333333 0.779
0 0.7813333333333333 0.517 0.7753333333333334 0.52 0.7713333333333333 0.526 0.7706666666666667 0.529 0.7706666666666667 0.534 0.7726666666666666 0.5389999999999999 0.778 0.546 0.7833333333333333 0.549 0.7859999999999999 0.5469999999999999 0.7893333333333333 0.541 0.7906666666666666 0.5349999999999999 0.7906666666666666 0.525 0.7886666666666666 0.519 0.7859999999999999 0.517 0.7813333333333333 0.517
4 0.9173333333333333 0.517 0.9166666666666666 0.516 0.9066666666666666 0.519 0.8953333333333333 0.526 0.894 0.529 0.8946666666666666 0.53 0.8946666666666666 0.533 0.8986666666666667 0.5389999999999999 0.9026666666666666 0.5429999999999999 0.9046666666666667 0.5429999999999999 0.912 0.5469999999999999 0.916 0.545 0.9233333333333333 0.5309999999999999 0.9233333333333333 0.524 0.9193333333333332 0.517 0.9173333333333333 0.517
5 0.9333333333333333 0.616 0.9313333333333333 0.608 0.932 0.607 0.9286666666666666 0.604 0.9286666666666666 0.603 0.9273333333333333 0.602 0.9153333333333333 0.602 0.9113333333333333 0.608 0.9113333333333333 0.611 0.9106666666666666 0.612 0.9106666666666666 0.623 0.9166666666666666 0.642 0.9193333333333332 0.644 0.9239999999999999 0.643 0.9266666666666666 0.641 0.9313333333333333 0.634 0.9339999999999999 0.632 0.9359999999999999 0.628 0.9366666666666668 0.623 0.9333333333333333 0.616
11 0.928 0.568 0.8953333333333333 0.5549999999999999 0.9266666666666666 0.774 0.9313333333333333 0.78 0.9586666666666667 0.739 0.9713333333333334 0.7030000000000001 0.9993333333333333 0.659 0.9973333333333334 0.6559999999999999 0.9993333333333333 0.649 0.9993333333333333 0.611 0.982 0.595 0.966 0.5860000000000001 0.9553333333333334 0.584 0.928 0.568
3 0.5333333333333333 0.429 0.538 0.42400000000000004 0.5366666666666667 0.414 0.5293333333333333 0.404 0.5093333333333333 0.40599999999999997 0.5066666666666666 0.41600000000000004 0.514 0.42400000000000004 0.526 0.429 0.5333333333333333 0.429
0 0.35133333333333333 0.364 0.35333333333333333 0.357 0.35200000000000004 0.34700000000000003 0.3453333333333333 0.344 0.33666666666666667 0.34900000000000003 0.33399999999999996 0.355 0.33866666666666667 0.372 0.3426666666666666 0.374 0.35133333333333333 0.364
3 0.448 0.33999999999999997 0.4473333333333333 0.339 0.4473333333333333 0.33599999999999997 0.4453333333333333 0.32799999999999996 0.44266666666666665 0.324 0.43866666666666665 0.321 0.43466666666666665 0.321 0.4233333333333333 0.329 0.422 0.331 0.42133333333333334 0.333 0.422 0.33799999999999997 0.4233333333333333 0.341 0.426 0.343 0.4302 0.343584 0.436 0.348 0.44 0.348 0.4406666666666667 0.34900000000000003 0.44466666666666665 0.34900000000000003 0.44666666666666666 0.348 0.448 0.346 0.448 0.33999999999999997
11 0.366 0.461 0.3733333333333333 0.353 0.33 0.32999999999999996 0.284 0.312 0.29165066666666667 0.368718 0.3046666666666667 0.354 0.31466666666666665 0.351 0.32066666666666666 0.361 0.324 0.375 0.322 0.388 0.3126666666666667 0.393 0.30066666666666664 0.40800000000000003 0.3 0.41900000000000004 0.30333333333333334 0.42699999999999994 0.31933333333333336 0.43899999999999995 0.366 0.461
11 0.28 0.309 0.2786666666666667 0.302 0.23600000000000002 0.23900000000000002 0.232 0.24 0.23 0.255 0.22733333333333333 0.306 0.25066666666666665 0.352 0.26666666666666666 0.363 0.28 0.309
0 0.5920000000000001 0.23500000000000001 0.5920000000000001 0.23199999999999998 0.5906666666666667 0.22799999999999998 0.5866666666666667 0.223 0.5846666666666667 0.22200000000000003 0.5820000000000001 0.22200000000000003 0.5746666666666667 0.22799999999999998 0.5726666666666667 0.23199999999999998 0.572 0.23500000000000001 0.572 0.244 0.574 0.24700000000000003 0.5760000000000001 0.248 0.5793333333333333 0.248 0.58 0.24900000000000003 0.5886666666666667 0.24900000000000003 0.59 0.248 0.5920000000000001 0.244 0.5926666666666667 0.24100000000000002 0.5926666666666667 0.236 0.5920000000000001 0.23500000000000001
0 0.6466666666666666 0.22799999999999998 0.6446666666666666 0.231 0.64 0.23399999999999999 0.6273333333333333 0.236 0.626 0.238 0.6253333333333334 0.24 0.6266666666666667 0.246 0.6406666666666666 0.274 0.6453333333333333 0.27599999999999997 0.6533333333333334 0.274 0.656 0.272 0.66 0.266 0.6606666666666666 0.261 0.656 0.248 0.654 0.233 0.6506666666666666 0.227 0.6466666666666666 0.22799999999999998
8 0.6406666666666666 0.005 0.6293333333333333 0.005 0.6173333333333333 0.015 0.588 0.073 0.5820000000000001 0.092 0.5833333333333334 0.11499999999999999 0.5926666666666667 0.134 0.6140000000000001 0.15 0.6266666666666667 0.154 0.6426666666666667 0.154 0.6566666666666666 0.144 0.6633333333333333 0.133 0.6693333333333332 0.10800000000000001 0.6686666666666666 0.079 0.6606666666666666 0.04 0.654 0.020999999999999998 0.6406666666666666 0.005
10 0.384 0.608 0.38333333333333336 0.615 0.38466666666666666 0.642 0.388 0.65 0.392 0.654 0.3973333333333333 0.654 0.40066666666666667 0.6519999999999999 0.4126666666666667 0.638 0.412 0.63 0.4033333333333333 0.617 0.38866666666666666 0.605 0.38533333333333336 0.606 0.384 0.608
11 0.38666666666666666 0.5690000000000001 0.39466666666666667 0.588 0.3993333333333334 0.591 0.42066666666666663 0.5940000000000001 0.46266666666666667 0.591 0.3766666666666667 0.47400000000000003 0.36733333333333335 0.466 0.37133333333333335 0.5509999999999999 0.3766666666666667 0.568 0.38666666666666666 0.5690000000000001
3 0.2846666666666666 0.24700000000000003 0.29333333333333333 0.248 0.2966666666666667 0.24 0.2966666666666667 0.22999999999999998 0.292 0.21600000000000003 0.2786666666666667 0.20400000000000001 0.27133333333333337 0.20600000000000002 0.27066666666666667 0.22400000000000003 0.27466666666666667 0.23399999999999999 0.2846666666666666 0.24700000000000003