8 0.5499999999999999 0.297 0.5593333329081632 0.288 0.5713333329081633 0.304 0.562 0.342 0.562 0.346 0.5713333329081633 0.353 0.6386666670918367 0.362 0.65 0.35 0.6506666670918367 0.34 0.646 0.323 0.6346666670918367 0.305 0.6186666670918367 0.291 0.598 0.287 0.5833333329081632 0.294 0.5680000000000001 0.288 0.5526666670918368 0.266 0.534 0.251 0.5213333329081632 0.252 0.5093333329081633 0.267 0.5093333329081633 0.287 0.5166666670918367 0.303 0.5366666670918367 0.323 0.5499999999999999 0.297
11 0.9573333329081634 0.373 0.9666666670918368 0.345 0.9686666670918367 0.322 0.9746666670918368 0.307 0.988 0.239 0.9993333329081633 0.2 0.9993333329081633 0.165 0.9693333329081631 0.177 0.9566666670918367 0.187 0.9413333329081632 0.189 0.8613333329081633 0.226 0.7886666670918367 0.264 0.79 0.274 0.7979999999999999 0.28 0.9400000000000001 0.366 0.9573333329081634 0.373
0 0.6853333329081632 0.478 0.6786666670918367 0.468 0.6613333329081632 0.46 0.662 0.468 0.6686666670918366 0.478 0.6773333329081632 0.484 0.6853333329081632 0.478
0 0.764 0.298 0.7633333329081633 0.287 0.7573333329081633 0.273 0.7493333329081633 0.274 0.748 0.283 0.7546666670918368 0.303 0.7593333329081632 0.305 0.764 0.298
0 0.5546666670918368 0.195 0.5413333329081632 0.203 0.5439999999999999 0.212 0.5513333329081633 0.213 0.5593333329081632 0.201 0.5546666670918368 0.195
7 0.7060000000000001 0.216 0.7046666670918367 0.188 0.696 0.184 0.6880000000000001 0.189 0.6920000000000001 0.218 0.6986666670918368 0.224 0.7040000000000001 0.222 0.7060000000000001 0.216
2 0.4933333329081632 0.682 0.496 0.682 0.4973333329081633 0.681 0.4973333329081633 0.673 0.4966666670918367 0.671 0.494 0.668 0.492 0.669 0.492 0.67 0.49000000000000005 0.673 0.4906666670918367 0.679 0.4933333329081632 0.682
2 0.45466666709183673 0.68 0.456 0.677 0.45533333290816325 0.676 0.45533333290816325 0.671 0.45466666709183673 0.669 0.452 0.667 0.4506666670918368 0.667 0.44933333290816324 0.669 0.4486666670918367 0.672 0.44933333290816324 0.677 0.4506666670918368 0.679 0.45466666709183673 0.68
8 0.7453333329081632 0.867 0.778 0.858 0.8113333329081632 0.842 0.8233333329081632 0.832 0.8286666670918368 0.813 0.8226666670918368 0.791 0.8140000000000001 0.773 0.8013333329081632 0.764 0.7886666670918367 0.771 0.7606666670918367 0.8 0.728 0.82 0.728 0.841 0.7326666670918367 0.862 0.7373333329081633 0.867 0.7453333329081632 0.867
8 0.7846666670918367 0.652 0.7933333329081633 0.639 0.7959999999999999 0.626 0.7973333329081632 0.584 0.7906666670918368 0.56 0.7833333329081632 0.552 0.7746666670918367 0.554 0.7613333329081632 0.548 0.7533333329081633 0.552 0.7486666670918367 0.563 0.748 0.591 0.7593333329081632 0.642 0.7706666670918367 0.654 0.7846666670918367 0.652
8 0.4393333329081633 0.248 0.45999999999999996 0.215 0.486 0.203 0.49000000000000005 0.195 0.49000000000000005 0.179 0.48066666709183675 0.153 0.47266666709183675 0.141 0.45933333290816325 0.127 0.4506666670918368 0.125 0.4426666670918367 0.135 0.4253333329081633 0.174 0.4113333329081633 0.215 0.41066666709183675 0.223 0.4146666670918367 0.233 0.4293333329081633 0.245 0.4393333329081633 0.248
8 0.35333333290816327 0.247 0.362 0.244 0.3653333329081633 0.239 0.3653333329081633 0.221 0.36066666709183676 0.205 0.35466666709183675 0.19 0.34400000000000003 0.178 0.332 0.177 0.334 0.188 0.3166666670918368 0.207 0.316 0.228 0.322 0.24 0.32733333290816324 0.244 0.35333333290816327 0.247
5 0.5746666670918367 0.389 0.576 0.389 0.578 0.385 0.5786666670918368 0.369 0.5766666670918368 0.365 0.5766666670918368 0.364 0.576 0.364 0.5746666670918367 0.362 0.572 0.36 0.5693333329081632 0.361 0.5686666670918368 0.364 0.5686666670918368 0.38 0.572 0.387 0.5746666670918367 0.389
5 0.9913333329081633 0.1 0.99 0.094 0.9713333329081634 0.077 0.9553333329081632 0.055 0.9513333329081632 0.056 0.9326666670918367 0.086 0.9319999999999999 0.092 0.9660000000000001 0.133 0.974 0.132 0.9913333329081633 0.1
0 0.3853333329081633 0.092 0.388 0.076 0.3846666670918367 0.065 0.37200000000000005 0.068 0.3666666670918367 0.062 0.362 0.063 0.3646666670918367 0.079 0.3706666670918367 0.088 0.38 0.094 0.3853333329081633 0.092
7 0.326 0.281 0.3386666670918367 0.271 0.33466666709183673 0.264 0.3233333329081633 0.258 0.3093333329081633 0.243 0.3013333329081633 0.245 0.2993333329081633 0.251 0.30066666709183676 0.261 0.314 0.278 0.326 0.281
7 0.42266666709183676 0.295 0.4313333329081632 0.307 0.44533333290816324 0.318 0.46066666709183673 0.326 0.46666666709183674 0.326 0.46933333290816326 0.323 0.47266666709183675 0.314 0.46599999999999997 0.298 0.42466666709183676 0.243 0.41533333290816327 0.235 0.40800000000000003 0.22 0.4053333329081633 0.224 0.40466666709183674 0.239 0.40733333290816326 0.254 0.41400000000000003 0.279 0.42266666709183676 0.295
2 0.47800000000000004 0.781 0.482 0.782 0.4826666670918367 0.781 0.4826666670918367 0.773 0.48133333290816327 0.77 0.47800000000000004 0.769 0.47800000000000004 0.772 0.47733333290816327 0.773 0.47733333290816327 0.779 0.47800000000000004 0.781
0 0.778 0.546 0.7833333329081632 0.549 0.786 0.547 0.7893333329081632 0.541 0.7906666670918368 0.535 0.7906666670918368 0.525 0.7886666670918367 0.519 0.786 0.517 0.7813333329081633 0.517 0.7753333329081632 0.52 0.7713333329081632 0.526 0.7706666670918367 0.529 0.7706666670918367 0.534 0.7726666670918367 0.539 0.778 0.546
4 0.8986666670918367 0.539 0.9026666670918367 0.543 0.9046666670918366 0.543 0.912 0.547 0.916 0.545 0.9233333329081632 0.531 0.9233333329081632 0.524 0.9193333329081633 0.517 0.9173333329081633 0.517 0.9166666670918366 0.516 0.9066666670918367 0.519 0.8953333329081632 0.526 0.8939999999999999 0.529 0.8946666670918367 0.53 0.8946666670918367 0.533 0.8986666670918367 0.539
5 0.9166666670918366 0.642 0.9193333329081633 0.644 0.924 0.643 0.9266666670918368 0.641 0.9313333329081633 0.634 0.9339999999999999 0.632 0.9359999999999999 0.628 0.9366666670918368 0.623 0.9333333329081633 0.616 0.9313333329081633 0.608 0.9319999999999999 0.607 0.9286666670918367 0.604 0.9286666670918367 0.603 0.9273333329081632 0.602 0.9153333329081633 0.602 0.9113333329081632 0.608 0.9113333329081632 0.611 0.9106666670918367 0.612 0.9106666670918367 0.623 0.9166666670918366 0.642
11 0.9713333329081634 0.703 0.9993333329081633 0.659 0.9973333329081632 0.656 0.9993333329081633 0.649 0.9993333329081633 0.611 0.9820000000000001 0.595 0.9660000000000001 0.586 0.9553333329081632 0.584 0.928 0.568 0.8953333329081632 0.555 0.9266666670918368 0.774 0.9313333329081633 0.78 0.9586666670918367 0.739 0.9713333329081634 0.703
3 0.5333333329081632 0.429 0.5379999999999999 0.424 0.5366666670918367 0.414 0.5293333329081633 0.404 0.5093333329081633 0.406 0.5066666670918367 0.416 0.514 0.424 0.526 0.429 0.5333333329081632 0.429
0 0.35133333290816326 0.364 0.35333333290816327 0.357 0.35200000000000004 0.347 0.34533333290816326 0.344 0.33666666709183674 0.349 0.334 0.355 0.3386666670918367 0.372 0.34266666709183674 0.374 0.35133333290816326 0.364
3 0.426 0.343 0.43019999999999997 0.343584 0.436 0.348 0.43999999999999995 0.348 0.4406666670918367 0.349 0.4446666670918368 0.349 0.4466666670918367 0.348 0.448 0.346 0.448 0.34 0.4473333329081633 0.339 0.4473333329081633 0.336 0.44533333290816324 0.328 0.4426666670918367 0.324 0.43866666709183677 0.321 0.4346666670918367 0.321 0.4233333329081632 0.329 0.42200000000000004 0.331 0.42133333290816327 0.333 0.42200000000000004 0.338 0.4233333329081632 0.341 0.426 0.343
11 0.3206666670918367 0.361 0.324 0.375 0.322 0.388 0.3126666670918367 0.393 0.30066666709183676 0.408 0.3 0.419 0.3033333329081633 0.427 0.3193333329081633 0.439 0.36600000000000005 0.461 0.3733333329081633 0.353 0.33 0.33 0.28400000000000003 0.312 0.29165066709183673 0.368718 0.3046666670918367 0.354 0.3146666670918367 0.351 0.3206666670918367 0.361
11 0.28 0.309 0.27866666709183674 0.302 0.236 0.239 0.232 0.24 0.22999999999999998 0.255 0.22733333290816327 0.306 0.25066666709183677 0.352 0.26666666709183673 0.363 0.28 0.309
0 0.576 0.248 0.5793333329081632 0.248 0.5800000000000001 0.249 0.5886666670918367 0.249 0.59 0.248 0.592 0.244 0.5926666670918367 0.241 0.5926666670918367 0.236 0.592 0.235 0.592 0.232 0.5906666670918368 0.228 0.5866666670918367 0.223 0.5846666670918368 0.222 0.582 0.222 0.5746666670918367 0.228 0.5726666670918368 0.232 0.572 0.235 0.572 0.244 0.5740000000000001 0.247 0.576 0.248
0 0.6453333329081632 0.276 0.6533333329081633 0.274 0.6559999999999999 0.272 0.66 0.266 0.6606666670918367 0.261 0.6559999999999999 0.248 0.654 0.233 0.6506666670918367 0.227 0.6466666670918367 0.228 0.6446666670918367 0.231 0.64 0.234 0.6273333329081633 0.236 0.626 0.238 0.6253333329081633 0.24 0.6266666670918367 0.246 0.6406666670918367 0.274 0.6453333329081632 0.276
8 0.6266666670918367 0.154 0.6426666670918367 0.154 0.6566666670918367 0.144 0.6633333329081632 0.133 0.6693333329081633 0.108 0.6686666670918366 0.079 0.6606666670918367 0.04 0.654 0.021 0.6406666670918367 0.005 0.6293333329081633 0.005 0.6173333329081633 0.015 0.5880000000000001 0.073 0.582 0.092 0.5833333329081632 0.115 0.5926666670918367 0.134 0.614 0.15 0.6266666670918367 0.154
10 0.39199999999999996 0.654 0.3973333329081633 0.654 0.4006666670918367 0.652 0.41266666709183675 0.638 0.412 0.63 0.40333333290816326 0.617 0.3886666670918368 0.605 0.3853333329081633 0.606 0.38399999999999995 0.608 0.3833333329081633 0.615 0.3846666670918367 0.642 0.388 0.65 0.39199999999999996 0.654
11 0.3946666670918368 0.588 0.39933333290816325 0.591 0.4206666670918367 0.594 0.46266666709183674 0.591 0.3766666670918367 0.474 0.3673333329081632 0.466 0.3713333329081633 0.551 0.3766666670918367 0.568 0.3866666670918367 0.569 0.3946666670918368 0.588
3 0.29333333290816327 0.248 0.29666666709183676 0.24 0.29666666709183676 0.23 0.292 0.216 0.27866666709183674 0.204 0.27133333290816325 0.206 0.27066666709183673 0.224 0.27466666709183674 0.234 0.28466666709183674 0.247 0.29333333290816327 0.248