9 0.3671875 0.275390625 0.36979166709183675 0.283203125 0.40755208290816325 0.2548828125 0.40755208290816325 0.2431640625 0.40234375 0.23828125 0.39583333290816325 0.2373046875 0.38541666709183675 0.244140625 0.37890625 0.2646484375 0.3671875 0.275390625
9 0.47005208290816325 0.3115234375 0.47005208290816325 0.3037109375 0.46354166709183675 0.296875 0.45572916709183675 0.2958984375 0.43619791709183675 0.310546875 0.4375 0.3154296875 0.46354166709183675 0.318359375 0.47005208290816325 0.3115234375
9 0.39322916709183675 0.2275390625 0.40104166709183675 0.22265625 0.40364583290816325 0.21142578125 0.42317708290816325 0.189453125 0.42317708290816325 0.18359375 0.41666666709183675 0.1826171875 0.37890625 0.2080078125 0.38151041709183675 0.2236328125 0.39322916709183675 0.2275390625
9 0.5520833329081632 0.1865234375 0.5533854170918368 0.1748046875 0.5078125 0.1982421875 0.5078125 0.2119140625 0.51953125 0.2158203125 0.5286458329081632 0.1982421875 0.5520833329081632 0.1865234375
9 0.03515625 0.263671875 0.006510417091836735 0.279296875 0.005208332908163265 0.2841796875 0.01953125 0.287109375 0.05729166709183673 0.26953125 0.07291666709183674 0.2685546875 0.08203125 0.2578125 0.078125 0.2451171875 0.06770833290816326 0.2373046875 0.04947916709183673 0.2373046875 0.0390625 0.24609375 0.03515625 0.263671875
9 0.2604166670918367 0.4921875 0.2877604170918367 0.466796875 0.2786458329081633 0.4638671875 0.2526041670918367 0.4697265625 0.24348958290816328 0.4765625 0.24348958290816328 0.48828125 0.2526041670918367 0.4931640625 0.2604166670918367 0.4921875
9 0.546875 0.419921875 0.5598958329081632 0.400390625 0.5325520829081632 0.4013671875 0.52734375 0.4052734375 0.5286458329081632 0.4169921875 0.5390625 0.421875 0.546875 0.419921875
9 0.34765625 0.609375 0.359375 0.59765625 0.359375 0.5927734375 0.33723958290816325 0.5986328125 0.33072916709183675 0.6044921875 0.32942708290816325 0.6123046875 0.3359375 0.6162109375 0.34765625 0.609375
9 0.39453125 0.607421875 0.38671875 0.6025390625 0.375 0.609375 0.37239583290816325 0.6162109375 0.38020833290816325 0.6220703125 0.390625 0.6162109375 0.39453125 0.607421875
9 0.39583333290816325 0.6318359375 0.39583333290816325 0.62109375 0.40104166709183675 0.615234375 0.39583333290816325 0.615234375 0.38020833290816325 0.6279296875 0.38020833290816325 0.6396484375 0.38671875 0.640625 0.39583333290816325 0.6318359375
9 0.5703125 0.6015625 0.5690104170918368 0.6083984375 0.54296875 0.6220703125 0.5416666670918368 0.6298828125 0.5546875 0.6328125 0.58203125 0.60546875 0.5703125 0.6015625
9 0.5638020829081632 0.599609375 0.5533854170918368 0.591796875 0.5455729170918368 0.59375 0.5455729170918368 0.607421875 0.5598958329081632 0.611328125 0.5651041670918368 0.60546875 0.5638020829081632 0.599609375
9 0.50390625 0.578125 0.5065104170918368 0.58984375 0.5169270829081632 0.5908203125 0.5221354170918368 0.587890625 0.5221354170918368 0.572265625 0.50390625 0.578125
9 0.6145833329081632 0.60546875 0.6354166670918368 0.587890625 0.6263020829081632 0.5869140625 0.6119791670918368 0.599609375 0.5989583329081632 0.6044921875 0.59765625 0.6162109375 0.609375 0.6162109375 0.6145833329081632 0.60546875
9 0.7669270829081634 0.5751953125 0.76171875 0.5703125 0.7265625 0.5849609375 0.7265625 0.58984375 0.7447916670918366 0.583984375 0.76171875 0.5849609375 0.7669270829081634 0.5751953125
9 0.8893229170918366 0.5576171875 0.8893229170918366 0.552734375 0.8671875 0.5595703125 0.8619791670918366 0.5634765625 0.8645833329081634 0.5712890625 0.87890625 0.56640625 0.8893229170918366 0.5576171875
9 0.76171875 0.33984375 0.7734375 0.341796875 0.7786458329081634 0.337890625 0.77734375 0.328125 0.7721354170918366 0.32421875 0.765625 0.3251953125 0.7434895829081634 0.3447265625 0.7447916670918366 0.3505859375 0.76171875 0.33984375
9 0.7838541670918366 0.2783203125 0.7942708329081634 0.2685546875 0.7890625 0.265625 0.77734375 0.2744140625 0.7682291670918366 0.275390625 0.765625 0.2880859375 0.77734375 0.29296875 0.7838541670918366 0.2783203125
9 0.8828125 0.3701171875 0.9075520829081634 0.3515625 0.9036458329081634 0.3427734375 0.8984375 0.341796875 0.8932291670918366 0.345703125 0.8932291670918366 0.353515625 0.8815104170918366 0.3662109375 0.8828125 0.3701171875
9 0.9153645829081634 0.3544921875 0.9140625 0.369140625 0.9283854170918366 0.3583984375 0.9270833329081634 0.3486328125 0.9192708329081634 0.3486328125 0.9153645829081634 0.3544921875
9 0.76171875 0.251953125 0.7552083329081634 0.2470703125 0.74609375 0.25 0.7447916670918366 0.2578125 0.75 0.2666015625 0.7591145829081634 0.265625 0.76171875 0.251953125
1 0.50390625 0.228515625 0.5078125 0.2197265625 0.50390625 0.2109375 0.48958333290816325 0.2099609375 0.4765625 0.2158203125 0.47526041709183675 0.224609375 0.484375 0.2353515625 0.50390625 0.228515625
1 0.5533854170918368 0.3017578125 0.5611979170918368 0.296875 0.5611979170918368 0.283203125 0.5559895829081632 0.27734375 0.5325520829081632 0.28125 0.5286458329081632 0.2900390625 0.5403645829081632 0.3017578125 0.5533854170918368 0.3017578125
1 0.44921875 0.3837890625 0.45703125 0.3759765625 0.45442708290816325 0.3681640625 0.44401041709183675 0.36328125 0.42057291709183675 0.369140625 0.41796875 0.376953125 0.43229166709183675 0.38671875 0.44921875 0.3837890625
1 0.7513020829081634 0.3779296875 0.7473958329081634 0.365234375 0.7252604170918366 0.37109375 0.7252604170918366 0.37890625 0.734375 0.3857421875 0.7447916670918366 0.3837890625 0.7513020829081634 0.3779296875
1 0.7434895829081634 0.3271484375 0.7565104170918366 0.3251953125 0.7604166670918366 0.3203125 0.7578125 0.306640625 0.7395833329081634 0.30859375 0.7330729170918366 0.3134765625 0.734375 0.3203125 0.7434895829081634 0.3271484375
1 0.828125 0.2900390625 0.81640625 0.287109375 0.8059895829081634 0.2919921875 0.80859375 0.3056640625 0.8216145829081634 0.3076171875 0.8294270829081634 0.298828125 0.828125 0.2900390625
1 0.75 0.4501953125 0.7578125 0.443359375 0.7565104170918366 0.4345703125 0.7486979170918366 0.431640625 0.7330729170918366 0.4375 0.73046875 0.447265625 0.73828125 0.4521484375 0.75 0.4501953125
1 0.9114088545918367 0.407189453125 0.9035963545918367 0.405236328125 0.8957838545918367 0.408166015625 0.8944817704081633 0.417931640625 0.900953125 0.42438671875 0.9124921874999999 0.417703125 0.9114088545918367 0.407189453125
4 0.67578125 0.2470703125 0.6653645829081634 0.2587890625 0.6627604170918366 0.275390625 0.6705729170918366 0.294921875 0.6940104170918366 0.3115234375 0.7096354170918366 0.310546875 0.7239583329081634 0.30078125 0.7473958329081634 0.2685546875 0.7395833329081634 0.25390625 0.7252604170918366 0.24609375 0.7018229170918366 0.240234375 0.67578125 0.2470703125
6 0.7927877602040817 0.271484375 0.8136210931122448 0.2744140625 0.8266419272959183 0.2587890625 0.8253398431122448 0.2451171875 0.8149231772959183 0.232421875 0.8019023431122448 0.23046875 0.7888815102040817 0.23828125 0.7856197920918367 0.253365234375 0.7927877602040817 0.271484375
4 0.5104166670918368 0.1005859375 0.48307291709183675 0.0791015625 0.45703125 0.076171875 0.44270833290816325 0.0810546875 0.4296875 0.0908203125 0.41536458290816325 0.1162109375 0.4140625 0.154296875 0.4296875 0.1845703125 0.44661458290816325 0.1962890625 0.46223958290816325 0.2001953125 0.4765625 0.19921875 0.48958333290816325 0.193359375 0.5182291670918368 0.1689453125 0.5260416670918368 0.15234375 0.5260416670918368 0.1259765625 0.5104166670918368 0.1005859375
8 0.24739583290816328 0 0.23828125 0.015625 0.22005208290816328 0.0283203125 0.20703125 0.0634765625 0.20833333290816328 0.1025390625 0.22135416709183672 0.1396484375 0.23958333290816328 0.1640625 0.2708333329081633 0.1884765625 0.2981770829081633 0.19921875 0.33854166709183675 0.201171875 0.36458333290816325 0.193359375 0.38020833290816325 0.18359375 0.40755208290816325 0.1416015625 0.41145833290816325 0.0869140625 0.39322916709183675 0.0400390625 0.3515625 0 0.24739583290816328 0
3 0.36458333290816325 0.2734375 0.328125 0.2392578125 0.2890625 0.2109375 0.2682291670918367 0.2119140625 0.2604166670918367 0.2177734375 0.2604166670918367 0.2255859375 0.2747395829081633 0.267578125 0.32682291709183675 0.2744140625 0.33854166709183675 0.2880859375 0.34505208290816325 0.3203125 0.3515625 0.3232421875 0.36197916709183675 0.3212890625 0.37239583290816325 0.2998046875 0.36458333290816325 0.2734375
3 0.40234375 0.33984375 0.41796875 0.33984375 0.43098958290816325 0.3310546875 0.43619791709183675 0.314453125 0.421875 0.298828125 0.40755208290816325 0.2978515625 0.39192708290816325 0.3134765625 0.39192708290816325 0.328125 0.40234375 0.33984375
11 0.5052083329081632 0.380859375 0.48177083290816325 0.3720703125 0.4765625 0.373046875 0.47526041709183675 0.416015625 0.4765625 0.431640625 0.48046875 0.4345703125 0.515625 0.43359375 0.5364583329081632 0.4306640625 0.5442708329081632 0.42578125 0.58203125 0.421875 0.58203125 0.3857421875 0.5755208329081632 0.373046875 0.5052083329081632 0.380859375
11 0.6875 0.5517578125 0.7057291670918366 0.546875 0.71484375 0.548828125 0.7265625 0.5390625 0.70703125 0.478515625 0.6575520829081634 0.455078125 0.6510416670918368 0.45703125 0.6458333329081632 0.4716796875 0.63671875 0.5224609375 0.6393229170918368 0.5400390625 0.6315104170918368 0.54296875 0.6263020829081632 0.5595703125 0.6263020829081632 0.5673828125 0.6380208329081632 0.5693359375 0.6705729170918366 0.5654296875 0.6744791670918366 0.560546875 0.6822916670918366 0.560546875 0.6875 0.5517578125
11 0.7955729170918366 0.4345703125 0.7903645829081634 0.439453125 0.78515625 0.4833984375 0.7903645829081634 0.5185546875 0.7942708329081634 0.525390625 0.8177083329081634 0.5302734375 0.8372395829081634 0.5400390625 0.8567708329081634 0.48046875 0.8424479170918366 0.423828125 0.8385416670918366 0.4208984375 0.8294270829081634 0.4228515625 0.7955729170918366 0.4345703125
11 0.8880208329081634 0.583984375 0.8815104170918366 0.572265625 0.8854166670918366 0.5673828125 0.84765625 0.578125 0.8359375 0.5849609375 0.83984375 0.5888671875 0.8346354170918366 0.59375 0.8268229170918366 0.59375 0.82421875 0.58984375 0.8151041670918366 0.5908203125 0.7630208329081634 0.611328125 0.7278645829081634 0.66015625 0.7265625 0.6650390625 0.73046875 0.666015625 0.79296875 0.640625 0.83203125 0.6337890625 0.87109375 0.6064453125 0.890625 0.6123046875 0.9036458329081634 0.5947265625 0.9010416670918366 0.5908203125 0.8854166670918366 0.58984375 0.8880208329081634 0.583984375
11 0.35546875 0.509765625 0.35416666709183675 0.517578125 0.34505208290816325 0.525390625 0.32942708290816325 0.5244140625 0.3216145829081633 0.51953125 0.3203125 0.5048828125 0.2903645829081633 0.5166015625 0.2877604170918367 0.5224609375 0.2994791670918367 0.529296875 0.37109375 0.546875 0.40885416709183675 0.462890625 0.37630208290816325 0.4765625 0.37630208290816325 0.4853515625 0.38411458290816325 0.4873046875 0.38151041709183675 0.5048828125 0.37239583290816325 0.5107421875 0.35546875 0.509765625
8 0.49869791709183675 0.4873046875 0.4765625 0.4853515625 0.45572916709183675 0.48828125 0.421875 0.505859375 0.40755208290816325 0.529296875 0.40755208290816325 0.5498046875 0.42317708290816325 0.568359375 0.4453125 0.576171875 0.47526041709183675 0.5751953125 0.5 0.5673828125 0.5182291670918368 0.5556640625 0.51953125 0.52734375 0.5260416670918368 0.5048828125 0.5182291670918368 0.49609375 0.49869791709183675 0.4873046875
10 0.3020833329081633 0.6474609375 0.2994791670918367 0.6630859375 0.3125 0.6787109375 0.33854166709183675 0.6787109375 0.36067708290816325 0.6640625 0.37760416709183675 0.6435546875 0.375 0.623046875 0.359375 0.6123046875 0.34505208290816325 0.61328125 0.3216145829081633 0.625 0.3020833329081633 0.6474609375
4 0.2864583329081633 0.6064453125 0.2916666670918367 0.6162109375 0.3059895829081633 0.623046875 0.3177083329081633 0.6201171875 0.328125 0.609375 0.3216145829081633 0.5869140625 0.3125 0.58203125 0.2994791670918367 0.58203125 0.2877604170918367 0.5908203125 0.2864583329081633 0.6064453125
8 0.7200520829081634 0.4873046875 0.7317708329081634 0.4873046875 0.7473958329081634 0.4775390625 0.75 0.4658203125 0.7408854170918366 0.455078125 0.71875 0.4541015625 0.7109375 0.4619140625 0.7096354170918366 0.4765625 0.7200520829081634 0.4873046875
0 0.7434895829081634 0.3486328125 0.7356770829081634 0.3427734375 0.70703125 0.3408203125 0.7083333329081634 0.349609375 0.7200520829081634 0.3642578125 0.7421875 0.3525390625 0.7434895829081634 0.3486328125
0 0.63671875 0.361328125 0.6471354170918368 0.39453125 0.6731770829081634 0.390625 0.7018229170918366 0.3798828125 0.69140625 0.3740234375 0.63671875 0.361328125
0 0.6341145829081632 0.423828125 0.6432291670918368 0.4208984375 0.6432291670918368 0.4140625 0.62890625 0.4072265625 0.62109375 0.4091796875 0.5911458329081632 0.4013671875 0.5872395829081632 0.4033203125 0.5885416670918368 0.419921875 0.6341145829081632 0.423828125
0 0.6197916670918368 0.4091796875 0.6302083329081632 0.40625 0.6263020829081632 0.396484375 0.6067708329081632 0.3935546875 0.5924479170918368 0.396484375 0.5911458329081632 0.4013671875 0.59765625 0.404296875 0.6197916670918368 0.4091796875
0 0.6796875 0.408203125 0.68359375 0.4052734375 0.68359375 0.396484375 0.6705729170918366 0.392578125 0.6640625 0.39453125 0.6627604170918366 0.4013671875 0.66796875 0.4072265625 0.6796875 0.408203125
0 0.7044270829081634 0.37890625 0.7174479170918366 0.3759765625 0.7161458329081634 0.3662109375 0.7018229170918366 0.3623046875 0.6953125 0.3642578125 0.6940104170918366 0.373046875 0.6979166670918366 0.3759765625 0.7044270829081634 0.37890625
0 0.5703125 0.5341796875 0.5833333329081632 0.5400390625 0.6171875 0.5419921875 0.6276041670918368 0.537109375 0.6354166670918368 0.5146484375 0.6263020829081632 0.50390625 0.6002604170918368 0.50390625 0.578125 0.51171875 0.5703125 0.521484375 0.5703125 0.5341796875
0 0.5690104170918368 0.5498046875 0.5794270829081632 0.544921875 0.578125 0.5390625 0.5729166670918368 0.537109375 0.54296875 0.5390625 0.5416666670918368 0.5458984375 0.55078125 0.55078125 0.5690104170918368 0.5498046875
3 0.6705729170918366 0.568359375 0.66796875 0.5673828125 0.6666666670918366 0.568359375 0.6263020829081632 0.5771484375 0.625 0.578125 0.625 0.58203125 0.62890625 0.5849609375 0.640625 0.587890625 0.6458333329081632 0.5908203125 0.6510416670918368 0.5908203125 0.6614583329081634 0.5859375 0.6653645829081634 0.5830078125 0.66796875 0.5791015625 0.6705729170918366 0.568359375
3 0.7252604170918366 0.5888671875 0.7252604170918366 0.5830078125 0.72265625 0.580078125 0.7200520829081634 0.580078125 0.7174479170918366 0.5810546875 0.7174479170918366 0.58203125 0.7096354170918366 0.587890625 0.7044270829081634 0.5859375 0.7005208329081634 0.5859375 0.6979166670918366 0.587890625 0.7005208329081634 0.5927734375 0.69921875 0.59765625 0.6966145829081634 0.5986328125 0.6953125 0.6015625 0.6966145829081634 0.6025390625 0.7057291670918366 0.6025390625 0.71484375 0.5986328125 0.7200520829081634 0.5947265625 0.7200520829081634 0.59375 0.7252604170918366 0.5888671875
11 0.6468489579081633 0.661865234375 0.6502604170918368 0.679482421875 0.7240690102040817 0.595310546875 0.7226393227040816 0.593640625 0.7077799477040817 0.602046875 0.6994973954081634 0.602515625 0.6945078125 0.6042578125 0.6352382806122449 0.63823046875 0.6468489579081633 0.661865234375
3 0.76171875 0.552734375 0.7825520829081634 0.5498046875 0.7942708329081634 0.5390625 0.79296875 0.53125 0.7760416670918366 0.517578125 0.7604166670918366 0.521484375 0.7513020829081634 0.5322265625 0.7513020829081634 0.544921875 0.76171875 0.552734375
8 0.6315104170918368 0.29296875 0.6184895829081632 0.30078125 0.6158854170918368 0.3203125 0.6263020829081632 0.3447265625 0.6471354170918368 0.3603515625 0.66015625 0.36328125 0.67578125 0.3603515625 0.6901041670918366 0.33203125 0.68359375 0.3095703125 0.6640625 0.296875 0.6458333329081632 0.2919921875 0.6315104170918368 0.29296875
4 0.34765625 0.4140625 0.35677083290816325 0.431640625 0.36458333290816325 0.4384765625 0.38020833290816325 0.4384765625 0.38932291709183675 0.4267578125 0.38671875 0.412109375 0.36848958290816325 0.400390625 0.35677083290816325 0.3994140625 0.34895833290816325 0.40625 0.34765625 0.4140625
0 0.39192708290816325 0.353515625 0.3828125 0.353515625 0.37890625 0.3564453125 0.37760416709183675 0.3583984375 0.37760416709183675 0.3662109375 0.38020833290816325 0.3701171875 0.3828125 0.37109375 0.390625 0.3701171875 0.39322916709183675 0.3681640625 0.39583333290816325 0.36328125 0.39583333290816325 0.3583984375 0.39322916709183675 0.3544921875 0.39192708290816325 0.353515625
0 0.36458333290816325 0.365234375 0.36197916709183675 0.369140625 0.36197916709183675 0.373046875 0.36328125 0.3759765625 0.3671875 0.37890625 0.37109375 0.37890625 0.37630208290816325 0.3759765625 0.37890625 0.369140625 0.37369791709183675 0.3623046875 0.36979166709183675 0.3623046875 0.36458333290816325 0.365234375
11 0.37109375 0.400390625 0.36328125 0.3994140625 0.34635416709183675 0.392578125 0.33984375 0.392578125 0.2942708329081633 0.4208984375 0.29296875 0.4248046875 0.2994791670918367 0.4296875 0.3072916670918367 0.4306640625 0.3203125 0.4365234375 0.34895833290816325 0.4375 0.37630208290816325 0.4462890625 0.40755208290816325 0.4404296875 0.40494791709183675 0.4296875 0.39453125 0.4140625 0.37109375 0.400390625
11 0.2942708329081633 0.4423828125 0.30078125 0.4453125 0.2890625 0.470703125 0.28515625 0.470703125 0.2734375 0.478515625 0.2669270829081633 0.490234375 0.265625 0.4970703125 0.2721354170918367 0.498046875 0.35286458290816325 0.4736328125 0.36848958290816325 0.4619140625 0.37109375 0.4560546875 0.36979166709183675 0.4482421875 0.36458333290816325 0.4443359375 0.35416666709183675 0.4443359375 0.30078125 0.43359375 0.2942708329081633 0.4423828125
3 0.3255208329081633 0.4560546875 0.3255208329081633 0.4501953125 0.3216145829081633 0.4443359375 0.3151041670918367 0.44140625 0.30859375 0.44140625 0.3046875 0.443359375 0.296875 0.4443359375 0.2903645829081633 0.44921875 0.2864583329081633 0.4501953125 0.28125 0.453125 0.2786458329081633 0.4560546875 0.28125 0.4609375 0.2916666670918367 0.46484375 0.30078125 0.46484375 0.3020833329081633 0.4658203125 0.3098958329081633 0.4658203125 0.3151041670918367 0.4638671875 0.3216145829081633 0.458984375 0.3229166670918367 0.458984375 0.3255208329081633 0.4560546875
3 0.3216145829081633 0.494140625 0.3190104170918367 0.4921875 0.3190104170918367 0.4912109375 0.3138020829081633 0.48828125 0.3033854170918367 0.4892578125 0.2942708329081633 0.494140625 0.29296875 0.49609375 0.29296875 0.5029296875 0.2942708329081633 0.5048828125 0.30078125 0.5087890625 0.3046875 0.5087890625 0.3138020829081633 0.505859375 0.3190104170918367 0.501953125 0.3203125 0.501953125 0.3229166670918367 0.4990234375 0.3216145829081633 0.494140625
0 0.2877604170918367 0.46875 0.2838541670918367 0.470703125 0.2825520829081633 0.4736328125 0.2838541670918367 0.4765625 0.2903645829081633 0.4814453125 0.296875 0.4814453125 0.2994791670918367 0.4794921875 0.3020833329081633 0.474609375 0.3020833329081633 0.4716796875 0.30078125 0.4697265625 0.2981770829081633 0.46875 0.2877604170918367 0.46875
3 0.30859375 0.54296875 0.30859375 0.5380859375 0.3059895829081633 0.5361328125 0.2994791670918367 0.5361328125 0.296875 0.5380859375 0.2760416670918367 0.54296875 0.2721354170918367 0.5458984375 0.2721354170918367 0.5498046875 0.2786458329081633 0.5546875 0.2799479170918367 0.5546875 0.28125 0.556640625 0.2916666670918367 0.556640625 0.2942708329081633 0.5546875 0.2955729170918367 0.5546875 0.3059895829081633 0.546875 0.30859375 0.54296875
4 0.34114583290816325 0.5595703125 0.34114583290816325 0.55078125 0.33984375 0.548828125 0.33463541709183675 0.544921875 0.33072916709183675 0.5439453125 0.33072916709183675 0.54296875 0.32421875 0.5458984375 0.3229166670918367 0.544921875 0.3203125 0.544921875 0.3177083329081633 0.5419921875 0.3151041670918367 0.5419921875 0.2994791670918367 0.5537109375 0.2981770829081633 0.556640625 0.2981770829081633 0.5634765625 0.2994791670918367 0.564453125 0.2994791670918367 0.5673828125 0.3033854170918367 0.5712890625 0.3111979170918367 0.5751953125 0.3203125 0.5751953125 0.33203125 0.5703125 0.33723958290816325 0.56640625 0.34114583290816325 0.5595703125
4 0.39192708290816325 0.5966796875 0.39973958290816325 0.587890625 0.39973958290816325 0.5830078125 0.40104166709183675 0.5810546875 0.39973958290816325 0.580078125 0.3984375 0.57421875 0.39453125 0.5693359375 0.38802083290816325 0.56640625 0.38151041709183675 0.56640625 0.375 0.568359375 0.36979166709183675 0.572265625 0.36848958290816325 0.572265625 0.36328125 0.5771484375 0.36067708290816325 0.58203125 0.36067708290816325 0.5869140625 0.359375 0.587890625 0.36067708290816325 0.5888671875 0.36067708290816325 0.5947265625 0.36197916709183675 0.5966796875 0.36588541709183675 0.599609375 0.37109375 0.6015625 0.37760416709183675 0.6025390625 0.38932291709183675 0.5986328125 0.39192708290816325 0.5966796875
3 0.41015625 0.6025390625 0.40494791709183675 0.6025390625 0.40234375 0.603515625 0.39973958290816325 0.607421875 0.39973958290816325 0.6123046875 0.40625 0.6171875 0.40885416709183675 0.6181640625 0.41536458290816325 0.6181640625 0.42057291709183675 0.6162109375 0.42317708290816325 0.6142578125 0.42447916709183675 0.6103515625 0.421875 0.6064453125 0.41015625 0.6025390625
3 0.4296875 0.591796875 0.42578125 0.587890625 0.421875 0.587890625 0.42057291709183675 0.5869140625 0.40625 0.5849609375 0.40364583290816325 0.5869140625 0.40364583290816325 0.595703125 0.40755208290816325 0.599609375 0.41666666709183675 0.599609375 0.41796875 0.6005859375 0.42057291709183675 0.6005859375 0.421875 0.599609375 0.42578125 0.599609375 0.42838541709183675 0.59765625 0.4296875 0.591796875
7 0.16145833290816325 0.49609375 0.15494791709183675 0.51171875 0.16927083290816328 0.66796875 0.1796875 0.6796875 0.19921875 0.6787109375 0.23046875 0.658203125 0.23567708290816328 0.642578125 0.234375 0.59375 0.21614583290816328 0.4921875 0.19661458290816328 0.4814453125 0.17708333290816328 0.4853515625 0.16145833290816325 0.49609375
7 0.17578125 0.3134765625 0.17578125 0.3388671875 0.20572916709183672 0.4365234375 0.21744791709183672 0.451171875 0.234375 0.451171875 0.2421875 0.4462890625 0.24479166709183672 0.435546875 0.21223958290816328 0.3125 0.20182291709183672 0.2998046875 0.19010416709183672 0.298828125 0.17578125 0.3134765625
7 0.18098958290816328 0.1337890625 0.16015625 0.1513671875 0.1640625 0.185546875 0.23567708290816328 0.373046875 0.25 0.3857421875 0.2682291670918367 0.3857421875 0.2890625 0.373046875 0.296875 0.353515625 0.24479166709183672 0.1845703125 0.21875 0.1416015625 0.20963541709183672 0.1357421875 0.18098958290816328 0.1337890625
3 0.12369791709183674 0.220703125 0.1015625 0.212890625 0.08333333290816326 0.216796875 0.07291666709183674 0.2265625 0.07552083290816326 0.240234375 0.10416666709183674 0.26953125 0.11067708290816326 0.2822265625 0.1015625 0.31640625 0.10807291709183674 0.3212890625 0.12369791709183674 0.322265625 0.13541666709183675 0.30859375 0.14192708290816325 0.2646484375 0.13802083290816325 0.2353515625 0.12369791709183674 0.220703125
3 0.09244791709183674 0.421875 0.10546875 0.369140625 0.1015625 0.3251953125 0.09244791709183674 0.2978515625 0.07291666709183674 0.2880859375 0.04427083290816327 0.2900390625 0.022135417091836734 0.3095703125 0.018229167091836734 0.318359375 0.020833332908163266 0.333984375 0.05078125 0.357421875 0.06380208290816326 0.376953125 0.05989583290816327 0.3984375 0.026041667091836734 0.431640625 0.028645832908163266 0.4443359375 0.04427083290816327 0.451171875 0.06380208290816326 0.447265625 0.09244791709183674 0.421875
3 0.13802083290816325 0.296875 0.13541666709183675 0.3154296875 0.125 0.3310546875 0.10546875 0.3447265625 0.10677083290816326 0.3720703125 0.11197916709183674 0.375 0.12760416709183675 0.369140625 0.16145833290816325 0.3115234375 0.16145833290816325 0.3037109375 0.15364583290816325 0.296875 0.13802083290816325 0.296875
3 0.11588541709183674 0.4111328125 0.11979166709183674 0.41796875 0.14192708290816325 0.4287109375 0.16145833290816325 0.42578125 0.17317708290816328 0.4072265625 0.171875 0.3974609375 0.14973958290816325 0.3828125 0.13020833290816325 0.3837890625 0.11848958290816326 0.3896484375 0.11588541709183674 0.4111328125
3 0.14322916709183675 0.5439453125 0.15364583290816325 0.537109375 0.14583333290816325 0.5224609375 0.11588541709183674 0.521484375 0.10807291709183674 0.525390625 0.10807291709183674 0.5361328125 0.125 0.54296875 0.14322916709183675 0.5439453125
3 0.12630208290816325 0.5048828125 0.13411458290816325 0.490234375 0.13151041709183675 0.486328125 0.11848958290816326 0.484375 0.08463541709183674 0.501953125 0.08723958290816326 0.5166015625 0.10807291709183674 0.5146484375 0.12630208290816325 0.5048828125
3 0 0.3994140625 0.022135417091836734 0.39453125 0.0390625 0.384765625 0.04036458290816326 0.37890625 0.03515625 0.375 0 0.375 0 0.3994140625
3 0.05338541709183673 0.525390625 0.05989583290816327 0.4931640625 0.03255208290816326 0.50390625 0.04296875 0.537109375 0.05338541709183673 0.525390625
3 0.010416667091836735 0.537109375 0.020833332908163266 0.541015625 0.03385416709183674 0.5390625 0.03776041709183674 0.52734375 0.028645832908163266 0.5087890625 0.022135417091836734 0.50390625 0.005208332908163265 0.5078125 0 0.5185546875 0.010416667091836735 0.537109375
3 0.08984375 0.630859375 0.11588541709183674 0.6337890625 0.12890625 0.6259765625 0.12760416709183675 0.60546875 0.11328125 0.5966796875 0.09765625 0.5986328125 0.07161458290816326 0.61328125 0.07291666709183674 0.623046875 0.08984375 0.630859375
3 0.12109375 0.587890625 0.10677083290816326 0.580078125 0.07291666709183674 0.5830078125 0.07161458290816326 0.58984375 0.09505208290816326 0.5966796875 0.11458333290816326 0.595703125 0.12109375 0.587890625
1 0.109375 0.4560546875 0.13020833290816325 0.451171875 0.140625 0.4423828125 0.13541666709183675 0.4306640625 0.12630208290816325 0.4267578125 0.11328125 0.427734375 0.09114583290816326 0.4375 0.09114583290816326 0.447265625 0.109375 0.4560546875
6 0.46354166709183675 0.22265625 0.43880208290816325 0.2255859375 0.41145833290816325 0.25 0.40494791709183675 0.279296875 0.41536458290816325 0.2890625 0.43359375 0.29296875 0.453125 0.291015625 0.46223958290816325 0.2861328125 0.48567708290816325 0.265625 0.48958333290816325 0.2529296875 0.484375 0.2373046875 0.47265625 0.2255859375 0.46354166709183675 0.22265625
7 0.43489583290816325 0.68359375 0.4609375 0.6611328125 0.45833333290816325 0.6376953125 0.45182291709183675 0.6357421875 0.4375 0.6396484375 0.42317708290816325 0.66015625 0.39583333290816325 0.6767578125 0.39583333290816325 0.685546875 0.43489583290816325 0.68359375
2 0.08854166709183674 0.5478515625 0.08723958290816326 0.5537109375 0.09244791709183674 0.5576171875 0.10416666709183674 0.556640625 0.1015625 0.5478515625 0.08854166709183674 0.5478515625
4 0.18229166709183672 0.7548828125 0.09114583290816326 0.708984375 0.0859375 0.7109375 0.0859375 0.73046875 0.11848958290816326 0.7470703125 0.14713541709183675 0.759765625 0.18229166709183672 0.7548828125
10 0.53125 0.5986328125 0.5182291670918368 0.591796875 0.46744791709183675 0.58203125 0.46744791709183675 0.5869140625 0.49739583290816325 0.6171875 0.51171875 0.61328125 0.53125 0.5986328125
7 0.6119791670918368 0.47265625 0.6080729170918368 0.4833984375 0.6263020829081632 0.5 0.6432291670918368 0.482421875 0.6432291670918368 0.451171875 0.6119791670918368 0.47265625
4 0.5716145829081632 0.443359375 0.5638020829081632 0.4443359375 0.5143229170918368 0.48046875 0.5104166670918368 0.4873046875 0.5611979170918368 0.474609375 0.5690104170918368 0.46484375 0.5716145829081632 0.443359375
4 0.58203125 0.427734375 0.5572916670918368 0.427734375 0.51171875 0.4365234375 0.5169270829081632 0.4462890625 0.5364583329081632 0.458984375 0.5703125 0.4404296875 0.58203125 0.427734375
4 0.7890625 0.56640625 0.8059895829081634 0.57421875 0.8333333329081634 0.568359375 0.85546875 0.5517578125 0.8372395829081634 0.5380859375 0.8020833329081634 0.52734375 0.79296875 0.5283203125 0.7955729170918366 0.5390625 0.78515625 0.5498046875 0.7890625 0.56640625
4 0.8424479170918366 0.5390625 0.8567708329081634 0.5498046875 0.8776041670918366 0.5517578125 0.9010416670918366 0.533203125 0.9075520829081634 0.5009765625 0.8919270829081634 0.490234375 0.8828125 0.4912109375 0.8854166670918366 0.5078125 0.84375 0.533203125 0.8424479170918366 0.5390625
4 0.859375 0.4619140625 0.859375 0.482421875 0.8828125 0.4755859375 0.8919270829081634 0.4580078125 0.8880208329081634 0.43359375 0.859375 0.4619140625
3 0.8854166670918366 0.373046875 0.8802083329081634 0.3681640625 0.8580729170918366 0.3720703125 0.8567708329081634 0.3759765625 0.8658854170918366 0.3837890625 0.87890625 0.380859375 0.8854166670918366 0.373046875
2 0.39583333290816325 0.7587890625 0.39192708290816325 0.765625 0.39973958290816325 0.7705078125 0.4140625 0.76171875 0.40755208290816325 0.7568359375 0.39583333290816325 0.7587890625
2 0.2838541670918367 0.751953125 0.2916666670918367 0.7451171875 0.2903645829081633 0.7412109375 0.2721354170918367 0.740234375 0.2669270829081633 0.744140625 0.2669270829081633 0.7509765625 0.2734375 0.75390625 0.2838541670918367 0.751953125
2 0.2786458329081633 0.7197265625 0.2838541670918367 0.7294921875 0.29296875 0.7294921875 0.3020833329081633 0.7236328125 0.2955729170918367 0.7177734375 0.2786458329081633 0.7197265625
2 0.20703125 0.7216796875 0.22005208290816328 0.7138671875 0.22005208290816328 0.7099609375 0.2109375 0.70703125 0.19270833290816328 0.708984375 0.19140625 0.71875 0.19661458290816328 0.7216796875 0.20703125 0.7216796875
2 0.2630208329081633 0.6728515625 0.26171875 0.666015625 0.23958333290816328 0.666015625 0.23828125 0.67578125 0.24348958290816328 0.6796875 0.2578125 0.677734375 0.2630208329081633 0.6728515625
4 0.22135416709183672 0.7158203125 0.23307291709183672 0.7314453125 0.25 0.7333984375 0.2721354170918367 0.7255859375 0.2786458329081633 0.712890625 0.2630208329081633 0.6962890625 0.2604166670918367 0.681640625 0.2421875 0.68359375 0.22786458290816328 0.69921875 0.22135416709183672 0.7158203125
2 0.48828125 0.7275390625 0.48567708290816325 0.734375 0.48958333290816325 0.7392578125 0.5 0.7373046875 0.50390625 0.7294921875 0.48828125 0.7275390625
2 0.5130208329081632 0.6689453125 0.51171875 0.66015625 0.49609375 0.6591796875 0.49869791709183675 0.66796875 0.5130208329081632 0.6689453125
6 0.8033854170918366 0.5234375 0.8255208329081634 0.5224609375 0.8372395829081634 0.513671875 0.8372395829081634 0.501953125 0.8294270829081634 0.4970703125 0.8190104170918366 0.498046875 0.796875 0.5146484375 0.7955729170918366 0.5185546875 0.8033854170918366 0.5234375
4 0.04036458290816326 0.6181640625 0.024739582908163266 0.619140625 0.018229167091836734 0.6240234375 0.016927082908163266 0.6328125 0.026041667091836734 0.6455078125 0.06901041709183674 0.6689453125 0.09505208290816326 0.673828125 0.13671875 0.6748046875 0.15625 0.66796875 0.14583333290816325 0.6533203125 0.11979166709183674 0.6416015625 0.07682291709183674 0.6328125 0.04036458290816326 0.6181640625