9 0.4075520833333333 0.2548828125 0.4075520833333333 0.2431640625 0.40234375 0.23828125 0.3958333333333333 0.2373046875 0.3854166666666667 0.244140625 0.37890625 0.2646484375 0.3671875 0.275390625 0.3697916666666667 0.283203125 0.4075520833333333 0.2548828125
9 0.4700520833333333 0.3037109375 0.4635416666666667 0.296875 0.4557291666666667 0.2958984375 0.4361979166666667 0.310546875 0.4375 0.3154296875 0.4635416666666667 0.318359375 0.4700520833333333 0.3115234375 0.4700520833333333 0.3037109375
9 0.4036458333333333 0.21142578125 0.4231770833333333 0.189453125 0.4231770833333333 0.18359375 0.4166666666666667 0.1826171875 0.37890625 0.2080078125 0.3815104166666667 0.2236328125 0.3932291666666667 0.2275390625 0.4010416666666667 0.22265625 0.4036458333333333 0.21142578125
9 0.5520833333333334 0.1865234375 0.5533854166666666 0.1748046875 0.5078125 0.1982421875 0.5078125 0.2119140625 0.51953125 0.2158203125 0.5286458333333334 0.1982421875 0.5520833333333334 0.1865234375
9 0.07291666666666667 0.2685546875 0.08203125 0.2578125 0.078125 0.2451171875 0.06770833333333333 0.2373046875 0.049479166666666664 0.2373046875 0.0390625 0.24609375 0.03515625 0.263671875 0.006510416666666667 0.279296875 0.005208333333333333 0.2841796875 0.01953125 0.287109375 0.057291666666666664 0.26953125 0.07291666666666667 0.2685546875
9 0.2877604166666667 0.466796875 0.2786458333333333 0.4638671875 0.2526041666666667 0.4697265625 0.24348958333333334 0.4765625 0.24348958333333334 0.48828125 0.2526041666666667 0.4931640625 0.2604166666666667 0.4921875 0.2877604166666667 0.466796875
9 0.546875 0.419921875 0.5598958333333334 0.400390625 0.5325520833333334 0.4013671875 0.52734375 0.4052734375 0.5286458333333334 0.4169921875 0.5390625 0.421875 0.546875 0.419921875
9 0.359375 0.59765625 0.359375 0.5927734375 0.3372395833333333 0.5986328125 0.3307291666666667 0.6044921875 0.3294270833333333 0.6123046875 0.3359375 0.6162109375 0.34765625 0.609375 0.359375 0.59765625
9 0.39453125 0.607421875 0.38671875 0.6025390625 0.375 0.609375 0.3723958333333333 0.6162109375 0.3802083333333333 0.6220703125 0.390625 0.6162109375 0.39453125 0.607421875
9 0.3958333333333333 0.62109375 0.4010416666666667 0.615234375 0.3958333333333333 0.615234375 0.3802083333333333 0.6279296875 0.3802083333333333 0.6396484375 0.38671875 0.640625 0.3958333333333333 0.6318359375 0.3958333333333333 0.62109375
9 0.5703125 0.6015625 0.5690104166666666 0.6083984375 0.54296875 0.6220703125 0.5416666666666666 0.6298828125 0.5546875 0.6328125 0.58203125 0.60546875 0.5703125 0.6015625
9 0.5638020833333334 0.599609375 0.5533854166666666 0.591796875 0.5455729166666666 0.59375 0.5455729166666666 0.607421875 0.5598958333333334 0.611328125 0.5651041666666666 0.60546875 0.5638020833333334 0.599609375
9 0.5221354166666666 0.572265625 0.50390625 0.578125 0.5065104166666666 0.58984375 0.5169270833333334 0.5908203125 0.5221354166666666 0.587890625 0.5221354166666666 0.572265625
9 0.6354166666666666 0.587890625 0.6263020833333334 0.5869140625 0.6119791666666666 0.599609375 0.5989583333333334 0.6044921875 0.59765625 0.6162109375 0.609375 0.6162109375 0.6145833333333334 0.60546875 0.6354166666666666 0.587890625
9 0.7669270833333334 0.5751953125 0.76171875 0.5703125 0.7265625 0.5849609375 0.7265625 0.58984375 0.7447916666666666 0.583984375 0.76171875 0.5849609375 0.7669270833333334 0.5751953125
9 0.8893229166666666 0.5576171875 0.8893229166666666 0.552734375 0.8671875 0.5595703125 0.8619791666666666 0.5634765625 0.8645833333333334 0.5712890625 0.87890625 0.56640625 0.8893229166666666 0.5576171875
9 0.7786458333333334 0.337890625 0.77734375 0.328125 0.7721354166666666 0.32421875 0.765625 0.3251953125 0.7434895833333334 0.3447265625 0.7447916666666666 0.3505859375 0.76171875 0.33984375 0.7734375 0.341796875 0.7786458333333334 0.337890625
9 0.7942708333333334 0.2685546875 0.7890625 0.265625 0.77734375 0.2744140625 0.7682291666666666 0.275390625 0.765625 0.2880859375 0.77734375 0.29296875 0.7838541666666666 0.2783203125 0.7942708333333334 0.2685546875
9 0.9075520833333334 0.3515625 0.9036458333333334 0.3427734375 0.8984375 0.341796875 0.8932291666666666 0.345703125 0.8932291666666666 0.353515625 0.8815104166666666 0.3662109375 0.8828125 0.3701171875 0.9075520833333334 0.3515625
9 0.9192708333333334 0.3486328125 0.9153645833333334 0.3544921875 0.9140625 0.369140625 0.9283854166666666 0.3583984375 0.9270833333333334 0.3486328125 0.9192708333333334 0.3486328125
9 0.76171875 0.251953125 0.7552083333333334 0.2470703125 0.74609375 0.25 0.7447916666666666 0.2578125 0.75 0.2666015625 0.7591145833333334 0.265625 0.76171875 0.251953125
1 0.5078125 0.2197265625 0.50390625 0.2109375 0.4895833333333333 0.2099609375 0.4765625 0.2158203125 0.4752604166666667 0.224609375 0.484375 0.2353515625 0.50390625 0.228515625 0.5078125 0.2197265625
1 0.5611979166666666 0.296875 0.5611979166666666 0.283203125 0.5559895833333334 0.27734375 0.5325520833333334 0.28125 0.5286458333333334 0.2900390625 0.5403645833333334 0.3017578125 0.5533854166666666 0.3017578125 0.5611979166666666 0.296875
1 0.45703125 0.3759765625 0.4544270833333333 0.3681640625 0.4440104166666667 0.36328125 0.4205729166666667 0.369140625 0.41796875 0.376953125 0.4322916666666667 0.38671875 0.44921875 0.3837890625 0.45703125 0.3759765625
1 0.7513020833333334 0.3779296875 0.7473958333333334 0.365234375 0.7252604166666666 0.37109375 0.7252604166666666 0.37890625 0.734375 0.3857421875 0.7447916666666666 0.3837890625 0.7513020833333334 0.3779296875
1 0.7565104166666666 0.3251953125 0.7604166666666666 0.3203125 0.7578125 0.306640625 0.7395833333333334 0.30859375 0.7330729166666666 0.3134765625 0.734375 0.3203125 0.7434895833333334 0.3271484375 0.7565104166666666 0.3251953125
1 0.828125 0.2900390625 0.81640625 0.287109375 0.8059895833333334 0.2919921875 0.80859375 0.3056640625 0.8216145833333334 0.3076171875 0.8294270833333334 0.298828125 0.828125 0.2900390625
1 0.7578125 0.443359375 0.7565104166666666 0.4345703125 0.7486979166666666 0.431640625 0.7330729166666666 0.4375 0.73046875 0.447265625 0.73828125 0.4521484375 0.75 0.4501953125 0.7578125 0.443359375
1 0.9114088541666666 0.407189453125 0.9035963541666666 0.405236328125 0.8957838541666666 0.408166015625 0.8944817708333334 0.417931640625 0.9009531249999999 0.42438671875 0.9124921874999999 0.41770312499999995 0.9114088541666666 0.407189453125
4 0.7096354166666666 0.310546875 0.7239583333333334 0.30078125 0.7473958333333334 0.2685546875 0.7395833333333334 0.25390625 0.7252604166666666 0.24609375 0.7018229166666666 0.240234375 0.67578125 0.2470703125 0.6653645833333334 0.2587890625 0.6627604166666666 0.275390625 0.6705729166666666 0.294921875 0.6940104166666666 0.3115234375 0.7096354166666666 0.310546875
6 0.8266419270833333 0.2587890625 0.8253398437499999 0.2451171875 0.8149231770833333 0.232421875 0.8019023437499999 0.23046875 0.7888815104166667 0.23828125 0.7856197916666667 0.253365234375 0.7927877604166667 0.271484375 0.8136210937499999 0.2744140625 0.8266419270833333 0.2587890625
4 0.4622395833333333 0.2001953125 0.4765625 0.19921875 0.4895833333333333 0.193359375 0.5182291666666666 0.1689453125 0.5260416666666666 0.15234375 0.5260416666666666 0.1259765625 0.5104166666666666 0.1005859375 0.4830729166666667 0.0791015625 0.45703125 0.076171875 0.4427083333333333 0.0810546875 0.4296875 0.0908203125 0.4153645833333333 0.1162109375 0.4140625 0.154296875 0.4296875 0.1845703125 0.4466145833333333 0.1962890625 0.4622395833333333 0.2001953125
8 0.24739583333333334 0 0.23828125 0.015625 0.22005208333333334 0.0283203125 0.20703125 0.0634765625 0.20833333333333334 0.1025390625 0.22135416666666666 0.1396484375 0.23958333333333334 0.1640625 0.2708333333333333 0.1884765625 0.2981770833333333 0.19921875 0.3385416666666667 0.201171875 0.3645833333333333 0.193359375 0.3802083333333333 0.18359375 0.4075520833333333 0.1416015625 0.4114583333333333 0.0869140625 0.3932291666666667 0.0400390625 0.3515625 0 0.24739583333333334 0
3 0.3268229166666667 0.2744140625 0.3385416666666667 0.2880859375 0.3450520833333333 0.3203125 0.3515625 0.3232421875 0.3619791666666667 0.3212890625 0.3723958333333333 0.2998046875 0.3645833333333333 0.2734375 0.328125 0.2392578125 0.2890625 0.2109375 0.2682291666666667 0.2119140625 0.2604166666666667 0.2177734375 0.2604166666666667 0.2255859375 0.2747395833333333 0.267578125 0.3268229166666667 0.2744140625
3 0.4309895833333333 0.3310546875 0.4361979166666667 0.314453125 0.421875 0.298828125 0.4075520833333333 0.2978515625 0.3919270833333333 0.3134765625 0.3919270833333333 0.328125 0.40234375 0.33984375 0.41796875 0.33984375 0.4309895833333333 0.3310546875
11 0.515625 0.43359375 0.5364583333333334 0.4306640625 0.5442708333333334 0.42578125 0.58203125 0.421875 0.58203125 0.3857421875 0.5755208333333334 0.373046875 0.5052083333333334 0.380859375 0.4817708333333333 0.3720703125 0.4765625 0.373046875 0.4752604166666667 0.416015625 0.4765625 0.431640625 0.48046875 0.4345703125 0.515625 0.43359375
11 0.6263020833333334 0.5595703125 0.6263020833333334 0.5673828125 0.6380208333333334 0.5693359375 0.6705729166666666 0.5654296875 0.6744791666666666 0.560546875 0.6822916666666666 0.560546875 0.6875 0.5517578125 0.7057291666666666 0.546875 0.71484375 0.548828125 0.7265625 0.5390625 0.70703125 0.478515625 0.6575520833333334 0.455078125 0.6510416666666666 0.45703125 0.6458333333333334 0.4716796875 0.63671875 0.5224609375 0.6393229166666666 0.5400390625 0.6315104166666666 0.54296875 0.6263020833333334 0.5595703125
11 0.8177083333333334 0.5302734375 0.8372395833333334 0.5400390625 0.8567708333333334 0.48046875 0.8424479166666666 0.423828125 0.8385416666666666 0.4208984375 0.8294270833333334 0.4228515625 0.7955729166666666 0.4345703125 0.7903645833333334 0.439453125 0.78515625 0.4833984375 0.7903645833333334 0.5185546875 0.7942708333333334 0.525390625 0.8177083333333334 0.5302734375
11 0.83203125 0.6337890625 0.87109375 0.6064453125 0.890625 0.6123046875 0.9036458333333334 0.5947265625 0.9010416666666666 0.5908203125 0.8854166666666666 0.58984375 0.8880208333333334 0.583984375 0.8815104166666666 0.572265625 0.8854166666666666 0.5673828125 0.84765625 0.578125 0.8359375 0.5849609375 0.83984375 0.5888671875 0.8346354166666666 0.59375 0.8268229166666666 0.59375 0.82421875 0.58984375 0.8151041666666666 0.5908203125 0.7630208333333334 0.611328125 0.7278645833333334 0.66015625 0.7265625 0.6650390625 0.73046875 0.666015625 0.79296875 0.640625 0.83203125 0.6337890625
11 0.4088541666666667 0.462890625 0.3763020833333333 0.4765625 0.3763020833333333 0.4853515625 0.3841145833333333 0.4873046875 0.3815104166666667 0.5048828125 0.3723958333333333 0.5107421875 0.35546875 0.509765625 0.3541666666666667 0.517578125 0.3450520833333333 0.525390625 0.3294270833333333 0.5244140625 0.3216145833333333 0.51953125 0.3203125 0.5048828125 0.2903645833333333 0.5166015625 0.2877604166666667 0.5224609375 0.2994791666666667 0.529296875 0.37109375 0.546875 0.4088541666666667 0.462890625
8 0.4752604166666667 0.5751953125 0.5 0.5673828125 0.5182291666666666 0.5556640625 0.51953125 0.52734375 0.5260416666666666 0.5048828125 0.5182291666666666 0.49609375 0.4986979166666667 0.4873046875 0.4765625 0.4853515625 0.4557291666666667 0.48828125 0.421875 0.505859375 0.4075520833333333 0.529296875 0.4075520833333333 0.5498046875 0.4231770833333333 0.568359375 0.4453125 0.576171875 0.4752604166666667 0.5751953125
10 0.3606770833333333 0.6640625 0.3776041666666667 0.6435546875 0.375 0.623046875 0.359375 0.6123046875 0.3450520833333333 0.61328125 0.3216145833333333 0.625 0.3020833333333333 0.6474609375 0.2994791666666667 0.6630859375 0.3125 0.6787109375 0.3385416666666667 0.6787109375 0.3606770833333333 0.6640625
4 0.3177083333333333 0.6201171875 0.328125 0.609375 0.3216145833333333 0.5869140625 0.3125 0.58203125 0.2994791666666667 0.58203125 0.2877604166666667 0.5908203125 0.2864583333333333 0.6064453125 0.2916666666666667 0.6162109375 0.3059895833333333 0.623046875 0.3177083333333333 0.6201171875
8 0.7473958333333334 0.4775390625 0.75 0.4658203125 0.7408854166666666 0.455078125 0.71875 0.4541015625 0.7109375 0.4619140625 0.7096354166666666 0.4765625 0.7200520833333334 0.4873046875 0.7317708333333334 0.4873046875 0.7473958333333334 0.4775390625
0 0.7434895833333334 0.3486328125 0.7356770833333334 0.3427734375 0.70703125 0.3408203125 0.7083333333333334 0.349609375 0.7200520833333334 0.3642578125 0.7421875 0.3525390625 0.7434895833333334 0.3486328125
0 0.69140625 0.3740234375 0.63671875 0.361328125 0.6471354166666666 0.39453125 0.6731770833333334 0.390625 0.7018229166666666 0.3798828125 0.69140625 0.3740234375
0 0.6432291666666666 0.4140625 0.62890625 0.4072265625 0.62109375 0.4091796875 0.5911458333333334 0.4013671875 0.5872395833333334 0.4033203125 0.5885416666666666 0.419921875 0.6341145833333334 0.423828125 0.6432291666666666 0.4208984375 0.6432291666666666 0.4140625
0 0.6302083333333334 0.40625 0.6263020833333334 0.396484375 0.6067708333333334 0.3935546875 0.5924479166666666 0.396484375 0.5911458333333334 0.4013671875 0.59765625 0.404296875 0.6197916666666666 0.4091796875 0.6302083333333334 0.40625
0 0.68359375 0.4052734375 0.68359375 0.396484375 0.6705729166666666 0.392578125 0.6640625 0.39453125 0.6627604166666666 0.4013671875 0.66796875 0.4072265625 0.6796875 0.408203125 0.68359375 0.4052734375
0 0.7174479166666666 0.3759765625 0.7161458333333334 0.3662109375 0.7018229166666666 0.3623046875 0.6953125 0.3642578125 0.6940104166666666 0.373046875 0.6979166666666666 0.3759765625 0.7044270833333334 0.37890625 0.7174479166666666 0.3759765625
0 0.6276041666666666 0.537109375 0.6354166666666666 0.5146484375 0.6263020833333334 0.50390625 0.6002604166666666 0.50390625 0.578125 0.51171875 0.5703125 0.521484375 0.5703125 0.5341796875 0.5833333333333334 0.5400390625 0.6171875 0.5419921875 0.6276041666666666 0.537109375
0 0.5794270833333334 0.544921875 0.578125 0.5390625 0.5729166666666666 0.537109375 0.54296875 0.5390625 0.5416666666666666 0.5458984375 0.55078125 0.55078125 0.5690104166666666 0.5498046875 0.5794270833333334 0.544921875
3 0.640625 0.587890625 0.6458333333333334 0.5908203125 0.6510416666666666 0.5908203125 0.6614583333333334 0.5859375 0.6653645833333334 0.5830078125 0.66796875 0.5791015625 0.6705729166666666 0.568359375 0.66796875 0.5673828125 0.6666666666666666 0.568359375 0.6263020833333334 0.5771484375 0.625 0.578125 0.625 0.58203125 0.62890625 0.5849609375 0.640625 0.587890625
3 0.6953125 0.6015625 0.6966145833333334 0.6025390625 0.7057291666666666 0.6025390625 0.71484375 0.5986328125 0.7200520833333334 0.5947265625 0.7200520833333334 0.59375 0.7252604166666666 0.5888671875 0.7252604166666666 0.5830078125 0.72265625 0.580078125 0.7200520833333334 0.580078125 0.7174479166666666 0.5810546875 0.7174479166666666 0.58203125 0.7096354166666666 0.587890625 0.7044270833333334 0.5859375 0.7005208333333334 0.5859375 0.6979166666666666 0.587890625 0.7005208333333334 0.5927734375 0.69921875 0.59765625 0.6966145833333334 0.5986328125 0.6953125 0.6015625
11 0.7240690104166667 0.595310546875 0.7226393229166667 0.593640625 0.7077799479166667 0.602046875 0.6994973958333334 0.602515625 0.6945078124999999 0.6042578125 0.63523828125 0.63823046875 0.6468489583333333 0.661865234375 0.6502604166666667 0.679482421875 0.7240690104166667 0.595310546875
3 0.7942708333333334 0.5390625 0.79296875 0.53125 0.7760416666666666 0.517578125 0.7604166666666666 0.521484375 0.7513020833333334 0.5322265625 0.7513020833333334 0.544921875 0.76171875 0.552734375 0.7825520833333334 0.5498046875 0.7942708333333334 0.5390625
8 0.66015625 0.36328125 0.67578125 0.3603515625 0.6901041666666666 0.33203125 0.68359375 0.3095703125 0.6640625 0.296875 0.6458333333333334 0.2919921875 0.6315104166666666 0.29296875 0.6184895833333334 0.30078125 0.6158854166666666 0.3203125 0.6263020833333334 0.3447265625 0.6471354166666666 0.3603515625 0.66015625 0.36328125
4 0.3802083333333333 0.4384765625 0.3893229166666667 0.4267578125 0.38671875 0.412109375 0.3684895833333333 0.400390625 0.3567708333333333 0.3994140625 0.3489583333333333 0.40625 0.34765625 0.4140625 0.3567708333333333 0.431640625 0.3645833333333333 0.4384765625 0.3802083333333333 0.4384765625
0 0.3828125 0.37109375 0.390625 0.3701171875 0.3932291666666667 0.3681640625 0.3958333333333333 0.36328125 0.3958333333333333 0.3583984375 0.3932291666666667 0.3544921875 0.3919270833333333 0.353515625 0.3828125 0.353515625 0.37890625 0.3564453125 0.3776041666666667 0.3583984375 0.3776041666666667 0.3662109375 0.3802083333333333 0.3701171875 0.3828125 0.37109375
0 0.3671875 0.37890625 0.37109375 0.37890625 0.3763020833333333 0.3759765625 0.37890625 0.369140625 0.3736979166666667 0.3623046875 0.3697916666666667 0.3623046875 0.3645833333333333 0.365234375 0.3619791666666667 0.369140625 0.3619791666666667 0.373046875 0.36328125 0.3759765625 0.3671875 0.37890625
11 0.3203125 0.4365234375 0.3489583333333333 0.4375 0.3763020833333333 0.4462890625 0.4075520833333333 0.4404296875 0.4049479166666667 0.4296875 0.39453125 0.4140625 0.37109375 0.400390625 0.36328125 0.3994140625 0.3463541666666667 0.392578125 0.33984375 0.392578125 0.2942708333333333 0.4208984375 0.29296875 0.4248046875 0.2994791666666667 0.4296875 0.3072916666666667 0.4306640625 0.3203125 0.4365234375
11 0.3684895833333333 0.4619140625 0.37109375 0.4560546875 0.3697916666666667 0.4482421875 0.3645833333333333 0.4443359375 0.3541666666666667 0.4443359375 0.30078125 0.43359375 0.2942708333333333 0.4423828125 0.30078125 0.4453125 0.2890625 0.470703125 0.28515625 0.470703125 0.2734375 0.478515625 0.2669270833333333 0.490234375 0.265625 0.4970703125 0.2721354166666667 0.498046875 0.3528645833333333 0.4736328125 0.3684895833333333 0.4619140625
3 0.30078125 0.46484375 0.3020833333333333 0.4658203125 0.3098958333333333 0.4658203125 0.3151041666666667 0.4638671875 0.3216145833333333 0.458984375 0.3229166666666667 0.458984375 0.3255208333333333 0.4560546875 0.3255208333333333 0.4501953125 0.3216145833333333 0.4443359375 0.3151041666666667 0.44140625 0.30859375 0.44140625 0.3046875 0.443359375 0.296875 0.4443359375 0.2903645833333333 0.44921875 0.2864583333333333 0.4501953125 0.28125 0.453125 0.2786458333333333 0.4560546875 0.28125 0.4609375 0.2916666666666667 0.46484375 0.30078125 0.46484375
3 0.30078125 0.5087890625 0.3046875 0.5087890625 0.3138020833333333 0.505859375 0.3190104166666667 0.501953125 0.3203125 0.501953125 0.3229166666666667 0.4990234375 0.3216145833333333 0.494140625 0.3190104166666667 0.4921875 0.3190104166666667 0.4912109375 0.3138020833333333 0.48828125 0.3033854166666667 0.4892578125 0.2942708333333333 0.494140625 0.29296875 0.49609375 0.29296875 0.5029296875 0.2942708333333333 0.5048828125 0.30078125 0.5087890625
0 0.296875 0.4814453125 0.2994791666666667 0.4794921875 0.3020833333333333 0.474609375 0.3020833333333333 0.4716796875 0.30078125 0.4697265625 0.2981770833333333 0.46875 0.2877604166666667 0.46875 0.2838541666666667 0.470703125 0.2825520833333333 0.4736328125 0.2838541666666667 0.4765625 0.2903645833333333 0.4814453125 0.296875 0.4814453125
3 0.2799479166666667 0.5546875 0.28125 0.556640625 0.2916666666666667 0.556640625 0.2942708333333333 0.5546875 0.2955729166666667 0.5546875 0.3059895833333333 0.546875 0.30859375 0.54296875 0.30859375 0.5380859375 0.3059895833333333 0.5361328125 0.2994791666666667 0.5361328125 0.296875 0.5380859375 0.2760416666666667 0.54296875 0.2721354166666667 0.5458984375 0.2721354166666667 0.5498046875 0.2786458333333333 0.5546875 0.2799479166666667 0.5546875
4 0.2994791666666667 0.5673828125 0.3033854166666667 0.5712890625 0.3111979166666667 0.5751953125 0.3203125 0.5751953125 0.33203125 0.5703125 0.3372395833333333 0.56640625 0.3411458333333333 0.5595703125 0.3411458333333333 0.55078125 0.33984375 0.548828125 0.3346354166666667 0.544921875 0.3307291666666667 0.5439453125 0.3307291666666667 0.54296875 0.32421875 0.5458984375 0.3229166666666667 0.544921875 0.3203125 0.544921875 0.3177083333333333 0.5419921875 0.3151041666666667 0.5419921875 0.2994791666666667 0.5537109375 0.2981770833333333 0.556640625 0.2981770833333333 0.5634765625 0.2994791666666667 0.564453125 0.2994791666666667 0.5673828125
4 0.3606770833333333 0.5947265625 0.3619791666666667 0.5966796875 0.3658854166666667 0.599609375 0.37109375 0.6015625 0.3776041666666667 0.6025390625 0.3893229166666667 0.5986328125 0.3919270833333333 0.5966796875 0.3997395833333333 0.587890625 0.3997395833333333 0.5830078125 0.4010416666666667 0.5810546875 0.3997395833333333 0.580078125 0.3984375 0.57421875 0.39453125 0.5693359375 0.3880208333333333 0.56640625 0.3815104166666667 0.56640625 0.375 0.568359375 0.3697916666666667 0.572265625 0.3684895833333333 0.572265625 0.36328125 0.5771484375 0.3606770833333333 0.58203125 0.3606770833333333 0.5869140625 0.359375 0.587890625 0.3606770833333333 0.5888671875 0.3606770833333333 0.5947265625
3 0.4088541666666667 0.6181640625 0.4153645833333333 0.6181640625 0.4205729166666667 0.6162109375 0.4231770833333333 0.6142578125 0.4244791666666667 0.6103515625 0.421875 0.6064453125 0.41015625 0.6025390625 0.4049479166666667 0.6025390625 0.40234375 0.603515625 0.3997395833333333 0.607421875 0.3997395833333333 0.6123046875 0.40625 0.6171875 0.4088541666666667 0.6181640625
3 0.4166666666666667 0.599609375 0.41796875 0.6005859375 0.4205729166666667 0.6005859375 0.421875 0.599609375 0.42578125 0.599609375 0.4283854166666667 0.59765625 0.4296875 0.591796875 0.42578125 0.587890625 0.421875 0.587890625 0.4205729166666667 0.5869140625 0.40625 0.5849609375 0.4036458333333333 0.5869140625 0.4036458333333333 0.595703125 0.4075520833333333 0.599609375 0.4166666666666667 0.599609375
7 0.23046875 0.658203125 0.23567708333333334 0.642578125 0.234375 0.59375 0.21614583333333334 0.4921875 0.19661458333333334 0.4814453125 0.17708333333333334 0.4853515625 0.16145833333333334 0.49609375 0.15494791666666666 0.51171875 0.16927083333333334 0.66796875 0.1796875 0.6796875 0.19921875 0.6787109375 0.23046875 0.658203125
7 0.234375 0.451171875 0.2421875 0.4462890625 0.24479166666666666 0.435546875 0.21223958333333334 0.3125 0.20182291666666666 0.2998046875 0.19010416666666666 0.298828125 0.17578125 0.3134765625 0.17578125 0.3388671875 0.20572916666666666 0.4365234375 0.21744791666666666 0.451171875 0.234375 0.451171875
7 0.2682291666666667 0.3857421875 0.2890625 0.373046875 0.296875 0.353515625 0.24479166666666666 0.1845703125 0.21875 0.1416015625 0.20963541666666666 0.1357421875 0.18098958333333334 0.1337890625 0.16015625 0.1513671875 0.1640625 0.185546875 0.23567708333333334 0.373046875 0.25 0.3857421875 0.2682291666666667 0.3857421875
3 0.1015625 0.31640625 0.10807291666666667 0.3212890625 0.12369791666666667 0.322265625 0.13541666666666666 0.30859375 0.14192708333333334 0.2646484375 0.13802083333333334 0.2353515625 0.12369791666666667 0.220703125 0.1015625 0.212890625 0.08333333333333333 0.216796875 0.07291666666666667 0.2265625 0.07552083333333333 0.240234375 0.10416666666666667 0.26953125 0.11067708333333333 0.2822265625 0.1015625 0.31640625
3 0.06380208333333333 0.376953125 0.059895833333333336 0.3984375 0.026041666666666668 0.431640625 0.028645833333333332 0.4443359375 0.044270833333333336 0.451171875 0.06380208333333333 0.447265625 0.09244791666666667 0.421875 0.10546875 0.369140625 0.1015625 0.3251953125 0.09244791666666667 0.2978515625 0.07291666666666667 0.2880859375 0.044270833333333336 0.2900390625 0.022135416666666668 0.3095703125 0.018229166666666668 0.318359375 0.020833333333333332 0.333984375 0.05078125 0.357421875 0.06380208333333333 0.376953125
3 0.10677083333333333 0.3720703125 0.11197916666666667 0.375 0.12760416666666666 0.369140625 0.16145833333333334 0.3115234375 0.16145833333333334 0.3037109375 0.15364583333333334 0.296875 0.13802083333333334 0.296875 0.13541666666666666 0.3154296875 0.125 0.3310546875 0.10546875 0.3447265625 0.10677083333333333 0.3720703125
3 0.16145833333333334 0.42578125 0.17317708333333334 0.4072265625 0.171875 0.3974609375 0.14973958333333334 0.3828125 0.13020833333333334 0.3837890625 0.11848958333333333 0.3896484375 0.11588541666666667 0.4111328125 0.11979166666666667 0.41796875 0.14192708333333334 0.4287109375 0.16145833333333334 0.42578125
3 0.15364583333333334 0.537109375 0.14583333333333334 0.5224609375 0.11588541666666667 0.521484375 0.10807291666666667 0.525390625 0.10807291666666667 0.5361328125 0.125 0.54296875 0.14322916666666666 0.5439453125 0.15364583333333334 0.537109375
3 0.13411458333333334 0.490234375 0.13151041666666666 0.486328125 0.11848958333333333 0.484375 0.08463541666666667 0.501953125 0.08723958333333333 0.5166015625 0.10807291666666667 0.5146484375 0.12630208333333334 0.5048828125 0.13411458333333334 0.490234375
3 0 0.3994140625 0.022135416666666668 0.39453125 0.0390625 0.384765625 0.040364583333333336 0.37890625 0.03515625 0.375 0 0.375 0 0.3994140625
3 0.032552083333333336 0.50390625 0.04296875 0.537109375 0.053385416666666664 0.525390625 0.059895833333333336 0.4931640625 0.032552083333333336 0.50390625
3 0.033854166666666664 0.5390625 0.037760416666666664 0.52734375 0.028645833333333332 0.5087890625 0.022135416666666668 0.50390625 0.005208333333333333 0.5078125 0 0.5185546875 0.010416666666666666 0.537109375 0.020833333333333332 0.541015625 0.033854166666666664 0.5390625
3 0.12890625 0.6259765625 0.12760416666666666 0.60546875 0.11328125 0.5966796875 0.09765625 0.5986328125 0.07161458333333333 0.61328125 0.07291666666666667 0.623046875 0.08984375 0.630859375 0.11588541666666667 0.6337890625 0.12890625 0.6259765625
3 0.12109375 0.587890625 0.10677083333333333 0.580078125 0.07291666666666667 0.5830078125 0.07161458333333333 0.58984375 0.09505208333333333 0.5966796875 0.11458333333333333 0.595703125 0.12109375 0.587890625
1 0.140625 0.4423828125 0.13541666666666666 0.4306640625 0.12630208333333334 0.4267578125 0.11328125 0.427734375 0.09114583333333333 0.4375 0.09114583333333333 0.447265625 0.109375 0.4560546875 0.13020833333333334 0.451171875 0.140625 0.4423828125
6 0.453125 0.291015625 0.4622395833333333 0.2861328125 0.4856770833333333 0.265625 0.4895833333333333 0.2529296875 0.484375 0.2373046875 0.47265625 0.2255859375 0.4635416666666667 0.22265625 0.4388020833333333 0.2255859375 0.4114583333333333 0.25 0.4049479166666667 0.279296875 0.4153645833333333 0.2890625 0.43359375 0.29296875 0.453125 0.291015625
7 0.4583333333333333 0.6376953125 0.4518229166666667 0.6357421875 0.4375 0.6396484375 0.4231770833333333 0.66015625 0.3958333333333333 0.6767578125 0.3958333333333333 0.685546875 0.4348958333333333 0.68359375 0.4609375 0.6611328125 0.4583333333333333 0.6376953125
2 0.1015625 0.5478515625 0.08854166666666667 0.5478515625 0.08723958333333333 0.5537109375 0.09244791666666667 0.5576171875 0.10416666666666667 0.556640625 0.1015625 0.5478515625
4 0.18229166666666666 0.7548828125 0.09114583333333333 0.708984375 0.0859375 0.7109375 0.0859375 0.73046875 0.11848958333333333 0.7470703125 0.14713541666666666 0.759765625 0.18229166666666666 0.7548828125
10 0.53125 0.5986328125 0.5182291666666666 0.591796875 0.4674479166666667 0.58203125 0.4674479166666667 0.5869140625 0.4973958333333333 0.6171875 0.51171875 0.61328125 0.53125 0.5986328125
7 0.6432291666666666 0.451171875 0.6119791666666666 0.47265625 0.6080729166666666 0.4833984375 0.6263020833333334 0.5 0.6432291666666666 0.482421875 0.6432291666666666 0.451171875
4 0.5716145833333334 0.443359375 0.5638020833333334 0.4443359375 0.5143229166666666 0.48046875 0.5104166666666666 0.4873046875 0.5611979166666666 0.474609375 0.5690104166666666 0.46484375 0.5716145833333334 0.443359375
4 0.58203125 0.427734375 0.5572916666666666 0.427734375 0.51171875 0.4365234375 0.5169270833333334 0.4462890625 0.5364583333333334 0.458984375 0.5703125 0.4404296875 0.58203125 0.427734375
4 0.85546875 0.5517578125 0.8372395833333334 0.5380859375 0.8020833333333334 0.52734375 0.79296875 0.5283203125 0.7955729166666666 0.5390625 0.78515625 0.5498046875 0.7890625 0.56640625 0.8059895833333334 0.57421875 0.8333333333333334 0.568359375 0.85546875 0.5517578125
4 0.9010416666666666 0.533203125 0.9075520833333334 0.5009765625 0.8919270833333334 0.490234375 0.8828125 0.4912109375 0.8854166666666666 0.5078125 0.84375 0.533203125 0.8424479166666666 0.5390625 0.8567708333333334 0.5498046875 0.8776041666666666 0.5517578125 0.9010416666666666 0.533203125
4 0.8880208333333334 0.43359375 0.859375 0.4619140625 0.859375 0.482421875 0.8828125 0.4755859375 0.8919270833333334 0.4580078125 0.8880208333333334 0.43359375
3 0.8854166666666666 0.373046875 0.8802083333333334 0.3681640625 0.8580729166666666 0.3720703125 0.8567708333333334 0.3759765625 0.8658854166666666 0.3837890625 0.87890625 0.380859375 0.8854166666666666 0.373046875
2 0.4075520833333333 0.7568359375 0.3958333333333333 0.7587890625 0.3919270833333333 0.765625 0.3997395833333333 0.7705078125 0.4140625 0.76171875 0.4075520833333333 0.7568359375
2 0.2916666666666667 0.7451171875 0.2903645833333333 0.7412109375 0.2721354166666667 0.740234375 0.2669270833333333 0.744140625 0.2669270833333333 0.7509765625 0.2734375 0.75390625 0.2838541666666667 0.751953125 0.2916666666666667 0.7451171875
2 0.2955729166666667 0.7177734375 0.2786458333333333 0.7197265625 0.2838541666666667 0.7294921875 0.29296875 0.7294921875 0.3020833333333333 0.7236328125 0.2955729166666667 0.7177734375
2 0.22005208333333334 0.7138671875 0.22005208333333334 0.7099609375 0.2109375 0.70703125 0.19270833333333334 0.708984375 0.19140625 0.71875 0.19661458333333334 0.7216796875 0.20703125 0.7216796875 0.22005208333333334 0.7138671875
2 0.2630208333333333 0.6728515625 0.26171875 0.666015625 0.23958333333333334 0.666015625 0.23828125 0.67578125 0.24348958333333334 0.6796875 0.2578125 0.677734375 0.2630208333333333 0.6728515625
4 0.2721354166666667 0.7255859375 0.2786458333333333 0.712890625 0.2630208333333333 0.6962890625 0.2604166666666667 0.681640625 0.2421875 0.68359375 0.22786458333333334 0.69921875 0.22135416666666666 0.7158203125 0.23307291666666666 0.7314453125 0.25 0.7333984375 0.2721354166666667 0.7255859375
2 0.50390625 0.7294921875 0.48828125 0.7275390625 0.4856770833333333 0.734375 0.4895833333333333 0.7392578125 0.5 0.7373046875 0.50390625 0.7294921875
2 0.49609375 0.6591796875 0.4986979166666667 0.66796875 0.5130208333333334 0.6689453125 0.51171875 0.66015625 0.49609375 0.6591796875
6 0.8372395833333334 0.513671875 0.8372395833333334 0.501953125 0.8294270833333334 0.4970703125 0.8190104166666666 0.498046875 0.796875 0.5146484375 0.7955729166666666 0.5185546875 0.8033854166666666 0.5234375 0.8255208333333334 0.5224609375 0.8372395833333334 0.513671875
4 0.09505208333333333 0.673828125 0.13671875 0.6748046875 0.15625 0.66796875 0.14583333333333334 0.6533203125 0.11979166666666667 0.6416015625 0.07682291666666667 0.6328125 0.040364583333333336 0.6181640625 0.024739583333333332 0.619140625 0.018229166666666668 0.6240234375 0.016927083333333332 0.6328125 0.026041666666666668 0.6455078125 0.06901041666666667 0.6689453125 0.09505208333333333 0.673828125