9 0.40963541666666664 0.2548828125 0.40963541666666664 0.2431640625 0.4038894479166667 0.23828125 0.39670698958333334 0.2373046875 0.3852150541666666 0.244140625 0.37803259375000003 0.2646484375 0.3651041666666667 0.275390625 0.36797715 0.283203125 0.40963541666666664 0.2548828125
9 0.46482371875 0.296875 0.45604967916666667 0.2958984375 0.43411458333333336 0.310546875 0.43557692291666666 0.3154296875 0.46482371875 0.318359375 0.47213541666666664 0.3115234375 0.47213541666666664 0.3037109375 0.46482371875 0.296875
9 0.40389093125000003 0.21142578125 0.42526041666666664 0.189453125 0.42526041666666664 0.18359375 0.4181372541666667 0.1826171875 0.3768229166666667 0.2080078125 0.37967218125 0.2236328125 0.3924938729166667 0.2275390625 0.4010416666666667 0.22265625 0.40389093125000003 0.21142578125
9 0.5057291666666667 0.1982421875 0.5057291666666667 0.2119140625 0.5185193458333334 0.2158203125 0.5284672625 0.1982421875 0.55404761875 0.1865234375 0.55546875 0.1748046875 0.5057291666666667 0.1982421875
9 0.003125 0.2841796875 0.018224752083333334 0.287109375 0.058033191666666664 0.26953125 0.07450565 0.2685546875 0.08411458333333334 0.2578125 0.07999646875000001 0.2451171875 0.06901483125 0.2373046875 0.0497969625 0.2373046875 0.038815325 0.24609375 0.034697210416666666 0.263671875 0.004497704166666667 0.279296875 0.003125 0.2841796875
9 0.27987132291666666 0.4638671875 0.25137867708333334 0.4697265625 0.24140625 0.4765625 0.24140625 0.48828125 0.25137867708333334 0.4931640625 0.25992647083333337 0.4921875 0.28984375 0.466796875 0.27987132291666666 0.4638671875
9 0.5311354166666666 0.4013671875 0.5252604166666667 0.4052734375 0.5267291666666667 0.4169921875 0.5384791666666667 0.421875 0.5472916666666666 0.419921875 0.5619791666666667 0.400390625 0.5311354166666666 0.4013671875
9 0.3614583333333333 0.5927734375 0.33624320625 0.5986328125 0.32882699375 0.6044921875 0.32734375 0.6123046875 0.33475996458333335 0.6162109375 0.34810914791666664 0.609375 0.3614583333333333 0.59765625 0.3614583333333333 0.5927734375
9 0.37340686250000005 0.609375 0.3703125 0.6162109375 0.3795955875 0.6220703125 0.39197303958333335 0.6162109375 0.3966145833333333 0.607421875 0.3873314958333333 0.6025390625 0.37340686250000005 0.609375
9 0.403125 0.615234375 0.396875 0.615234375 0.378125 0.6279296875 0.378125 0.6396484375 0.3859375 0.640625 0.396875 0.6318359375 0.396875 0.62109375 0.403125 0.615234375
9 0.541019825 0.6220703125 0.5395833333333333 0.6298828125 0.5539482520833333 0.6328125 0.5841145833333333 0.60546875 0.57118615625 0.6015625 0.5697496645833334 0.6083984375 0.541019825 0.6220703125
9 0.5434895833333333 0.59375 0.5434895833333333 0.607421875 0.5608680562499999 0.611328125 0.5671875 0.60546875 0.5656076395833334 0.599609375 0.55296875 0.591796875 0.5434895833333333 0.59375
9 0.5178199395833334 0.5908203125 0.52421875 0.587890625 0.52421875 0.572265625 0.5018229166666667 0.578125 0.5050223208333333 0.58984375 0.5178199395833334 0.5908203125
9 0.6273796687500001 0.5869140625 0.61147629375 0.599609375 0.5970186791666666 0.6044921875 0.5955729166666667 0.6162109375 0.6085847708333334 0.6162109375 0.6143678166666666 0.60546875 0.6375 0.587890625 0.6273796687500001 0.5869140625
9 0.7244791666666667 0.5849609375 0.7244791666666667 0.58984375 0.7445900541666667 0.583984375 0.7632644479166667 0.5849609375 0.7690104166666667 0.5751953125 0.7632644479166667 0.5703125 0.7244791666666667 0.5849609375
9 0.8658978166666667 0.5595703125 0.8598958333333333 0.5634765625 0.862896825 0.5712890625 0.87940228125 0.56640625 0.89140625 0.5576171875 0.89140625 0.552734375 0.8658978166666667 0.5595703125
9 0.7807291666666667 0.337890625 0.7792727625 0.328125 0.7734471458333334 0.32421875 0.7661651229166666 0.3251953125 0.74140625 0.3447265625 0.7428626541666666 0.3505859375 0.7617959104166666 0.33984375 0.77490355 0.341796875 0.7807291666666667 0.337890625
9 0.7903882583333334 0.265625 0.7769649624999999 0.2744140625 0.7665246208333334 0.275390625 0.7635416666666667 0.2880859375 0.7769649624999999 0.29296875 0.7844223479166667 0.2783203125 0.7963541666666667 0.2685546875 0.7903882583333334 0.265625
9 0.9051041666666666 0.3427734375 0.8990625 0.341796875 0.8930208333333333 0.345703125 0.8930208333333333 0.353515625 0.8794270833333333 0.3662109375 0.8809375 0.3701171875 0.9096354166666667 0.3515625 0.9051041666666666 0.3427734375
9 0.93046875 0.3583984375 0.9287878791666666 0.3486328125 0.9187026520833333 0.3486328125 0.9136600375 0.3544921875 0.9119791666666667 0.369140625 0.93046875 0.3583984375
9 0.7443309291666667 0.25 0.7427083333333333 0.2578125 0.74919871875 0.2666015625 0.7605568916666667 0.265625 0.7638020833333333 0.251953125 0.7556891020833334 0.2470703125 0.7443309291666667 0.25
1 0.5054895833333333 0.2109375 0.48933333333333334 0.2099609375 0.4746458333333334 0.2158203125 0.47317708333333336 0.224609375 0.4834583333333333 0.2353515625 0.5054895833333333 0.228515625 0.5098958333333333 0.2197265625 0.5054895833333333 0.2109375
1 0.56328125 0.283203125 0.55740625 0.27734375 0.53096875 0.28125 0.5265625 0.2900390625 0.5397812500000001 0.3017578125 0.55446875 0.3017578125 0.56328125 0.296875 0.56328125 0.283203125
1 0.4562326395833333 0.3681640625 0.4447048604166667 0.36328125 0.4187673604166667 0.369140625 0.4158854166666667 0.376953125 0.43173611041666665 0.38671875 0.45046875 0.3837890625 0.4591145833333333 0.3759765625 0.4562326395833333 0.3681640625
1 0.7231770833333333 0.37109375 0.7231770833333333 0.37890625 0.73375 0.3857421875 0.7458333333333333 0.3837890625 0.7533854166666667 0.3779296875 0.7488541666666666 0.365234375 0.7231770833333333 0.37109375
1 0.7625 0.3203125 0.7594990083333334 0.306640625 0.7384920625 0.30859375 0.7309895833333333 0.3134765625 0.7324900791666666 0.3203125 0.7429935520833334 0.3271484375 0.7579985125 0.3251953125 0.7625 0.3203125
1 0.80390625 0.2919921875 0.8069733791666667 0.3056640625 0.8223090270833333 0.3076171875 0.8315104166666667 0.298828125 0.8299768520833334 0.2900390625 0.8161747687500001 0.287109375 0.80390625 0.2919921875
1 0.7583953375 0.4345703125 0.7493923604166667 0.431640625 0.7313864083333333 0.4375 0.7283854166666667 0.447265625 0.7373883937500001 0.4521484375 0.7508928562499999 0.4501953125 0.7598958333333333 0.443359375 0.7583953375 0.4345703125
1 0.8940017541666666 0.408166015625 0.8923984375 0.417931640625 0.9003669229166668 0.42438671875 0.9145755208333333 0.41770312499999995 0.9132415604166667 0.407189453125 0.9036216583333334 0.405236328125 0.8940017541666666 0.408166015625
4 0.6606770833333333 0.275390625 0.6688741979166667 0.294921875 0.6934655458333334 0.3115234375 0.709859775 0.310546875 0.7248878208333333 0.30078125 0.7494791666666667 0.2685546875 0.7412820520833333 0.25390625 0.72625400625 0.24609375 0.7016626604166666 0.240234375 0.6743389416666666 0.2470703125 0.6634094541666666 0.2587890625 0.6606770833333333 0.275390625
6 0.8287252604166666 0.2587890625 0.8272909229166667 0.2451171875 0.8158162229166667 0.232421875 0.8014728479166667 0.23046875 0.7871294729166666 0.23828125 0.7835364583333334 0.253365234375 0.7914324854166667 0.271484375 0.8143818854166667 0.2744140625 0.8287252604166666 0.2587890625
4 0.4565467541666666 0.076171875 0.4416908916666667 0.0810546875 0.4281855625 0.0908203125 0.4133297 0.1162109375 0.4119791666666667 0.154296875 0.4281855625 0.1845703125 0.4457424895833333 0.1962890625 0.4619488854166667 0.2001953125 0.47680474791666666 0.19921875 0.49031007708333335 0.193359375 0.5200218020833334 0.1689453125 0.528125 0.15234375 0.528125 0.1259765625 0.5119186041666667 0.1005859375 0.4835574125 0.0791015625 0.4565467541666666 0.076171875
8 0.24613521666666666 0 0.23683485833333334 0.015625 0.21823414375 0.0283203125 0.20494791666666667 0.0634765625 0.20627653958333333 0.1025390625 0.21956276458333335 0.1396484375 0.23816348125 0.1640625 0.270050425 0.1884765625 0.2979515 0.19921875 0.33913879999999996 0.201171875 0.3657112520833333 0.193359375 0.381654725 0.18359375 0.4095557979166667 0.1416015625 0.41354166666666664 0.0869140625 0.39494094999999996 0.0400390625 0.35242502708333334 0 0.24613521666666666 0
3 0.2880450583333333 0.2109375 0.26643653125 0.2119140625 0.25833333333333336 0.2177734375 0.25833333333333336 0.2255859375 0.2731891958333333 0.267578125 0.32721051458333333 0.2744140625 0.3393653104166667 0.2880859375 0.346117975 0.3203125 0.3528706395833333 0.3232421875 0.3636749020833333 0.3212890625 0.37447916666666664 0.2998046875 0.36637596875 0.2734375 0.32856104583333334 0.2392578125 0.2880450583333333 0.2109375
3 0.4325827208333333 0.3310546875 0.43828125 0.314453125 0.42261029375 0.298828125 0.4069393375 0.2978515625 0.38984375 0.3134765625 0.38984375 0.328125 0.4012408083333333 0.33984375 0.41833639791666666 0.33984375 0.4325827208333333 0.3310546875
11 0.47452997916666667 0.373046875 0.47317708333333336 0.416015625 0.47452997916666667 0.431640625 0.47858866875 0.4345703125 0.5151168708333334 0.43359375 0.5367632104166666 0.4306640625 0.5448805895833334 0.42578125 0.5841145833333333 0.421875 0.5841145833333333 0.3857421875 0.5773501020833333 0.373046875 0.5042937000000001 0.380859375 0.4799415645833333 0.3720703125 0.47452997916666667 0.373046875
11 0.7164400708333333 0.548828125 0.7286458333333333 0.5390625 0.7083028958333333 0.478515625 0.6567674520833333 0.455078125 0.6499864708333334 0.45703125 0.6445616875 0.4716796875 0.6350683166666666 0.5224609375 0.6377807083333333 0.5400390625 0.6296435333333333 0.54296875 0.62421875 0.5595703125 0.62421875 0.5673828125 0.6364245125 0.5693359375 0.6703294104166667 0.5654296875 0.6743979979166668 0.560546875 0.6825351729166667 0.560546875 0.68795995625 0.5517578125 0.7069466999999999 0.546875 0.7164400708333333 0.548828125
11 0.7830729166666667 0.4833984375 0.78858428125 0.5185546875 0.7927178020833333 0.525390625 0.8175189395833333 0.5302734375 0.8381865520833334 0.5400390625 0.8588541666666667 0.48046875 0.8436979166666667 0.423828125 0.83956439375 0.4208984375 0.8299195083333333 0.4228515625 0.79409564375 0.4345703125 0.78858428125 0.439453125 0.7830729166666667 0.4833984375
11 0.8870710791666667 0.5673828125 0.8484221812499999 0.578125 0.8364276958333333 0.5849609375 0.8404258583333333 0.5888671875 0.8350949750000001 0.59375 0.8270986520833333 0.59375 0.8244332104166666 0.58984375 0.8151041666666666 0.5908203125 0.76179534375 0.611328125 0.7258118875 0.66015625 0.7244791666666667 0.6650390625 0.7284773291666667 0.666015625 0.7924479166666667 0.640625 0.8324295333333332 0.6337890625 0.8724111520833334 0.6064453125 0.8924019604166666 0.6123046875 0.9057291666666667 0.5947265625 0.9030637250000001 0.5908203125 0.8870710791666667 0.58984375 0.88973651875 0.583984375 0.8830729166666667 0.572265625 0.8870710791666667 0.5673828125
11 0.34494007708333335 0.525390625 0.32877744166666667 0.5244140625 0.32069612500000005 0.51953125 0.3193492375 0.5048828125 0.28837085625000003 0.5166015625 0.28567708333333336 0.5224609375 0.2977990583333333 0.529296875 0.3718778 0.546875 0.4109375 0.462890625 0.3772653458333333 0.4765625 0.3772653458333333 0.4853515625 0.3853466625 0.4873046875 0.3826528895833333 0.5048828125 0.3732246854166667 0.5107421875 0.35571516666666664 0.509765625 0.3543682791666667 0.517578125 0.34494007708333335 0.525390625
8 0.45533997291666667 0.48828125 0.4202953291666667 0.505859375 0.40546875 0.529296875 0.40546875 0.5498046875 0.4216432 0.568359375 0.44455700625 0.576171875 0.47555803541666664 0.5751953125 0.5011675833333333 0.5673828125 0.520037775 0.5556640625 0.5213856458333334 0.52734375 0.528125 0.5048828125 0.520037775 0.49609375 0.4998197125 0.4873046875 0.47690590625 0.4853515625 0.45533997291666667 0.48828125
10 0.31111111041666667 0.6787109375 0.3385416666666667 0.6787109375 0.36185763958333333 0.6640625 0.3796875 0.6435546875 0.37694444375 0.623046875 0.36048611041666667 0.6123046875 0.34539930625 0.61328125 0.32071180625 0.625 0.30013888958333335 0.6474609375 0.29739583333333336 0.6630859375 0.31111111041666667 0.6787109375
4 0.305859375 0.623046875 0.31875 0.6201171875 0.3302083333333333 0.609375 0.323046875 0.5869140625 0.31302083333333336 0.58203125 0.2986979166666667 0.58203125 0.2858072916666667 0.5908203125 0.284375 0.6064453125 0.29010416666666666 0.6162109375 0.305859375 0.623046875
8 0.74921035 0.4775390625 0.7520833333333333 0.4658203125 0.7420278895833333 0.455078125 0.7176075270833333 0.4541015625 0.708988575 0.4619140625 0.7075520833333333 0.4765625 0.7190440187499999 0.4873046875 0.7319724458333333 0.4873046875 0.74921035 0.4775390625
0 0.7049479166666667 0.3408203125 0.7063988104166667 0.349609375 0.7194568458333334 0.3642578125 0.7441220229166666 0.3525390625 0.7455729166666667 0.3486328125 0.7368675604166667 0.3427734375 0.7049479166666667 0.3408203125
0 0.6734270833333333 0.390625 0.70390625 0.3798828125 0.6928229166666667 0.3740234375 0.6346354166666667 0.361328125 0.64571875 0.39453125 0.6734270833333333 0.390625
0 0.6453125 0.4140625 0.6299236916666667 0.4072265625 0.6215297958333333 0.4091796875 0.5893531979166667 0.4013671875 0.58515625 0.4033203125 0.5865552333333334 0.419921875 0.6355196229166666 0.423828125 0.6453125 0.4208984375 0.6453125 0.4140625
0 0.6279687500000001 0.396484375 0.6063541666666666 0.3935546875 0.5905034729166666 0.396484375 0.5890625 0.4013671875 0.5962673604166666 0.404296875 0.6207638895833333 0.4091796875 0.6322916666666667 0.40625 0.6279687500000001 0.396484375
0 0.6856770833333333 0.396484375 0.6700520833333333 0.392578125 0.6622395833333333 0.39453125 0.6606770833333333 0.4013671875 0.6669270833333333 0.4072265625 0.6809895833333334 0.408203125 0.6856770833333333 0.4052734375 0.6856770833333333 0.396484375
0 0.7179976854166666 0.3662109375 0.7011284729166667 0.3623046875 0.6934606479166666 0.3642578125 0.6919270833333333 0.373046875 0.6965277770833332 0.3759765625 0.7041956020833333 0.37890625 0.71953125 0.3759765625 0.7179976854166666 0.3662109375
0 0.6181041666666667 0.5419921875 0.6291875 0.537109375 0.6375 0.5146484375 0.6278020833333334 0.50390625 0.60009375 0.50390625 0.5765416666666667 0.51171875 0.5682291666666667 0.521484375 0.5682291666666667 0.5341796875 0.5820833333333333 0.5400390625 0.6181041666666667 0.5419921875
0 0.5800646541666666 0.5390625 0.5742816083333333 0.537109375 0.5410290958333334 0.5390625 0.5395833333333333 0.5458984375 0.5497036645833333 0.55078125 0.569944325 0.5498046875 0.5815104166666667 0.544921875 0.5800646541666666 0.5390625
3 0.66839285625 0.568359375 0.6243377979166667 0.5771484375 0.6229166666666667 0.578125 0.6229166666666667 0.58203125 0.6271800604166666 0.5849609375 0.6399702375 0.587890625 0.6456547625 0.5908203125 0.6513392854166666 0.5908203125 0.6627083333333333 0.5859375 0.6669717270833334 0.5830078125 0.6698139875 0.5791015625 0.67265625 0.568359375 0.6698139875 0.5673828125 0.66839285625 0.568359375
3 0.7243772645833333 0.580078125 0.7214107791666666 0.580078125 0.71844429375 0.5810546875 0.71844429375 0.58203125 0.7095448375 0.587890625 0.7036118666666666 0.5859375 0.6991621375 0.5859375 0.6961956520833333 0.587890625 0.6991621375 0.5927734375 0.6976788958333333 0.59765625 0.6947124104166666 0.5986328125 0.6932291666666667 0.6015625 0.6947124104166666 0.6025390625 0.7050951083333333 0.6025390625 0.7154778083333333 0.5986328125 0.7214107791666666 0.5947265625 0.7214107791666666 0.59375 0.72734375 0.5888671875 0.72734375 0.5830078125 0.7243772645833333 0.580078125
11 0.72615234375 0.595310546875 0.7246555958333333 0.593640625 0.7090992312500001 0.602046875 0.7004281812500001 0.602515625 0.6952045583333334 0.6042578125 0.6331549479166667 0.63823046875 0.6453102312500001 0.661865234375 0.64888170625 0.679482421875 0.72615234375 0.595310546875
3 0.7963541666666667 0.5390625 0.7949258208333333 0.53125 0.7763573229166667 0.517578125 0.7592171708333333 0.521484375 0.74921875 0.5322265625 0.74921875 0.544921875 0.7606455166666667 0.552734375 0.7834990520833334 0.5498046875 0.7963541666666667 0.5390625
8 0.6138020833333333 0.3203125 0.6248035458333334 0.3447265625 0.64680646875 0.3603515625 0.6605582958333333 0.36328125 0.6770604895833333 0.3603515625 0.6921875 0.33203125 0.6853115854166667 0.3095703125 0.6646838458333334 0.296875 0.6454312875 0.2919921875 0.6303042770833333 0.29296875 0.6165524479166666 0.30078125 0.6138020833333333 0.3203125
4 0.36419270833333334 0.4384765625 0.38138020833333336 0.4384765625 0.39140625 0.4267578125 0.3885416666666667 0.412109375 0.3684895833333333 0.400390625 0.3555989583333333 0.3994140625 0.3470052083333333 0.40625 0.3455729166666667 0.4140625 0.3555989583333333 0.431640625 0.36419270833333334 0.4384765625
0 0.3771205354166666 0.3564453125 0.37552083333333336 0.3583984375 0.37552083333333336 0.3662109375 0.3787202375 0.3701171875 0.38191964375 0.37109375 0.39151785625 0.3701171875 0.3947172625 0.3681640625 0.39791666666666664 0.36328125 0.39791666666666664 0.3583984375 0.3947172625 0.3544921875 0.3931175604166667 0.353515625 0.38191964375 0.353515625 0.3771205354166666 0.3564453125
0 0.35989583333333336 0.373046875 0.36151842916666665 0.3759765625 0.36638621875 0.37890625 0.37125400625 0.37890625 0.3777443916666667 0.3759765625 0.3809895833333333 0.369140625 0.37449919791666664 0.3623046875 0.3696314104166667 0.3623046875 0.363141025 0.365234375 0.35989583333333336 0.369140625 0.35989583333333336 0.373046875
11 0.3462121208333333 0.392578125 0.3394649625 0.392578125 0.29223484791666665 0.4208984375 0.2908854166666667 0.4248046875 0.297632575 0.4296875 0.30572916666666666 0.4306640625 0.3192234854166667 0.4365234375 0.34891098541666665 0.4375 0.3772490520833333 0.4462890625 0.40963541666666664 0.4404296875 0.40693655208333335 0.4296875 0.3961410979166667 0.4140625 0.371851325 0.400390625 0.36375473541666664 0.3994140625 0.3462121208333333 0.392578125
11 0.28790509166666667 0.470703125 0.28384452083333334 0.470703125 0.27166280833333334 0.478515625 0.26489518958333336 0.490234375 0.2635416666666667 0.4970703125 0.27030928541666666 0.498046875 0.35422775208333335 0.4736328125 0.3704700354166667 0.4619140625 0.3731770833333333 0.4560546875 0.3718235604166667 0.4482421875 0.36640946458333334 0.4443359375 0.355581275 0.4443359375 0.30008680625 0.43359375 0.29331918749999997 0.4423828125 0.30008680625 0.4453125 0.28790509166666667 0.470703125
3 0.32335069375000003 0.4443359375 0.316261575 0.44140625 0.30917245416666667 0.44140625 0.30491898125 0.443359375 0.2964120375 0.4443359375 0.28932291666666665 0.44921875 0.28506944375000004 0.4501953125 0.2793981479166667 0.453125 0.2765625 0.4560546875 0.2793981479166667 0.4609375 0.29074074166666664 0.46484375 0.30066550833333333 0.46484375 0.3020833333333333 0.4658203125 0.31059027708333337 0.4658203125 0.316261575 0.4638671875 0.32335069375000003 0.458984375 0.32476851875 0.458984375 0.32760416666666664 0.4560546875 0.32760416666666664 0.4501953125 0.32335069375000003 0.4443359375
3 0.3205502708333333 0.4912109375 0.3146173 0.48828125 0.30275135833333333 0.4892578125 0.2923686604166667 0.494140625 0.2908854166666667 0.49609375 0.2908854166666667 0.5029296875 0.2923686604166667 0.5048828125 0.29978487291666667 0.5087890625 0.30423460208333336 0.5087890625 0.3146173 0.505859375 0.3205502708333333 0.501953125 0.32203351458333335 0.501953125 0.325 0.4990234375 0.32351675625 0.494140625 0.3205502708333333 0.4921875 0.3205502708333333 0.4912109375
0 0.28046875 0.4736328125 0.2820486104166667 0.4765625 0.2899479166666667 0.4814453125 0.29784722291666665 0.4814453125 0.30100694375 0.4794921875 0.30416666666666664 0.474609375 0.30416666666666664 0.4716796875 0.30258680625 0.4697265625 0.29942708333333334 0.46875 0.28678819375 0.46875 0.2820486104166667 0.470703125 0.28046875 0.4736328125
3 0.3077752979166667 0.5361328125 0.30052083333333335 0.5361328125 0.29761904791666666 0.5380859375 0.27440476249999995 0.54296875 0.27005208333333336 0.5458984375 0.27005208333333336 0.5498046875 0.2773065479166667 0.5546875 0.2787574395833333 0.5546875 0.28020833333333334 0.556640625 0.29181547708333333 0.556640625 0.29471726249999997 0.5546875 0.2961681541666667 0.5546875 0.3077752979166667 0.546875 0.3106770833333333 0.54296875 0.3106770833333333 0.5380859375 0.3077752979166667 0.5361328125
4 0.3418008208333333 0.548828125 0.3360874375 0.544921875 0.3318024 0.5439453125 0.3318024 0.54296875 0.32466066875 0.5458984375 0.32323232291666665 0.544921875 0.32037563125 0.544921875 0.3175189395833333 0.5419921875 0.3146622479166667 0.5419921875 0.29752209583333333 0.5537109375 0.29609375 0.556640625 0.29609375 0.5634765625 0.29752209583333333 0.564453125 0.29752209583333333 0.5673828125 0.3018071333333333 0.5712890625 0.3103772104166667 0.5751953125 0.32037563125 0.5751953125 0.33323074583333334 0.5703125 0.33894412916666666 0.56640625 0.34322916666666664 0.5595703125 0.34322916666666664 0.55078125 0.3418008208333333 0.548828125
4 0.4016927083333333 0.5830078125 0.403125 0.5810546875 0.4016927083333333 0.580078125 0.4002604166666667 0.57421875 0.39596354166666664 0.5693359375 0.3888020833333333 0.56640625 0.381640625 0.56640625 0.37447916666666664 0.568359375 0.36875 0.572265625 0.3673177083333333 0.572265625 0.36158854166666665 0.5771484375 0.3587239583333333 0.58203125 0.3587239583333333 0.5869140625 0.3572916666666667 0.587890625 0.3587239583333333 0.5888671875 0.3587239583333333 0.5947265625 0.36015625 0.5966796875 0.364453125 0.599609375 0.37018229166666666 0.6015625 0.37734375 0.6025390625 0.390234375 0.5986328125 0.39309895833333336 0.5966796875 0.4016927083333333 0.587890625 0.4016927083333333 0.5830078125
3 0.40069901249999995 0.603515625 0.39765625 0.607421875 0.39765625 0.6123046875 0.4052631583333334 0.6171875 0.40830592083333334 0.6181640625 0.41591282916666666 0.6181640625 0.42199835625 0.6162109375 0.42504111875 0.6142578125 0.4265625 0.6103515625 0.42351973750000005 0.6064453125 0.40982730208333334 0.6025390625 0.4037417770833333 0.6025390625 0.40069901249999995 0.603515625
3 0.42270833333333335 0.587890625 0.42119791666666667 0.5869140625 0.4045833333333333 0.5849609375 0.4015625 0.5869140625 0.4015625 0.595703125 0.40609375000000003 0.599609375 0.4166666666666667 0.599609375 0.4181770833333333 0.6005859375 0.42119791666666667 0.6005859375 0.42270833333333335 0.599609375 0.4272395833333333 0.599609375 0.4302604166666667 0.59765625 0.4317708333333333 0.591796875 0.4272395833333333 0.587890625 0.42270833333333335 0.587890625
7 0.16792674791666667 0.66796875 0.17888104791666667 0.6796875 0.1994203625 0.6787109375 0.23228326666666668 0.658203125 0.23776041666666667 0.642578125 0.23639112916666666 0.59375 0.21722110208333334 0.4921875 0.1966817875 0.4814453125 0.17614247291666668 0.4853515625 0.15971102083333333 0.49609375 0.15286458333333333 0.51171875 0.16792674791666667 0.66796875
7 0.20545401041666667 0.4365234375 0.21788030625000002 0.451171875 0.23582940208333333 0.451171875 0.2441136 0.4462890625 0.246875 0.435546875 0.2123575083333333 0.3125 0.20131191041666666 0.2998046875 0.1888856125 0.298828125 0.17369791666666667 0.3134765625 0.17369791666666667 0.3388671875 0.20545401041666667 0.4365234375
7 0.16209821458333332 0.185546875 0.2358953375 0.373046875 0.2506547625 0.3857421875 0.26943948333333334 0.3857421875 0.29090773750000004 0.373046875 0.2989583333333333 0.353515625 0.24528769791666666 0.1845703125 0.21845238125 0.1416015625 0.20906002083333333 0.1357421875 0.17954117083333332 0.1337890625 0.15807291666666667 0.1513671875 0.16209821458333332 0.185546875
3 0.08187893125 0.216796875 0.07083333333333333 0.2265625 0.07359473333333333 0.240234375 0.103970125 0.26953125 0.110873625 0.2822265625 0.10120872708333332 0.31640625 0.10811222499999999 0.3212890625 0.12468062083333334 0.322265625 0.13710691875 0.30859375 0.14401041666666667 0.2646484375 0.13986831666666666 0.2353515625 0.12468062083333334 0.220703125 0.10120872708333332 0.212890625 0.08187893125 0.216796875
3 0.10345926666666667 0.3251953125 0.09390936041666667 0.2978515625 0.07344527291666667 0.2880859375 0.043431281249999995 0.2900390625 0.02023865 0.3095703125 0.016145833333333335 0.318359375 0.018874377083333334 0.333984375 0.050252643750000006 0.357421875 0.06389536666666666 0.376953125 0.05980255 0.3984375 0.02433146666666667 0.431640625 0.0270600125 0.4443359375 0.043431281249999995 0.451171875 0.06389536666666666 0.447265625 0.09390936041666667 0.421875 0.10755208333333334 0.369140625 0.10345926666666667 0.3251953125
3 0.12437015416666666 0.3310546875 0.10338541666666666 0.3447265625 0.1047844 0.3720703125 0.11038032916666667 0.375 0.12716812083333334 0.369140625 0.16354166666666667 0.3115234375 0.16354166666666667 0.3037109375 0.15514777083333334 0.296875 0.13835998124999999 0.296875 0.13556201458333333 0.3154296875 0.12437015416666666 0.3310546875
3 0.14173768958333335 0.4287109375 0.16268939375 0.42578125 0.17526041666666667 0.4072265625 0.17386363541666666 0.3974609375 0.15011837083333335 0.3828125 0.12916666666666668 0.3837890625 0.11659564375 0.3896484375 0.11380208333333333 0.4111328125 0.117992425 0.41796875 0.14173768958333335 0.4287109375
3 0.14720238125000001 0.5224609375 0.11451636875 0.521484375 0.10598958333333333 0.525390625 0.10598958333333333 0.5361328125 0.12446428541666667 0.54296875 0.14436011875 0.5439453125 0.15572916666666667 0.537109375 0.14720238125000001 0.5224609375
3 0.13337445208333334 0.486328125 0.11925712708333333 0.484375 0.08255208333333333 0.501953125 0.08537554791666667 0.5166015625 0.10796326666666665 0.5146484375 0.12772752291666667 0.5048828125 0.13619791666666667 0.490234375 0.13337445208333334 0.486328125
3 0 0.39899750312500004 0.022337029166666668 0.39453125 0.041011425 0.384765625 0.04244791666666667 0.37890625 0.03670194791666667 0.375 0 0.375 0 0.39899750312500004
3 0.03046875 0.50390625 0.04247271875 0.537109375 0.0544766875 0.525390625 0.06197916666666667 0.4931640625 0.03046875 0.50390625
3 0 0.5218968359375 0.009482758333333334 0.537109375 0.02104885 0.541015625 0.03550646458333333 0.5390625 0.03984375 0.52734375 0.02972341875 0.5087890625 0.0224946125 0.50390625 0.0036997125 0.5078125 0 0.5146848312500001 0 0.5218968359375
3 0.13098958333333333 0.6259765625 0.12959280208333335 0.60546875 0.11422821875000001 0.5966796875 0.09746685625 0.5986328125 0.06953125 0.61328125 0.07092803125 0.623046875 0.089086175 0.630859375 0.11702178125 0.6337890625 0.13098958333333333 0.6259765625
3 0.07094298333333333 0.5830078125 0.06953125 0.58984375 0.09494243333333333 0.5966796875 0.11611842083333333 0.595703125 0.12317708333333334 0.587890625 0.10764802708333333 0.580078125 0.07094298333333333 0.5830078125
1 0.14270833333333333 0.4423828125 0.13706140416666665 0.4306640625 0.12717927708333335 0.4267578125 0.11306195208333333 0.427734375 0.0890625 0.4375 0.0890625 0.447265625 0.10882675416666668 0.4560546875 0.13141447291666666 0.451171875 0.14270833333333333 0.4423828125
6 0.40969551249999997 0.25 0.40286458333333336 0.279296875 0.4137940708333333 0.2890625 0.43292067291666664 0.29296875 0.45341346250000003 0.291015625 0.4629767625 0.2861328125 0.4875681083333333 0.265625 0.49166666666666664 0.2529296875 0.4862019229166667 0.2373046875 0.47390625 0.2255859375 0.46434294791666664 0.22265625 0.4383854166666667 0.2255859375 0.40969551249999997 0.25
7 0.46025 0.6376953125 0.4533229166666667 0.6357421875 0.4380833333333333 0.6396484375 0.42284375 0.66015625 0.39375 0.6767578125 0.39375 0.685546875 0.4353125 0.68359375 0.4630208333333333 0.6611328125 0.46025 0.6376953125
2 0.09164663541666668 0.5576171875 0.10625 0.556640625 0.10300480833333332 0.5478515625 0.08677884583333334 0.5478515625 0.08515625 0.5537109375 0.09164663541666668 0.5576171875
4 0.08385416666666666 0.7109375 0.08385416666666666 0.73046875 0.11781390833333334 0.7470703125 0.14769847916666665 0.759765625 0.184375 0.7548828125 0.089287725 0.708984375 0.08385416666666666 0.7109375
10 0.46536458333333336 0.58203125 0.46536458333333336 0.5869140625 0.49726828333333334 0.6171875 0.5125265729166667 0.61328125 0.5333333333333333 0.5986328125 0.5194621604166667 0.591796875 0.46536458333333336 0.58203125
7 0.62637924375 0.5 0.6453125 0.482421875 0.6453125 0.451171875 0.6103587958333333 0.47265625 0.6059895833333333 0.4833984375 0.62637924375 0.5
4 0.5125055416666666 0.48046875 0.5083333333333333 0.4873046875 0.5625720291666667 0.474609375 0.5709164458333333 0.46484375 0.5736979166666667 0.443359375 0.5653535020833333 0.4443359375 0.5125055416666666 0.48046875
4 0.5096354166666667 0.4365234375 0.5151523916666666 0.4462890625 0.53584105 0.458984375 0.5717013895833334 0.4404296875 0.5841145833333333 0.427734375 0.55790895 0.427734375 0.5096354166666667 0.4365234375
4 0.8341049374999999 0.568359375 0.8575520833333333 0.5517578125 0.83824266875 0.5380859375 0.8010030854166666 0.52734375 0.7913483791666667 0.5283203125 0.7941068666666666 0.5390625 0.7830729166666667 0.5498046875 0.7872106479166666 0.56640625 0.8051408187500001 0.57421875 0.8341049374999999 0.568359375
4 0.8777708333333333 0.5517578125 0.9027083333333333 0.533203125 0.9096354166666667 0.5009765625 0.8930104166666666 0.490234375 0.8833125000000001 0.4912109375 0.8860833333333333 0.5078125 0.84175 0.533203125 0.8403645833333333 0.5390625 0.8556041666666666 0.5498046875 0.8777708333333333 0.5517578125
4 0.8837291666666667 0.4755859375 0.8940104166666667 0.4580078125 0.8896041666666666 0.43359375 0.8572916666666667 0.4619140625 0.8572916666666667 0.482421875 0.8837291666666667 0.4755859375
3 0.8561789770833333 0.3720703125 0.8546875 0.3759765625 0.8651278416666667 0.3837890625 0.8800426145833333 0.380859375 0.8875 0.373046875 0.8815340916666667 0.3681640625 0.8561789770833333 0.3720703125
2 0.3991268375 0.7705078125 0.4161458333333333 0.76171875 0.40840992708333335 0.7568359375 0.39448529374999997 0.7587890625 0.38984375 0.765625 0.3991268375 0.7705078125
2 0.29222861875 0.7412109375 0.2709292770833333 0.740234375 0.26484375 0.744140625 0.26484375 0.7509765625 0.2724506583333334 0.75390625 0.2846217104166667 0.751953125 0.29375 0.7451171875 0.29222861875 0.7412109375
2 0.2934317125 0.7294921875 0.30416666666666664 0.7236328125 0.2964988416666667 0.7177734375 0.2765625 0.7197265625 0.28269675833333335 0.7294921875 0.2934317125 0.7294921875
2 0.22213541666666667 0.7099609375 0.211695075 0.70703125 0.19081439375 0.708984375 0.18932291666666667 0.71875 0.195288825 0.7216796875 0.20722064375 0.7216796875 0.22213541666666667 0.7138671875 0.22213541666666667 0.7099609375
2 0.23771929791666666 0.666015625 0.23619791666666667 0.67578125 0.24228344375 0.6796875 0.2590186395833333 0.677734375 0.26510416666666664 0.6728515625 0.2635827854166667 0.666015625 0.23771929791666666 0.666015625
4 0.25 0.7333984375 0.2737452645833333 0.7255859375 0.28072916666666664 0.712890625 0.2639678020833333 0.6962890625 0.26117424166666664 0.681640625 0.24161931875 0.68359375 0.22625473541666666 0.69921875 0.21927083333333333 0.7158203125 0.23184185625 0.7314453125 0.25 0.7333984375
2 0.48839285625 0.7392578125 0.5011904770833333 0.7373046875 0.5059895833333333 0.7294921875 0.4867931541666667 0.7275390625 0.48359375 0.734375 0.48839285625 0.7392578125
2 0.4940104166666667 0.6591796875 0.4972556083333333 0.66796875 0.5151041666666667 0.6689453125 0.5134815708333333 0.66015625 0.4940104166666667 0.6591796875
6 0.8393229166666667 0.513671875 0.8393229166666667 0.501953125 0.8307291666666666 0.4970703125 0.8192708333333333 0.498046875 0.794921875 0.5146484375 0.7934895833333333 0.5185546875 0.8020833333333334 0.5234375 0.8264322916666667 0.5224609375 0.8393229166666667 0.513671875
4 0.016184775 0.6240234375 0.01484375 0.6328125 0.02423091875 0.6455078125 0.06848471666666667 0.6689453125 0.09530519791666667 0.673828125 0.13821797083333334 0.6748046875 0.15833333333333333 0.66796875 0.14760513958333332 0.6533203125 0.12078465833333334 0.6416015625 0.07653086041666667 0.6328125 0.03898218541666667 0.6181640625 0.022889895833333333 0.619140625 0.016184775 0.6240234375