4 0.140625 0.302734375 0.15755208290816325 0.306640625 0.19791666709183672 0.3037109375 0.21875 0.2939453125 0.23697916709183672 0.2763671875 0.23697916709183672 0.271484375 0.2265625 0.2646484375 0.19010416709183672 0.2509765625 0.140625 0.2412109375 0.09114583290816326 0.23828125 0.09114583290816326 0.2587890625 0.09765625 0.2724609375 0.12109375 0.2939453125 0.140625 0.302734375
4 0.34505208290816325 0.2529296875 0.36197916709183675 0.251953125 0.37890625 0.24609375 0.39453125 0.232421875 0.39322916709183675 0.2236328125 0.37109375 0.208984375 0.3203125 0.193359375 0.2994791670918367 0.1923828125 0.296875 0.1953125 0.30078125 0.2255859375 0.3098958329081633 0.23828125 0.3255208329081633 0.248046875 0.34505208290816325 0.2529296875
4 0.39583333290816325 0.20703125 0.41536458290816325 0.2060546875 0.43489583290816325 0.1962890625 0.43880208290816325 0.171875 0.4140625 0.1494140625 0.37630208290816325 0.138671875 0.33203125 0.1396484375 0.33723958290816325 0.16796875 0.34635416709183675 0.181640625 0.36458333290816325 0.1962890625 0.39583333290816325 0.20703125
4 0.3255208329081633 0.1875 0.33072916709183675 0.17578125 0.3190104170918367 0.1640625 0.2981770829081633 0.1572265625 0.2786458329081633 0.1572265625 0.28125 0.1748046875 0.29296875 0.1865234375 0.3125 0.1923828125 0.3255208329081633 0.1875
3 0 0.171875 0.0234375 0.177734375 0.04296875 0.1611328125 0.05989583290816327 0.1376953125 0.05989583290816327 0.1279296875 0.03645833290816326 0.0947265625 0.0234375 0.09375 0.01171875 0.099609375 0 0.11328125 0 0.171875
3 0.0703125 0.240234375 0.08333333290816326 0.2236328125 0.08203125 0.2158203125 0.06640625 0.2099609375 0.022135417091836734 0.21484375 0.018229167091836734 0.2177734375 0.020833332908163266 0.2294921875 0.04166666709183673 0.2392578125 0.0703125 0.240234375
3 0.8177083329081634 0.34765625 0.8255208329081634 0.3310546875 0.8125 0.3251953125 0.7916666670918366 0.3330078125 0.78515625 0.3427734375 0.7916666670918366 0.35546875 0.80078125 0.3603515625 0.8177083329081634 0.34765625
1 0.40104166709183675 0.2822265625 0.40364583290816325 0.2685546875 0.3984375 0.2607421875 0.3828125 0.2578125 0.36067708290816325 0.2666015625 0.36067708290816325 0.27734375 0.37239583290816325 0.287109375 0.38541666709183675 0.2890625 0.40104166709183675 0.2822265625
1 0.87890625 0.4609375 0.87890625 0.44921875 0.8606770829081634 0.4462890625 0.8528645829081634 0.4521484375 0.8515625 0.4599609375 0.8580729170918366 0.46875 0.8697916670918366 0.4697265625 0.87890625 0.4609375
1 0.8567708329081634 0.369140625 0.84375 0.3662109375 0.83203125 0.3720703125 0.8346354170918366 0.38671875 0.84765625 0.3916015625 0.8580729170918366 0.380859375 0.8567708329081634 0.369140625
9 0.78125 0.373046875 0.7981770829081634 0.3623046875 0.79296875 0.357421875 0.7486979170918366 0.37890625 0.7513020829081634 0.390625 0.7669270829081634 0.39453125 0.7747395829081634 0.3896484375 0.78125 0.373046875
9 0.42578125 0.3115234375 0.43359375 0.306640625 0.43619791709183675 0.2919921875 0.43229166709183675 0.2861328125 0.42057291709183675 0.2841796875 0.41015625 0.2900390625 0.40625 0.2998046875 0.38802083290816325 0.310546875 0.38932291709183675 0.31640625 0.42578125 0.3115234375
9 0.48958333290816325 0.1923828125 0.48697916709183675 0.1787109375 0.47786458290816325 0.171875 0.46614583290816325 0.1728515625 0.45963541709183675 0.181640625 0.44270833290816325 0.18359375 0.44140625 0.19140625 0.46354166709183675 0.1904296875 0.4765625 0.2001953125 0.48958333290816325 0.1923828125
9 0.49609375 0.1572265625 0.5 0.15234375 0.49739583290816325 0.13671875 0.48958333290816325 0.130859375 0.4765625 0.1318359375 0.46875 0.1494140625 0.45963541709183675 0.154296875 0.45703125 0.1591796875 0.46223958290816325 0.1640625 0.47786458290816325 0.1552734375 0.49609375 0.1572265625
9 0.33072916709183675 0.5537109375 0.3203125 0.5517578125 0.2734375 0.580078125 0.2760416670918367 0.591796875 0.28515625 0.5947265625 0.2981770829081633 0.5927734375 0.33072916709183675 0.5537109375
9 0.24479166709183672 0.5849609375 0.2591145829081633 0.5625 0.25390625 0.55859375 0.2421875 0.5673828125 0.22916666709183672 0.5654296875 0.21614583290816328 0.5712890625 0.21223958290816328 0.5771484375 0.21484375 0.5849609375 0.23307291709183672 0.5908203125 0.24479166709183672 0.5849609375
9 0.11197916709183674 0.5947265625 0.12109375 0.58203125 0.1171875 0.578125 0.10807291709183674 0.578125 0.06901041709183674 0.595703125 0.06119791709183673 0.6015625 0.06380208290816326 0.6064453125 0.08072916709183674 0.5986328125 0.11197916709183674 0.5947265625
9 0.37630208290816325 0.5830078125 0.36848958290816325 0.580078125 0.34765625 0.583984375 0.33723958290816325 0.5908203125 0.33723958290816325 0.6005859375 0.35416666709183675 0.6064453125 0.36197916709183675 0.6025390625 0.37630208290816325 0.5830078125
9 0.9049479170918366 0.5625 0.90234375 0.5498046875 0.8893229170918366 0.548828125 0.8815104170918366 0.5537109375 0.875 0.5703125 0.8671875 0.576171875 0.87109375 0.5810546875 0.9049479170918366 0.5625
9 0.5755208329081632 0.484375 0.5716145829081632 0.47265625 0.5638020829081632 0.470703125 0.5559895829081632 0.474609375 0.546875 0.4912109375 0.53515625 0.498046875 0.5416666670918368 0.5048828125 0.5755208329081632 0.484375
9 0.58203125 0.49609375 0.5729166670918368 0.49609375 0.56640625 0.501953125 0.5598958329081632 0.515625 0.5625 0.5205078125 0.5872395829081632 0.51171875 0.58203125 0.49609375
9 0.12890625 0.1396484375 0.140625 0.1318359375 0.14322916709183675 0.119140625 0.13020833290816325 0.1044921875 0.109375 0.099609375 0.09505208290816326 0.1123046875 0.06119791709183673 0.125 0.06380208290816326 0.1357421875 0.09635416709183674 0.130859375 0.11848958290816326 0.1396484375 0.12890625 0.1396484375
10 0.7447916670918366 0.5732421875 0.7578125 0.5546875 0.7578125 0.5263671875 0.7473958329081634 0.5048828125 0.73046875 0.490234375 0.7122395829081634 0.4833984375 0.6848958329081634 0.5126953125 0.6770833329081634 0.5283203125 0.6770833329081634 0.5498046875 0.69140625 0.5673828125 0.7213541670918366 0.5771484375 0.7447916670918366 0.5732421875
10 0.62890625 0.5693359375 0.6393229170918368 0.5732421875 0.6497395829081632 0.5673828125 0.65625 0.552734375 0.640625 0.4990234375 0.6302083329081632 0.4853515625 0.609375 0.4716796875 0.5963541670918368 0.470703125 0.5846354170918368 0.4794921875 0.5833333329081632 0.4951171875 0.58984375 0.5107421875 0.6197916670918368 0.5595703125 0.62890625 0.5693359375
3 0.38671875 0.3173828125 0.38802083290816325 0.310546875 0.37890625 0.3056640625 0.35807291709183675 0.3095703125 0.35807291709183675 0.3173828125 0.36979166709183675 0.326171875 0.37760416709183675 0.3251953125 0.38671875 0.3173828125
3 0.37369791709183675 0.396484375 0.37630208290816325 0.3896484375 0.37109375 0.3837890625 0.36197916709183675 0.380859375 0.34505208290816325 0.3828125 0.34375 0.388671875 0.35286458290816325 0.4013671875 0.36067708290816325 0.40234375 0.37369791709183675 0.396484375
3 0.39713541709183675 0.419921875 0.39713541709183675 0.40625 0.38671875 0.400390625 0.375 0.3994140625 0.36979166709183675 0.40234375 0.37369791709183675 0.41796875 0.38020833290816325 0.421875 0.39713541709183675 0.419921875
3 0.42317708290816325 0.431640625 0.41666666709183675 0.4248046875 0.39583333290816325 0.421875 0.3984375 0.44140625 0.41536458290816325 0.44140625 0.421875 0.4375 0.42317708290816325 0.431640625
3 0.44140625 0.4560546875 0.44270833290816325 0.443359375 0.41666666709183675 0.443359375 0.4140625 0.4501953125 0.42057291709183675 0.4599609375 0.43229166709183675 0.4619140625 0.44140625 0.4560546875
3 0.48567708290816325 0.48046875 0.4765625 0.4765625 0.45833333290816325 0.4853515625 0.45833333290816325 0.494140625 0.47395833290816325 0.498046875 0.48177083290816325 0.4951171875 0.48567708290816325 0.48046875
3 0.546875 0.5009765625 0.52734375 0.498046875 0.5169270829081632 0.501953125 0.515625 0.5078125 0.5260416670918368 0.515625 0.53515625 0.5126953125 0.546875 0.5009765625
3 0.5690104170918368 0.515625 0.54296875 0.515625 0.5364583329081632 0.5224609375 0.5442708329081632 0.5322265625 0.55859375 0.529296875 0.5690104170918368 0.515625
10 0.171875 0.44921875 0.16536458290816328 0.4375 0.1640625 0.41796875 0.15755208290816325 0.41015625 0.1484375 0.4072265625 0.125 0.40625 0.11458333290816326 0.431640625 0.11328125 0.44140625 0.11848958290816326 0.44921875 0.14973958290816325 0.4541015625 0.171875 0.44921875
6 0.2955729170918367 0.5693359375 0.3046875 0.5625 0.3072916670918367 0.5458984375 0.2890625 0.529296875 0.2708333329081633 0.5283203125 0.25390625 0.5390625 0.2526041670918367 0.5498046875 0.26171875 0.5625 0.2786458329081633 0.5693359375 0.2955729170918367 0.5693359375
6 0.35286458290816325 0.5498046875 0.359375 0.54296875 0.359375 0.5263671875 0.34375 0.5107421875 0.3255208329081633 0.5107421875 0.3125 0.5224609375 0.31640625 0.541015625 0.3255208329081633 0.55078125 0.34375 0.5546875 0.35286458290816325 0.5498046875
2 0.35416666709183675 0.4658203125 0.35546875 0.4755859375 0.36458333290816325 0.4775390625 0.36848958290816325 0.4658203125 0.35416666709183675 0.4658203125
2 0.2955729170918367 0.51953125 0.2981770829081633 0.529296875 0.3098958329081633 0.52734375 0.3072916670918367 0.5166015625 0.2955729170918367 0.51953125
4 0.18619791709183672 0.7958984375 0.2109375 0.7939453125 0.23307291709183672 0.7861328125 0.25390625 0.7724609375 0.265625 0.755859375 0.2643229170918367 0.7490234375 0.12760416709183675 0.7529296875 0.12630208290816325 0.763671875 0.13671875 0.7783203125 0.16536458290816328 0.79296875 0.18619791709183672 0.7958984375
4 0.34895833290816325 0.779296875 0.34505208290816325 0.7705078125 0.2994791670918367 0.7724609375 0.296875 0.7822265625 0.3098958329081633 0.79296875 0.3359375 0.791015625 0.34895833290816325 0.779296875
6 0 0.2841796875 0.013020832908163265 0.3046875 0.03255208290816326 0.3037109375 0.08203125 0.2880859375 0.08463541709183674 0.267578125 0.07291666709183674 0.2421875 0.04947916709183673 0.2412109375 0.005208332908163265 0.2470703125 0 0.248046875 0 0.2841796875
0 0.53515625 0.265625 0.53515625 0.2783203125 0.55078125 0.2802734375 0.5533854170918368 0.2744140625 0.53515625 0.265625
6 0.45963541709183675 0.2529296875 0.45833333290816325 0.2421875 0.44661458290816325 0.232421875 0.42708333290816325 0.234375 0.41666666709183675 0.2412109375 0.4140625 0.2470703125 0.42838541709183675 0.259765625 0.44270833290816325 0.2607421875 0.45963541709183675 0.2529296875
0 0.44270833290816325 0.15625 0.44401041709183675 0.1640625 0.45703125 0.1708984375 0.45833333290816325 0.16015625 0.44270833290816325 0.15625
3 0.12760416709183675 0.564453125 0.109375 0.5390625 0.09375 0.5322265625 0.0625 0.541015625 0.04947916709183673 0.552734375 0.05078125 0.56640625 0.07682291709183674 0.5849609375 0.11588541709183674 0.576171875 0.12760416709183675 0.564453125
3 0.2734375 0.623046875 0.2734375 0.6171875 0.2682291670918367 0.615234375 0.23958333290816328 0.6171875 0.23828125 0.6259765625 0.24739583290816328 0.6318359375 0.2578125 0.6318359375 0.2734375 0.623046875
3 0.42838541709183675 0.6484375 0.42578125 0.642578125 0.41536458290816325 0.640625 0.3984375 0.6455078125 0.39713541709183675 0.65234375 0.40364583290816325 0.6591796875 0.42057291709183675 0.6572265625 0.42838541709183675 0.6484375
11 0.47786458290816325 0.650390625 0.50390625 0.6328125 0.57421875 0.5927734375 0.5950520829081632 0.599609375 0.6106770829081632 0.583984375 0.6184895829081632 0.560546875 0.60546875 0.5458984375 0.5 0.5322265625 0.4765625 0.5439453125 0.46875 0.5654296875 0.44140625 0.6064453125 0.41276041709183675 0.6962890625 0.4140625 0.70703125 0.43098958290816325 0.6982421875 0.47786458290816325 0.650390625
11 0.40755208290816325 0.5263671875 0.48046875 0.5322265625 0.5286458329081632 0.5322265625 0.5325520829081632 0.529296875 0.5260416670918368 0.521484375 0.3828125 0.46875 0.37369791709183675 0.46875 0.36848958290816325 0.4775390625 0.36197916709183675 0.505859375 0.36197916709183675 0.5126953125 0.36848958290816325 0.517578125 0.40755208290816325 0.5263671875
11 0.38932291709183675 0.7451171875 0.44791666709183675 0.75 0.46744791709183675 0.748046875 0.43229166709183675 0.701171875 0.42578125 0.7041015625 0.41015625 0.7021484375 0.41536458290816325 0.6796875 0.38932291709183675 0.6474609375 0.38671875 0.6259765625 0.3671875 0.619140625 0.35546875 0.607421875 0.33854166709183675 0.6025390625 0.33463541709183675 0.5849609375 0.32421875 0.59375 0.2994791670918367 0.6484375 0.2994791670918367 0.669921875 0.3138020829081633 0.7060546875 0.36067708290816325 0.736328125 0.38932291709183675 0.7451171875
11 0.76171875 0.6240234375 0.78125 0.6240234375 0.8059895829081634 0.6298828125 0.8294270829081634 0.650390625 0.9010416670918366 0.7373046875 0.90234375 0.6455078125 0.8736979170918366 0.5849609375 0.8645833329081634 0.578125 0.75 0.5712890625 0.7330729170918366 0.5869140625 0.7356770829081634 0.6123046875 0.7434895829081634 0.6240234375 0.7513020829081634 0.6279296875 0.76171875 0.6240234375
3 0.9075520829081634 0.3583984375 0.8971354170918366 0.357421875 0.8763020829081634 0.365234375 0.8763020829081634 0.3720703125 0.8958333329081634 0.3798828125 0.9088541670918366 0.3623046875 0.9075520829081634 0.3583984375
3 0.42057291709183675 0.5869140625 0.42578125 0.5771484375 0.40104166709183675 0.5390625 0.37890625 0.5263671875 0.36197916709183675 0.5263671875 0.36067708290816325 0.5625 0.37109375 0.5771484375 0.38802083290816325 0.5859375 0.42057291709183675 0.5869140625
3 0.5078125 0.5537109375 0.5065104170918368 0.544921875 0.49088541709183675 0.537109375 0.48307291709183675 0.5390625 0.47265625 0.5498046875 0.47395833290816325 0.5625 0.49088541709183675 0.5712890625 0.5 0.56640625 0.5078125 0.5537109375
8 0.76171875 0.6650390625 0.7669270829081634 0.6513671875 0.7669270829081634 0.6396484375 0.76171875 0.6337890625 0.7408854170918366 0.6298828125 0.71875 0.6337890625 0.7122395829081634 0.638671875 0.7109375 0.6533203125 0.7174479170918366 0.666015625 0.75390625 0.6689453125 0.76171875 0.6650390625
8 0.8255208329081634 0.7109375 0.8307291670918366 0.6923828125 0.8229166670918366 0.6826171875 0.7890625 0.677734375 0.7760416670918366 0.689453125 0.7747395829081634 0.7041015625 0.78515625 0.7119140625 0.81640625 0.7138671875 0.8255208329081634 0.7109375
8 0.44270833290816325 0.775390625 0.43359375 0.7685546875 0.41536458290816325 0.7685546875 0.38932291709183675 0.779296875 0.38802083290816325 0.7861328125 0.42708333290816325 0.7939453125 0.4375 0.787109375 0.44270833290816325 0.775390625
8 0.7740234375 0.7327734375 0.7734505204081633 0.7327734375 0.7734505204081633 0.733046875 0.7740234375 0.733046875 0.7740234375 0.7327734375
8 0.7942708329081634 0.7451171875 0.8020833329081634 0.7392578125 0.8020833329081634 0.7314453125 0.79296875 0.720703125 0.7721354170918366 0.7060546875 0.7578125 0.7060546875 0.7291666670918366 0.7197265625 0.7291666670918366 0.7373046875 0.7447916670918366 0.7490234375 0.77734375 0.7490234375 0.7942708329081634 0.7451171875
8 0.7265625 0.73828125 0.7265625 0.7216796875 0.7018229170918366 0.7216796875 0.6927083329081634 0.7275390625 0.6927083329081634 0.736328125 0.7018229170918366 0.7490234375 0.7135416670918366 0.751953125 0.7265625 0.73828125