4 0.6848958329081634 0.203125 0.703125 0.189453125 0.7174479170918366 0.1611328125 0.7083333329081634 0.1591796875 0.671875 0.16796875 0.5481770829081632 0.1806640625 0.5481770829081632 0.1884765625 0.5807291670918368 0.2099609375 0.6106770829081632 0.2041015625 0.6848958329081634 0.203125
8 0.24739583290816328 0.4501953125 0.2591145829081633 0.44140625 0.2669270829081633 0.42578125 0.265625 0.4052734375 0.2552083329081633 0.388671875 0.24348958290816328 0.3818359375 0.22786458290816328 0.380859375 0.21484375 0.38671875 0.20442708290816328 0.4013671875 0.20182291709183672 0.4228515625 0.20833333290816328 0.435546875 0.22526041709183672 0.44921875 0.24739583290816328 0.4501953125
11 0.29296875 0.62109375 0.34244791709183675 0.595703125 0.453125 0.5498046875 0.45703125 0.54296875 0.4375 0.517578125 0.41666666709183675 0.5009765625 0.38411458290816325 0.486328125 0.34895833290816325 0.4814453125 0.3216145829081633 0.4873046875 0.2786458329081633 0.5146484375 0.2578125 0.5390625 0.24479166709183672 0.568359375 0.24479166709183672 0.5966796875 0.25390625 0.6240234375 0.2760416670918367 0.619140625 0.29296875 0.62109375
11 0.125 0.693359375 0.14713541709183675 0.6865234375 0.16796875 0.673828125 0.18098958290816328 0.671875 0.2630208329081633 0.6328125 0.25 0.6220703125 0.2421875 0.591796875 0.2265625 0.578125 0.20182291709183672 0.5703125 0.17057291709183672 0.5703125 0.15364583290816325 0.576171875 0.125 0.5966796875 0.10546875 0.6220703125 0.09635416709183674 0.6513671875 0.09505208290816326 0.6708984375 0.1015625 0.69140625 0.10546875 0.6943359375 0.125 0.693359375
4 0.8919270829081634 0.3779296875 0.8541666670918366 0.388671875 0.8177083329081634 0.3935546875 0.8190104170918366 0.3984375 0.8658854170918366 0.4189453125 0.91796875 0.4287109375 0.9583333329081634 0.4248046875 0.9765625 0.4189453125 0.9986979170918366 0.4052734375 0.9973958329081634 0.259765625 0.9856770829081634 0.2958984375 0.9596354170918366 0.33203125 0.9375 0.353515625 0.8919270829081634 0.3779296875
3 0.7174479170918366 0.5693359375 0.7265625 0.5576171875 0.734375 0.53125 0.7213541670918366 0.5283203125 0.6927083329081634 0.5341796875 0.6770833329081634 0.546875 0.6471354170918368 0.560546875 0.6432291670918368 0.576171875 0.6497395829081632 0.5830078125 0.6848958329081634 0.5849609375 0.7174479170918366 0.5693359375
3 0.63671875 0.6474609375 0.63671875 0.6435546875 0.609375 0.6318359375 0.5520833329081632 0.6123046875 0.5455729170918368 0.6142578125 0.53515625 0.6357421875 0.5364583329081632 0.6484375 0.5755208329081632 0.6474609375 0.60546875 0.6552734375 0.63671875 0.6474609375
11 0.7514557295918367 0.58683984375 0.7500585931122449 0.5868798828125 0.5924921875 0.710884765625 0.7990208329081633 0.69280078125 0.932609375 0.5793701171875 0.7514557295918367 0.58683984375
11 0.645171875 0.66780859375 0.4325494795918367 0.7186591796875 0.48673437499999994 0.728474609375 0.5927161454081633 0.7141943359375 0.645171875 0.66780859375
3 0.8828125 0.6162109375 0.9036458329081634 0.607421875 0.921875 0.607421875 0.9270833329081634 0.5986328125 0.9205729170918366 0.5908203125 0.9088541670918366 0.5869140625 0.8684895829081634 0.5927734375 0.8333333329081634 0.6181640625 0.83203125 0.623046875 0.83984375 0.6240234375 0.85546875 0.6162109375 0.8828125 0.6162109375
3 0.8619791670918366 0.6474609375 0.87890625 0.6474609375 0.8841145829081634 0.6337890625 0.87890625 0.6259765625 0.8671875 0.6201171875 0.82421875 0.6259765625 0.8033854170918366 0.6552734375 0.8046875 0.6650390625 0.8268229170918366 0.666015625 0.8424479170918366 0.6533203125 0.8619791670918366 0.6474609375
4 0.93359375 0.5712890625 0.9622395829081634 0.5546875 0.9817708329081634 0.52734375 0.97265625 0.525390625 0.9244791670918366 0.537109375 0.8776041670918366 0.5400390625 0.8515625 0.5595703125 0.84765625 0.5751953125 0.8528645829081634 0.578125 0.9153645829081634 0.5751953125 0.93359375 0.5712890625
0 0.9427083329081634 0.560546875 0.9401041670918366 0.552734375 0.9205729170918366 0.556640625 0.9166666670918366 0.560546875 0.9244791670918366 0.564453125 0.9361979170918366 0.564453125 0.9427083329081634 0.560546875
8 0.70703125 0.6767578125 0.7278645829081634 0.6669921875 0.7369791670918366 0.654296875 0.73828125 0.6416015625 0.7265625 0.6318359375 0.7057291670918366 0.6337890625 0.671875 0.6435546875 0.65625 0.658203125 0.66015625 0.671875 0.66796875 0.677734375 0.6875 0.6796875 0.70703125 0.6767578125
0 0.7473958329081634 0.6962890625 0.7473958329081634 0.6875 0.7408854170918366 0.68359375 0.71484375 0.69140625 0.71484375 0.6962890625 0.7278645829081634 0.7001953125 0.7408854170918366 0.7001953125 0.7473958329081634 0.6962890625
0 0.5911458329081632 0.7099609375 0.5885416670918368 0.7021484375 0.5807291670918368 0.69921875 0.5598958329081632 0.7041015625 0.55859375 0.7109375 0.5651041670918368 0.71484375 0.5833333329081632 0.7138671875 0.5911458329081632 0.7099609375
7 0.5885416670918368 0.623046875 0.60546875 0.6279296875 0.61328125 0.6259765625 0.61328125 0.611328125 0.6276041670918368 0.578125 0.6549479170918366 0.548828125 0.6223958329081632 0.5537109375 0.5950520829081632 0.5654296875 0.5859375 0.5927734375 0.5716145829081632 0.6064453125 0.5716145829081632 0.611328125 0.5885416670918368 0.623046875
10 0.6484375 0.806640625 0.6783854170918366 0.7705078125 0.6796875 0.744140625 0.66796875 0.7353515625 0.6484375 0.7333984375 0.6302083329081632 0.7373046875 0.6184895829081632 0.74609375 0.6171875 0.7548828125 0.62890625 0.76953125 0.6263020829081632 0.8037109375 0.6484375 0.806640625
4 0.6979166670918366 0.861328125 0.7096354170918366 0.8564453125 0.7213541670918366 0.8447265625 0.7265625 0.8271484375 0.7265625 0.798828125 0.70703125 0.8076171875 0.6653645829081634 0.8046875 0.65625 0.8125 0.6341145829081632 0.8193359375 0.6236979170918368 0.830078125 0.6223958329081632 0.8359375 0.6302083329081632 0.845703125 0.6822916670918366 0.861328125 0.6979166670918366 0.861328125
3 0.6953125 0.7138671875 0.6770833329081634 0.7109375 0.65625 0.7099609375 0.6471354170918368 0.71484375 0.6497395829081632 0.7236328125 0.6666666670918366 0.7255859375 0.6979166670918366 0.7197265625 0.6953125 0.7138671875
3 0.6575520829081634 0.7275390625 0.6354166670918368 0.724609375 0.6119791670918368 0.73046875 0.6145833329081632 0.73828125 0.6236979170918368 0.73828125 0.6549479170918366 0.732421875 0.6575520829081634 0.7275390625
4 0.47135416709183675 0.9775390625 0.49869791709183675 0.974609375 0.5143229170918368 0.970703125 0.5403645829081632 0.9541015625 0.5598958329081632 0.9296875 0.5677083329081632 0.9111328125 0.5520833329081632 0.91015625 0.41536458290816325 0.9462890625 0.41145833290816325 0.94921875 0.41536458290816325 0.953125 0.45442708290816325 0.974609375 0.47135416709183675 0.9775390625
4 0.5572916670918368 0.908203125 0.5768229170918368 0.892578125 0.5885416670918368 0.869140625 0.58203125 0.8681640625 0.49479166709183675 0.890625 0.49088541709183675 0.8935546875 0.515625 0.908203125 0.5299479170918368 0.9111328125 0.5572916670918368 0.908203125
0 0.2630208329081633 0.568359375 0.2526041670918367 0.5693359375 0.25 0.5751953125 0.2604166670918367 0.583984375 0.2669270829081633 0.5712890625 0.2630208329081633 0.568359375
0 0.14453125 0.6416015625 0.1328125 0.64453125 0.13151041709183675 0.6513671875 0.14713541709183675 0.6572265625 0.15234375 0.64453125 0.14453125 0.6416015625
0 0.13932291709183675 0.6708984375 0.14453125 0.6640625 0.14192708290816325 0.6572265625 0.125 0.6572265625 0.11979166709183674 0.6611328125 0.12239583290816326 0.6669921875 0.13020833290816325 0.671875 0.13932291709183675 0.6708984375
1 0.7213541670918366 0.50390625 0.7174479170918366 0.5 0.7044270829081634 0.4990234375 0.6848958329081634 0.505859375 0.6888020829081634 0.5185546875 0.69921875 0.51953125 0.7096354170918366 0.515625 0.7213541670918366 0.50390625
1 0.7369791670918366 0.4638671875 0.75 0.4384765625 0.7421875 0.43359375 0.7330729170918366 0.43359375 0.7174479170918366 0.439453125 0.7135416670918366 0.451171875 0.71875 0.4619140625 0.7239583329081634 0.46484375 0.7369791670918366 0.4638671875
6 0.44010416709183675 0.1962890625 0.47135416709183675 0.1982421875 0.49739583290816325 0.1943359375 0.51953125 0.181640625 0.5325520829081632 0.1640625 0.53515625 0.140625 0.5286458329081632 0.123046875 0.50390625 0.099609375 0.48307291709183675 0.0908203125 0.44661458290816325 0.087890625 0.41927083290816325 0.095703125 0.39973958290816325 0.1103515625 0.390625 0.1279296875 0.38932291709183675 0.1416015625 0.39713541709183675 0.1630859375 0.40625 0.1748046875 0.44010416709183675 0.1962890625
7 0.78515625 0.3515625 0.82421875 0.3515625 0.82421875 0.3447265625 0.8072916670918366 0.3271484375 0.7864583329081634 0.2880859375 0.76953125 0.2734375 0.7578125 0.2490234375 0.7447916670918366 0.2548828125 0.7265625 0.275390625 0.7252604170918366 0.283203125 0.75 0.3115234375 0.7604166670918366 0.3447265625 0.78515625 0.3515625
5 0.7395833329081634 0.376953125 0.7408854170918366 0.400390625 0.78125 0.41796875 0.8098958329081634 0.421875 0.8098958329081634 0.4140625 0.79296875 0.3984375 0.7526041670918366 0.34375 0.7486979170918366 0.3271484375 0.7239583329081634 0.3193359375 0.6953125 0.3173828125 0.6940104170918366 0.3212890625 0.72265625 0.3447265625 0.7330729170918366 0.359375 0.7395833329081634 0.376953125
4 0.6041666670918368 0.46484375 0.6393229170918368 0.46484375 0.6575520829081634 0.4599609375 0.6067708329081632 0.435546875 0.5690104170918368 0.404296875 0.5078125 0.376953125 0.5052083329081632 0.3994140625 0.5130208329081632 0.4189453125 0.5625 0.4375 0.6041666670918368 0.46484375
7 0.5729166670918368 0.4052734375 0.58984375 0.4033203125 0.6002604170918368 0.3955078125 0.6119791670918368 0.37109375 0.60546875 0.3408203125 0.5872395829081632 0.32421875 0.5611979170918368 0.3134765625 0.5390625 0.3134765625 0.52734375 0.3232421875 0.5169270829081632 0.349609375 0.5325520829081632 0.359375 0.5455729170918368 0.3896484375 0.5729166670918368 0.4052734375
1 0.6692708329081634 0.2646484375 0.6796875 0.2587890625 0.68359375 0.23828125 0.67578125 0.234375 0.6549479170918366 0.236328125 0.6497395829081632 0.240234375 0.6510416670918368 0.2548828125 0.66015625 0.2626953125 0.6692708329081634 0.2646484375
1 0.49609375 0.283203125 0.49609375 0.263671875 0.47265625 0.2607421875 0.46223958290816325 0.2646484375 0.46614583290816325 0.28515625 0.4765625 0.291015625 0.48828125 0.2900390625 0.49609375 0.283203125
1 0.6744791670918366 0.3310546875 0.6666666670918366 0.328125 0.6432291670918368 0.3310546875 0.6432291670918368 0.349609375 0.6614583329081634 0.3564453125 0.671875 0.3486328125 0.6744791670918366 0.3310546875
1 0.41666666709183675 0.408203125 0.42447916709183675 0.3994140625 0.42447916709183675 0.38671875 0.40885416709183675 0.376953125 0.39322916709183675 0.3798828125 0.38932291709183675 0.38671875 0.3984375 0.400390625 0.40755208290816325 0.4072265625 0.41666666709183675 0.408203125
1 0.39322916709183675 0.1875 0.38411458290816325 0.181640625 0.36328125 0.1865234375 0.36979166709183675 0.2060546875 0.38541666709183675 0.2138671875 0.39583333290816325 0.2041015625 0.39322916709183675 0.1875
1 0.3059895829081633 0.212890625 0.29296875 0.2060546875 0.27734375 0.212890625 0.28515625 0.23046875 0.30078125 0.2373046875 0.30859375 0.2265625 0.3059895829081633 0.212890625
1 0.3203125 0.318359375 0.3190104170918367 0.306640625 0.3059895829081633 0.2998046875 0.29296875 0.3017578125 0.2877604170918367 0.3095703125 0.2981770829081633 0.3232421875 0.3138020829081633 0.328125 0.3203125 0.318359375
0 0.35807291709183675 0.490234375 0.34375 0.4853515625 0.3203125 0.4912109375 0.3125 0.4970703125 0.3151041670918367 0.5068359375 0.32942708290816325 0.5078125 0.34635416709183675 0.501953125 0.35807291709183675 0.490234375
6 0.2786458329081633 0.279296875 0.2916666670918367 0.2626953125 0.2903645829081633 0.240234375 0.2825520829081633 0.228515625 0.2747395829081633 0.2236328125 0.26171875 0.2236328125 0.24739583290816328 0.2314453125 0.23958333290816328 0.2431640625 0.23828125 0.26171875 0.25 0.279296875 0.2578125 0.283203125 0.2786458329081633 0.279296875
0 0.30078125 0.2412109375 0.2916666670918367 0.244140625 0.2903645829081633 0.2587890625 0.296875 0.2685546875 0.3059895829081633 0.2509765625 0.30078125 0.2412109375
11 0.2109375 0.2421875 0.22005208290816328 0.244140625 0.22135416709183672 0.2373046875 0.3098958329081633 0.1640625 0.3229166670918367 0.1259765625 0.33203125 0.046875 0.296875 0.091796875 0.24479166709183672 0.1171875 0.22265625 0.134765625 0.20963541709183672 0.154296875 0.20442708290816328 0.20703125 0.16015625 0.2666015625 0.19921875 0.251953125 0.2109375 0.2421875
7 0.20052083290816328 0.392578125 0.19270833290816328 0.3388671875 0.20182291709183672 0.2880859375 0.19401041709183672 0.27734375 0.18359375 0.275390625 0.17578125 0.2783203125 0.15885416709183675 0.291015625 0.15234375 0.2998046875 0.1484375 0.3203125 0.15364583290816325 0.380859375 0.17578125 0.4013671875 0.19140625 0.40625 0.20052083290816328 0.392578125
4 0 0.31640625 0.006510417091836735 0.3291015625 0.03776041709183674 0.328125 0.0703125 0.345703125 0.078125 0.3349609375 0.07942708290816326 0.3193359375 0.06510416709183674 0.29296875 0.04166666709183673 0.2802734375 0.005208332908163265 0.2890625 0 0.2919921875 0 0.31640625
4 0.1484375 0.578125 0.15234375 0.5458984375 0.14713541709183675 0.537109375 0.10546875 0.5341796875 0.07682291709183674 0.521484375 0.05989583290816327 0.5078125 0.05208333290816327 0.509765625 0.04817708290816327 0.5244140625 0.04947916709183673 0.5517578125 0.0703125 0.568359375 0.13020833290816325 0.5859375 0.1484375 0.578125
3 0.8033854170918366 0.8134765625 0.796875 0.8203125 0.7942708329081634 0.841796875 0.8072916670918366 0.837890625 0.8111979170918366 0.8125 0.8033854170918366 0.8134765625
3 0.88671875 0.7548828125 0.8880208329081634 0.7548828125 0.890625 0.7568359375 0.890625 0.7578125 0.8932291670918366 0.759765625 0.8932291670918366 0.76171875 0.8958333329081634 0.763671875 0.8984375 0.763671875 0.9010416670918366 0.76171875 0.9010416670918366 0.7607421875 0.9088541670918366 0.7548828125 0.91015625 0.7548828125 0.9153645829081634 0.751953125 0.9192708329081634 0.748046875 0.9192708329081634 0.74609375 0.9205729170918366 0.7451171875 0.9192708329081634 0.7431640625 0.9192708329081634 0.7392578125 0.9153645829081634 0.7353515625 0.91015625 0.734375 0.9049479170918366 0.7373046875 0.9036458329081634 0.7373046875 0.8919270829081634 0.74609375 0.890625 0.7490234375 0.8880208329081634 0.7509765625 0.88671875 0.7509765625 0.88671875 0.7548828125
10 0.6861979170918366 0.7490234375 0.6966145829081634 0.7490234375 0.6979166670918366 0.75 0.7044270829081634 0.75 0.7135416670918366 0.744140625 0.7161458329081634 0.740234375 0.7161458329081634 0.732421875 0.71484375 0.73046875 0.7109375 0.728515625 0.7057291670918366 0.728515625 0.7044270829081634 0.7294921875 0.7018229170918366 0.7294921875 0.6966145829081634 0.7314453125 0.69140625 0.7353515625 0.6888020829081634 0.736328125 0.6888020829081634 0.7373046875 0.6822916670918366 0.7421875 0.6822916670918366 0.7470703125 0.6861979170918366 0.7490234375
10 0.6940104170918366 0.806640625 0.7057291670918366 0.806640625 0.7174479170918366 0.8037109375 0.7239583329081634 0.798828125 0.7265625 0.79296875 0.7278645829081634 0.767578125 0.7265625 0.7666015625 0.7096354170918366 0.767578125 0.7057291670918366 0.76953125 0.69140625 0.7724609375 0.6796875 0.77734375 0.6653645829081634 0.7890625 0.6614583329081634 0.794921875 0.6614583329081634 0.798828125 0.66796875 0.8017578125 0.6940104170918366 0.806640625
10 0.23958333290816328 0.826171875 0.2799479170918367 0.8427734375 0.2942708329081633 0.84375 0.3020833329081633 0.841796875 0.30859375 0.8369140625 0.30859375 0.8310546875 0.3046875 0.826171875 0.2643229170918367 0.7958984375 0.2265625 0.7783203125 0.19661458290816328 0.7705078125 0.18880208290816328 0.771484375 0.18880208290816328 0.7802734375 0.20703125 0.796875 0.21875 0.8125 0.23958333290816328 0.826171875
10 0.140625 0.7998046875 0.16015625 0.806640625 0.18229166709183672 0.810546875 0.20052083290816328 0.8173828125 0.20833333290816328 0.8173828125 0.21614583290816328 0.8134765625 0.21614583290816328 0.80859375 0.20052083290816328 0.791015625 0.1875 0.78125 0.15885416709183675 0.771484375 0.13411458290816325 0.7666015625 0.10677083290816326 0.767578125 0.10546875 0.7734375 0.10807291709183674 0.77734375 0.13020833290816325 0.794921875 0.140625 0.7998046875
7 0.2799479170918367 0.9375 0.2903645829081633 0.9375 0.296875 0.935546875 0.3046875 0.927734375 0.3046875 0.9169921875 0.296875 0.8984375 0.2825520829081633 0.884765625 0.2708333329081633 0.8759765625 0.2552083329081633 0.8701171875 0.24348958290816328 0.8720703125 0.23697916709183672 0.876953125 0.23567708290816328 0.8818359375 0.23177083290816328 0.9052734375 0.24088541709183672 0.916015625 0.2721354170918367 0.935546875 0.2799479170918367 0.9375
0 0.17703645790816327 0.8642578125 0.183546875 0.8642578125 0.18484895790816327 0.865234375 0.187453125 0.865234375 0.191359375 0.86328125 0.191359375 0.861328125 0.18875520790816327 0.859375 0.183546875 0.8583984375 0.175734375 0.85546875 0.17052604209183675 0.85546875 0.171828125 0.8564453125 0.171828125 0.859375 0.17703645790816327 0.8642578125
0 0.17057291709183672 0.83203125 0.1796875 0.83203125 0.18229166709183672 0.8310546875 0.1796875 0.8271484375 0.17317708290816328 0.826171875 0.16927083290816328 0.82421875 0.16536458290816328 0.82421875 0.16536458290816328 0.8291015625 0.16796875 0.8310546875 0.17057291709183672 0.83203125
10 0.47526041709183675 0.8291015625 0.48177083290816325 0.8251953125 0.53515625 0.8076171875 0.5455729170918368 0.7998046875 0.5390625 0.794921875 0.5286458329081632 0.7919921875 0.515625 0.791015625 0.49739583290816325 0.79296875 0.4765625 0.7998046875 0.46223958290816325 0.806640625 0.44010416709183675 0.8271484375 0.4375 0.8349609375 0.45572916709183675 0.833984375 0.46875 0.8291015625 0.47526041709183675 0.8291015625
5 0.38671875 0.8095703125 0.40234375 0.7490234375 0.37890625 0.724609375 0.36197916709183675 0.716796875 0.36588541709183675 0.759765625 0.36197916709183675 0.7900390625 0.36588541709183675 0.796875 0.38671875 0.8095703125
3 0.8645833329081634 0.66796875 0.8645833329081634 0.66015625 0.8541666670918366 0.65234375 0.84375 0.65234375 0.8177083329081634 0.6748046875 0.8151041670918366 0.6787109375 0.8385416670918366 0.6708984375 0.8580729170918366 0.6708984375 0.8645833329081634 0.66796875
11 0.8372070306122449 0.7171630859375 0.828859375 0.675919921875 0.8126953125 0.681162109375 0.7974518227040817 0.694232421875 0.768105468112245 0.696501953125 0.7172955727040816 0.733193359375 0.7172955727040816 0.738978515625 0.8162825522959183 0.7287216796875 0.8372070306122449 0.7171630859375
7 0.24088541709183672 0.5888671875 0.2552083329081633 0.5302734375 0.23046875 0.46875 0.20052083290816328 0.423828125 0.16276041709183675 0.388671875 0.14973958290816325 0.3896484375 0.14453125 0.3984375 0.14453125 0.443359375 0.1640625 0.5 0.20572916709183672 0.556640625 0.24088541709183672 0.5888671875
7 0.140625 0.4119140625 0.14713541709183675 0.38671875 0.13932291709183675 0.3310546875 0.1328125 0.3203125 0.12369791709183674 0.3203125 0.09895833290816326 0.3447265625 0.09765625 0.3623046875 0.11588541709183674 0.416015625 0.140625 0.44140625 0.140625 0.4119140625
1 0.05208333290816327 0.36328125 0.04296875 0.3583984375 0.03515625 0.3603515625 0.03255208290816326 0.3681640625 0.04557291709183673 0.380859375 0.05078125 0.3759765625 0.05208333290816327 0.36328125
1 0.078125 0.4189453125 0.06380208290816326 0.4130859375 0.0546875 0.416015625 0.0625 0.4306640625 0.0703125 0.4365234375 0.07682291709183674 0.435546875 0.078125 0.4189453125
4 0.13932291709183675 0.7412109375 0.15364583290816325 0.7275390625 0.17578125 0.716796875 0.1796875 0.7021484375 0.17057291709183672 0.6943359375 0.14192708290816325 0.6923828125 0.11197916709183674 0.6982421875 0.09244791709183674 0.7138671875 0.09244791709183674 0.7236328125 0.09895833290816326 0.7314453125 0.109375 0.7373046875 0.13932291709183675 0.7412109375
7 0.09765625 0.8603515625 0.12369791709183674 0.8701171875 0.14973958290816325 0.875 0.1640625 0.873046875 0.16015625 0.865234375 0.140625 0.8583984375 0.10546875 0.830078125 0.06770833290816326 0.7724609375 0.05989583290816327 0.767578125 0.05338541709183673 0.7734375 0.05208333290816327 0.8125 0.05989583290816327 0.828125 0.07682291709183674 0.845703125 0.09765625 0.8603515625
7 0.14973958290816325 0.861328125 0.15494791709183675 0.87109375 0.18229166709183672 0.8759765625 0.11588541709183674 0.7861328125 0.08723958290816326 0.751953125 0.08203125 0.7529296875 0.08333333290816326 0.7880859375 0.10286458290816326 0.826171875 0.11979166709183674 0.8427734375 0.14973958290816325 0.861328125
7 0.328125 0.912109375 0.34505208290816325 0.908203125 0.35677083290816325 0.8994140625 0.36458333290816325 0.8837890625 0.36458333290816325 0.865234375 0.3515625 0.8349609375 0.33723958290816325 0.826171875 0.32421875 0.82421875 0.3216145829081633 0.8271484375 0.3190104170918367 0.8671875 0.2955729170918367 0.89453125 0.30859375 0.908203125 0.328125 0.912109375
0 0.18489583290816328 0.6875 0.17578125 0.6884765625 0.17578125 0.6943359375 0.18489583290816328 0.701171875 0.19661458290816328 0.701171875 0.18489583290816328 0.6875
3 0.2903645829081633 0.6259765625 0.2786458329081633 0.619140625 0.2565104170918367 0.6220703125 0.2552083329081633 0.626953125 0.26953125 0.6318359375 0.2864583329081633 0.6298828125 0.2903645829081633 0.6259765625
6 0.41015625 0.7236328125 0.41145833290816325 0.7119140625 0.40364583290816325 0.7041015625 0.390625 0.69921875 0.37239583290816325 0.703125 0.37239583290816325 0.716796875 0.38411458290816325 0.7255859375 0.40364583290816325 0.7275390625 0.41015625 0.7236328125
4 0.94921875 0.6455078125 0.9765625 0.5966796875 0.9309895829081634 0.6181640625 0.8971354170918366 0.6455078125 0.8893229170918366 0.658203125 0.8880208329081634 0.6708984375 0.8971354170918366 0.6806640625 0.94140625 0.6845703125 0.94921875 0.6455078125
4 0.8763020829081634 0.73828125 0.8763020829081634 0.732421875 0.8450520829081634 0.72265625 0.83203125 0.7314453125 0.8268229170918366 0.7470703125 0.85546875 0.76171875 0.8645833329081634 0.7470703125 0.8763020829081634 0.73828125
0 0.44661458290816325 0.6025390625 0.45572916709183675 0.56640625 0.43098958290816325 0.5595703125 0.37109375 0.59765625 0.36588541709183675 0.60546875 0.41145833290816325 0.6123046875 0.44010416709183675 0.6103515625 0.44661458290816325 0.6025390625
3 0.9583333329081634 0.744140625 0.9466145829081634 0.740234375 0.9361979170918366 0.744140625 0.93359375 0.7529296875 0.9388020829081634 0.7578125 0.9583333329081634 0.748046875 0.9583333329081634 0.744140625
7 0.08984375 0.6552734375 0.09505208290816326 0.6142578125 0.10286458290816326 0.5927734375 0.1015625 0.580078125 0.08984375 0.57421875 0.0703125 0.5712890625 0.0546875 0.5849609375 0.04947916709183673 0.599609375 0.04557291709183673 0.619140625 0.04947916709183673 0.634765625 0.06770833290816326 0.6533203125 0.08984375 0.6552734375
7 0.04296875 0.7294921875 0.05729166709183673 0.720703125 0.06770833290816326 0.6982421875 0.06770833290816326 0.673828125 0.0625 0.669921875 0.0625 0.658203125 0.04557291709183673 0.638671875 0.03255208290816326 0.6337890625 0.024739582908163266 0.6357421875 0.006510417091836735 0.677734375 0.006510417091836735 0.703125 0.016927082908163266 0.720703125 0.03255208290816326 0.7294921875 0.04296875 0.7294921875
5 0.06119791709183673 0.50390625 0.07421875 0.4892578125 0.07552083290816326 0.478515625 0.05859375 0.45703125 0.04296875 0.40234375 0.024739582908163266 0.404296875 0.015625 0.4130859375 0.00390625 0.4482421875 0.0026041670918367345 0.466796875 0.03255208290816326 0.5009765625 0.046875 0.5068359375 0.06119791709183673 0.50390625
3 0.07161458290816326 0.439453125 0.06380208290816326 0.439453125 0.05598958290816327 0.44921875 0.0546875 0.453125 0.06380208290816326 0.4599609375 0.07552083290816326 0.45703125 0.07161458290816326 0.439453125
10 0.16276041709183675 0.9248046875 0.20572916709183672 0.935546875 0.23046875 0.935546875 0.24088541709183672 0.931640625 0.2421875 0.9208984375 0.23046875 0.90625 0.19791666709183672 0.8837890625 0.17057291709183672 0.8779296875 0.13020833290816325 0.8828125 0.12630208290816325 0.8857421875 0.12890625 0.8916015625 0.15364583290816325 0.919921875 0.16276041709183675 0.9248046875
9 0.5807291670918368 0.208984375 0.57421875 0.2099609375 0.5598958329081632 0.2373046875 0.55859375 0.244140625 0.5690104170918368 0.24609375 0.5859375 0.21484375 0.5807291670918368 0.208984375
9 0.44791666709183675 0.1962890625 0.44010416709183675 0.193359375 0.43489583290816325 0.1953125 0.42057291709183675 0.2197265625 0.42057291709183675 0.2275390625 0.4296875 0.2294921875 0.44791666709183675 0.203125 0.44791666709183675 0.1962890625
9 0.20703125 0.22265625 0.203125 0.2236328125 0.203125 0.2314453125 0.22265625 0.2509765625 0.22265625 0.2353515625 0.20703125 0.22265625
9 0.06510416709183674 0.349609375 0.05859375 0.37890625 0.06380208290816326 0.3779296875 0.0703125 0.3466796875 0.06510416709183674 0.349609375
9 0.5703125 0.7744140625 0.5442708329081632 0.7880859375 0.5377604170918368 0.79296875 0.5494791670918368 0.7978515625 0.578125 0.7783203125 0.5703125 0.7744140625
9 0.60546875 0.7333984375 0.5833333329081632 0.7451171875 0.58203125 0.751953125 0.5885416670918368 0.7548828125 0.61328125 0.7392578125 0.60546875 0.7333984375
9 0.2916666670918367 0.728515625 0.2721354170918367 0.7392578125 0.2708333329081633 0.744140625 0.28125 0.75390625 0.3020833329081633 0.7431640625 0.2916666670918367 0.728515625
9 0.12630208290816325 0.7431640625 0.11328125 0.73828125 0.109375 0.73828125 0.11328125 0.7568359375 0.12760416709183675 0.7626953125 0.12630208290816325 0.7431640625
9 0.08333333290816326 0.7197265625 0.07421875 0.72265625 0.07421875 0.744140625 0.08984375 0.748046875 0.0859375 0.7216796875 0.08333333290816326 0.7197265625
9 0.734375 0.708984375 0.7135416670918366 0.7236328125 0.7109375 0.7275390625 0.7200520829081634 0.7294921875 0.7395833329081634 0.708984375 0.734375 0.708984375
9 0.7578125 0.740234375 0.7317708329081634 0.748046875 0.73046875 0.7529296875 0.7408854170918366 0.751953125 0.7552083329081634 0.7451171875 0.7578125 0.740234375
9 0.896046400510204 0.712908380859375 0.9114583329081634 0.7041015625 0.8971354170918366 0.7080078125 0.896046400510204 0.712908380859375
9 0.890625 0.7119140625 0.8854166670918366 0.71484375 0.8841145829081634 0.7197265625 0.8949488992346939 0.7135355244140625 0.890625 0.7119140625