4 0.6101322125 0.2041015625 0.6861778854166667 0.203125 0.70485576875 0.189453125 0.71953125 0.1611328125 0.7101923083333334 0.1591796875 0.6728365375 0.16796875 0.54609375 0.1806640625 0.54609375 0.1884765625 0.5794471145833333 0.2099609375 0.6101322125 0.2041015625
8 0.20251041666666666 0.4013671875 0.19973958333333333 0.4228515625 0.20666666666666667 0.435546875 0.22467708333333333 0.44921875 0.24822916666666667 0.4501953125 0.2606979166666667 0.44140625 0.26901041666666664 0.42578125 0.267625 0.4052734375 0.25654166666666667 0.388671875 0.24407291666666667 0.3818359375 0.22744791666666667 0.380859375 0.21359375 0.38671875 0.20251041666666666 0.4013671875
11 0.32103942916666667 0.4873046875 0.27722712083333334 0.5146484375 0.2559847895833333 0.5390625 0.24270833333333333 0.568359375 0.24270833333333333 0.5966796875 0.2520018541666667 0.6240234375 0.27457183125 0.619140625 0.291831225 0.62109375 0.34228176041666664 0.595703125 0.4551316458333333 0.5498046875 0.4591145833333333 0.54296875 0.4391998979166667 0.517578125 0.41795756666666667 0.5009765625 0.3847664229166667 0.486328125 0.3489199895833333 0.4814453125 0.32103942916666667 0.4873046875
11 0.2023881625 0.5703125 0.17036296875 0.5703125 0.1530159875 0.576171875 0.12365956041666666 0.5966796875 0.10364381458333334 0.6220703125 0.09430313333333333 0.6513671875 0.09296875 0.6708984375 0.09964066458333334 0.69140625 0.10364381458333334 0.6943359375 0.12365956041666666 0.693359375 0.14634407291666665 0.6865234375 0.16769420208333333 0.673828125 0.18103803333333335 0.671875 0.26510416666666664 0.6328125 0.25176033541666665 0.6220703125 0.2437540375 0.591796875 0.22774143958333332 0.578125 0.2023881625 0.5703125
4 1 0.31993334687499997 0.9994491916666667 0.259765625 0.98746065625 0.2958984375 0.96081946875 0.33203125 0.9381744604166666 0.353515625 0.8915523833333334 0.3779296875 0.8529226624999999 0.388671875 0.815625 0.3935546875 0.8169570583333333 0.3984375 0.8649111958333333 0.4189453125 0.9181935708333333 0.4287109375 0.9594874104166667 0.4248046875 0.9781362416666667 0.4189453125 1 0.405745115625 1 0.31993334687499997
3 0.6479538687499999 0.5830078125 0.6847172625 0.5849609375 0.7187574395833334 0.5693359375 0.7282886895833334 0.5576171875 0.7364583333333333 0.53125 0.7228422625 0.5283203125 0.6928869041666667 0.5341796875 0.67654761875 0.546875 0.6452306541666667 0.560546875 0.6411458333333333 0.576171875 0.6479538687499999 0.5830078125
3 0.60627003125 0.6552734375 0.6388020833333333 0.6474609375 0.6388020833333333 0.6435546875 0.6103365375 0.6318359375 0.55069444375 0.6123046875 0.5439169333333334 0.6142578125 0.5330729166666667 0.6357421875 0.53442841875 0.6484375 0.5750934833333333 0.6474609375 0.60627003125 0.6552734375
11 0.7994676166666667 0.69280078125 0.9346927083333333 0.5793701171875 0.75131980625 0.58683984375 0.74990555625 0.5868798828124999 0.5904088541666667 0.710884765625 0.7994676166666667 0.69280078125
11 0.6472552083333334 0.66780859375 0.4304661458333333 0.7186591796874999 0.48571287916666667 0.728474609375 0.5937715270833334 0.7141943359375 0.6472552083333334 0.66780859375
3 0.8299479166666667 0.623046875 0.8381028833333333 0.6240234375 0.8544128145833334 0.6162109375 0.88295519375 0.6162109375 0.90470176875 0.607421875 0.9237300229166666 0.607421875 0.9291666666666667 0.5986328125 0.9223708625 0.5908203125 0.9101384125 0.5869140625 0.8680044229166667 0.5927734375 0.8313070770833334 0.6181640625 0.8299479166666667 0.623046875
3 0.8259492604166667 0.666015625 0.8423807125 0.6533203125 0.8629200270833334 0.6474609375 0.8807207666666667 0.6474609375 0.8861979166666667 0.6337890625 0.8807207666666667 0.6259765625 0.8683971770833333 0.6201171875 0.8232106854166666 0.6259765625 0.8013020833333333 0.6552734375 0.8026713708333334 0.6650390625 0.8259492604166667 0.666015625
4 0.8509430625000001 0.578125 0.9153848104166666 0.5751953125 0.93418031875 0.5712890625 0.9637161208333332 0.5546875 0.9838541666666667 0.52734375 0.9744564125 0.525390625 0.9247825645833333 0.537109375 0.8764512541666666 0.5400390625 0.8496005249999999 0.5595703125 0.8455729166666667 0.5751953125 0.8509430625000001 0.578125
0 0.9191145833333334 0.556640625 0.9145833333333333 0.560546875 0.9236458333333334 0.564453125 0.9372395833333333 0.564453125 0.9447916666666667 0.560546875 0.9417708333333333 0.552734375 0.9191145833333334 0.556640625
8 0.6582713291666666 0.671875 0.6664806541666667 0.677734375 0.68700396875 0.6796875 0.70752728125 0.6767578125 0.7294188166666667 0.6669921875 0.7389963625 0.654296875 0.7403645833333333 0.6416015625 0.7280505958333333 0.6318359375 0.7061590604166667 0.6337890625 0.6705853166666667 0.6435546875 0.6541666666666667 0.658203125 0.6582713291666666 0.671875
0 0.7494791666666667 0.6875 0.7421354166666667 0.68359375 0.7127604166666667 0.69140625 0.7127604166666667 0.6962890625 0.7274479166666666 0.7001953125 0.7421354166666667 0.7001953125 0.7494791666666667 0.6962890625 0.7494791666666667 0.6875
0 0.5902916666666667 0.7021484375 0.5814791666666667 0.69921875 0.5579791666666666 0.7041015625 0.5565104166666667 0.7109375 0.5638541666666667 0.71484375 0.5844166666666666 0.7138671875 0.5932291666666667 0.7099609375 0.5902916666666667 0.7021484375
7 0.5845703125 0.5927734375 0.56953125 0.6064453125 0.56953125 0.611328125 0.5873046875 0.623046875 0.605078125 0.6279296875 0.61328125 0.6259765625 0.61328125 0.611328125 0.6283203125 0.578125 0.65703125 0.548828125 0.6228515625 0.5537109375 0.594140625 0.5654296875 0.5845703125 0.5927734375
10 0.6276041666666666 0.76953125 0.6248263895833334 0.8037109375 0.6484375 0.806640625 0.6803819437499999 0.7705078125 0.6817708333333333 0.744140625 0.6692708333333334 0.7353515625 0.6484375 0.7333984375 0.62899305625 0.7373046875 0.6164930562500001 0.74609375 0.6151041666666667 0.7548828125 0.6276041666666666 0.76953125
4 0.6325000000000001 0.8193359375 0.6216666666666666 0.830078125 0.6203125 0.8359375 0.6284375 0.845703125 0.6826041666666666 0.861328125 0.6988541666666667 0.861328125 0.7110416666666667 0.8564453125 0.7232291666666666 0.8447265625 0.7286458333333333 0.8271484375 0.7286458333333333 0.798828125 0.7083333333333334 0.8076171875 0.6649999999999999 0.8046875 0.6555208333333333 0.8125 0.6325000000000001 0.8193359375
3 0.6774572645833333 0.7109375 0.6549145291666666 0.7099609375 0.6450520833333333 0.71484375 0.647869925 0.7236328125 0.6661858979166666 0.7255859375 0.7 0.7197265625 0.6971821583333334 0.7138671875 0.6774572645833333 0.7109375
3 0.6098958333333333 0.73046875 0.6127380958333333 0.73828125 0.6226860125000001 0.73828125 0.6567931541666667 0.732421875 0.6596354166666667 0.7275390625 0.6354761895833333 0.724609375 0.6098958333333333 0.73046875
4 0.409375 0.94921875 0.41338541666666667 0.953125 0.45348958333333333 0.974609375 0.47086805625 0.9775390625 0.49894097291666667 0.974609375 0.5149826395833333 0.970703125 0.5417187499999999 0.9541015625 0.5617708333333333 0.9296875 0.5697916666666667 0.9111328125 0.5537500000000001 0.91015625 0.41338541666666667 0.9462890625 0.409375 0.94921875
4 0.5580416666666667 0.908203125 0.57840625 0.892578125 0.590625 0.869140625 0.58383680625 0.8681640625 0.492875 0.890625 0.48880208333333336 0.8935546875 0.5145972229166667 0.908203125 0.52953125 0.9111328125 0.5580416666666667 0.908203125
0 0.26089743541666666 0.583984375 0.26901041666666664 0.5712890625 0.26414262916666664 0.568359375 0.2511618583333333 0.5693359375 0.24791666666666667 0.5751953125 0.26089743541666666 0.583984375
0 0.14817708333333332 0.6572265625 0.15442708333333333 0.64453125 0.14505208333333333 0.6416015625 0.13098958333333333 0.64453125 0.12942708333333333 0.6513671875 0.14817708333333332 0.6572265625
0 0.14661458333333333 0.6640625 0.14357182083333334 0.6572265625 0.12379386041666667 0.6572265625 0.11770833333333333 0.6611328125 0.12075109583333334 0.6669921875 0.12987938541666666 0.671875 0.14052905625 0.6708984375 0.14661458333333333 0.6640625
1 0.7190848208333332 0.5 0.7045758937500001 0.4990234375 0.6828125 0.505859375 0.6871651791666668 0.5185546875 0.6987723208333333 0.51953125 0.7103794645833333 0.515625 0.7234375 0.50390625 0.7190848208333332 0.5
1 0.7375744041666666 0.4638671875 0.7520833333333333 0.4384765625 0.7433779770833334 0.43359375 0.7332217270833333 0.43359375 0.7158110125 0.439453125 0.7114583333333333 0.451171875 0.7172619041666667 0.4619140625 0.7230654770833334 0.46484375 0.7375744041666666 0.4638671875
6 0.4836681541666667 0.0908203125 0.4461681541666667 0.087890625 0.4180431541666667 0.095703125 0.39795386875 0.1103515625 0.38857886875 0.1279296875 0.38723958333333336 0.1416015625 0.39527529791666666 0.1630859375 0.4046502979166667 0.1748046875 0.4394717270833333 0.1962890625 0.47161458333333334 0.1982421875 0.4984002979166667 0.1943359375 0.5211681541666667 0.181640625 0.5345610125 0.1640625 0.5372395833333333 0.140625 0.5305431541666666 0.123046875 0.5050967270833333 0.099609375 0.4836681541666667 0.0908203125
7 0.7245339916666667 0.275390625 0.7231770833333333 0.283203125 0.7489583333333333 0.3115234375 0.7598135958333334 0.3447265625 0.7855948458333334 0.3515625 0.8263020833333333 0.3515625 0.8263020833333333 0.3447265625 0.80866228125 0.3271484375 0.7869517541666667 0.2880859375 0.7693119520833334 0.2734375 0.75709978125 0.2490234375 0.7435307020833334 0.2548828125 0.7245339916666667 0.275390625
5 0.7229517791666668 0.3193359375 0.6932759833333333 0.3173828125 0.6919270833333333 0.3212890625 0.7216028791666667 0.3447265625 0.7323940770833333 0.359375 0.7391385770833333 0.376953125 0.7404874770833333 0.400390625 0.7823033708333333 0.41796875 0.8119791666666667 0.421875 0.8119791666666667 0.4140625 0.79444346875 0.3984375 0.752627575 0.34375 0.748580875 0.3271484375 0.7229517791666668 0.3193359375
4 0.56198361875 0.4375 0.6047898854166667 0.46484375 0.640907675 0.46484375 0.6596354166666667 0.4599609375 0.6074652770833333 0.435546875 0.5686720979166666 0.404296875 0.5058003916666667 0.376953125 0.503125 0.3994140625 0.511151175 0.4189453125 0.56198361875 0.4375
7 0.5257170375 0.3232421875 0.51484375 0.349609375 0.53115368125 0.359375 0.5447452916666666 0.3896484375 0.5732876708333333 0.4052734375 0.5909567645833333 0.4033203125 0.6018300520833333 0.3955078125 0.6140625 0.37109375 0.6072666958333334 0.3408203125 0.5882384416666666 0.32421875 0.5610552229166667 0.3134765625 0.5379494854166667 0.3134765625 0.5257170375 0.3232421875
1 0.6695913458333334 0.2646484375 0.6812900645833333 0.2587890625 0.6856770833333333 0.23828125 0.6769030458333333 0.234375 0.6535056083333333 0.236328125 0.64765625 0.240234375 0.6491185895833333 0.2548828125 0.65935496875 0.2626953125 0.6695913458333334 0.2646484375
1 0.4981770833333333 0.263671875 0.47185496875 0.2607421875 0.46015625 0.2646484375 0.46454326875 0.28515625 0.4762419875 0.291015625 0.48940304583333333 0.2900390625 0.4981770833333333 0.283203125 0.4981770833333333 0.263671875
1 0.6411458333333333 0.3310546875 0.6411458333333333 0.349609375 0.66180555625 0.3564453125 0.6736111104166667 0.3486328125 0.6765625 0.3310546875 0.6677083333333333 0.328125 0.6411458333333333 0.3310546875
1 0.417824075 0.408203125 0.4265625 0.3994140625 0.4265625 0.38671875 0.40908564791666663 0.376953125 0.3916087958333333 0.3798828125 0.38723958333333336 0.38671875 0.39743441458333334 0.400390625 0.40762924375 0.4072265625 0.417824075 0.408203125
1 0.3611979166666667 0.1865234375 0.36854166666666666 0.2060546875 0.3861666666666667 0.2138671875 0.39791666666666664 0.2041015625 0.39497916666666666 0.1875 0.3846979166666667 0.181640625 0.3611979166666667 0.1865234375
1 0.2752604166666667 0.212890625 0.28411458333333334 0.23046875 0.30182291666666666 0.2373046875 0.3106770833333333 0.2265625 0.30772569375000003 0.212890625 0.29296875 0.2060546875 0.2752604166666667 0.212890625
1 0.3209270833333333 0.306640625 0.30623958333333334 0.2998046875 0.2915520833333333 0.3017578125 0.28567708333333336 0.3095703125 0.2974270833333333 0.3232421875 0.31505208333333334 0.328125 0.3223958333333333 0.318359375 0.3209270833333333 0.306640625
0 0.3445238104166667 0.4853515625 0.31894345208333336 0.4912109375 0.3104166666666667 0.4970703125 0.31325892916666664 0.5068359375 0.32889136874999997 0.5078125 0.3473660708333333 0.501953125 0.36015625 0.490234375 0.3445238104166667 0.4853515625
6 0.23619791666666667 0.26171875 0.2488313 0.279296875 0.25725355625 0.283203125 0.27971290625 0.279296875 0.29375 0.2626953125 0.2923462916666667 0.240234375 0.28392403541666666 0.228515625 0.2755017791666667 0.2236328125 0.2614646854166667 0.2236328125 0.24602388125000002 0.2314453125 0.23760162499999998 0.2431640625 0.23619791666666667 0.26171875
0 0.29652777708333333 0.2685546875 0.30807291666666664 0.2509765625 0.30147569375 0.2412109375 0.28993055624999997 0.244140625 0.28828125 0.2587890625 0.29652777708333333 0.2685546875
11 0.22208806875 0.134765625 0.20875157916666665 0.154296875 0.20341698333333333 0.20703125 0.15807291666666667 0.2666015625 0.19808238541666665 0.251953125 0.21008522708333333 0.2421875 0.2194207708333333 0.244140625 0.22075441875 0.2373046875 0.31144255 0.1640625 0.3247790395833333 0.1259765625 0.3341145833333333 0.046875 0.2981060604166667 0.091796875 0.2447601 0.1171875 0.22208806875 0.134765625
7 0.14635416666666667 0.3203125 0.15196900416666667 0.380859375 0.1758320625 0.4013671875 0.19267657500000002 0.40625 0.20250254166666667 0.392578125 0.19408028541666666 0.3388671875 0.20390625 0.2880859375 0.19548399375 0.27734375 0.18425431874999998 0.275390625 0.1758320625 0.2783203125 0.15758384166666667 0.291015625 0.15056529375000002 0.2998046875 0.14635416666666667 0.3203125
4 0 0.3202662578125 0.0047686125 0.3291015625 0.03765795833333333 0.328125 0.07191769166666666 0.345703125 0.08014002708333333 0.3349609375 0.08151041666666667 0.3193359375 0.06643613333333334 0.29296875 0.041769125 0.2802734375 0.003398225 0.2890625 0 0.2908787234375 0 0.3202662578125
4 0.047447916666666666 0.5517578125 0.06911458333333333 0.568359375 0.13140625 0.5859375 0.15036458333333333 0.578125 0.15442708333333333 0.5458984375 0.14901041666666667 0.537109375 0.10567708333333334 0.5341796875 0.07588541666666666 0.521484375 0.05828125 0.5078125 0.05015625 0.509765625 0.04609375 0.5244140625 0.047447916666666666 0.5517578125
3 0.8084134625 0.837890625 0.81328125 0.8125 0.8035456729166667 0.8134765625 0.7954326916666666 0.8203125 0.7921875 0.841796875 0.8084134625 0.837890625
3 0.9007211541666666 0.76171875 0.9007211541666666 0.7607421875 0.9094951916666666 0.7548828125 0.91095753125 0.7548828125 0.9168068916666667 0.751953125 0.9211939104166667 0.748046875 0.9211939104166667 0.74609375 0.92265625 0.7451171875 0.9211939104166667 0.7431640625 0.9211939104166667 0.7392578125 0.9168068916666667 0.7353515625 0.91095753125 0.734375 0.9051081729166667 0.7373046875 0.9036458333333334 0.7373046875 0.8904847749999999 0.74609375 0.8890224354166667 0.7490234375 0.8860977562500001 0.7509765625 0.8846354166666667 0.7509765625 0.8846354166666667 0.7548828125 0.8860977562500001 0.7548828125 0.8890224354166667 0.7568359375 0.8890224354166667 0.7578125 0.8919471145833333 0.759765625 0.8919471145833333 0.76171875 0.8948717958333333 0.763671875 0.897796475 0.763671875 0.9007211541666666 0.76171875
10 0.7123798083333334 0.728515625 0.7065304479166666 0.728515625 0.7050681083333333 0.7294921875 0.7021434291666666 0.7294921875 0.6962940708333334 0.7314453125 0.6904447125 0.7353515625 0.6875200312499999 0.736328125 0.6875200312499999 0.7373046875 0.6802083333333333 0.7421875 0.6802083333333333 0.7470703125 0.6845953520833333 0.7490234375 0.6962940708333334 0.7490234375 0.6977564104166666 0.75 0.7050681083333333 0.75 0.7153044875 0.744140625 0.7182291666666667 0.740234375 0.7182291666666667 0.732421875 0.7167668270833333 0.73046875 0.7123798083333334 0.728515625
10 0.7064236104166667 0.76953125 0.6912020020833333 0.7724609375 0.6787479583333333 0.77734375 0.6635263479166666 0.7890625 0.659375 0.794921875 0.659375 0.798828125 0.6662939125 0.8017578125 0.6939695666666666 0.806640625 0.7064236104166667 0.806640625 0.71887765625 0.8037109375 0.7257965687500001 0.798828125 0.7285641333333334 0.79296875 0.7299479166666667 0.767578125 0.7285641333333334 0.7666015625 0.7105749583333334 0.767578125 0.7064236104166667 0.76953125
10 0.22579257291666668 0.7783203125 0.19480298958333334 0.7705078125 0.18671875 0.771484375 0.18671875 0.7802734375 0.205581975 0.796875 0.21770833333333334 0.8125 0.23926630416666667 0.826171875 0.2810348729166667 0.8427734375 0.29585597916666667 0.84375 0.30394021666666665 0.841796875 0.3106770833333333 0.8369140625 0.3106770833333333 0.8310546875 0.30663496458333334 0.826171875 0.2648663958333333 0.7958984375 0.22579257291666668 0.7783203125
10 0.18850490208333334 0.78125 0.15878063750000002 0.771484375 0.13310968125 0.7666015625 0.10473651875000001 0.767578125 0.10338541666666666 0.7734375 0.10608762291666667 0.77734375 0.12905637291666666 0.794921875 0.13986519583333334 0.7998046875 0.16013173958333335 0.806640625 0.18310048958333333 0.810546875 0.20201593125 0.8173828125 0.21012255 0.8173828125 0.21822916666666667 0.8134765625 0.21822916666666667 0.80859375 0.20201593125 0.791015625 0.18850490208333334 0.78125
7 0.25446428541666666 0.8701171875 0.24207589375 0.8720703125 0.23519345208333334 0.876953125 0.23381696458333331 0.8818359375 0.2296875 0.9052734375 0.23932291666666666 0.916015625 0.27235863125000004 0.935546875 0.28061756041666663 0.9375 0.29162946458333333 0.9375 0.2985119041666667 0.935546875 0.3067708333333333 0.927734375 0.3067708333333333 0.9169921875 0.2985119041666667 0.8984375 0.2833705354166666 0.884765625 0.27098214375 0.8759765625 0.25446428541666666 0.8701171875
0 0.17469270833333334 0.85546875 0.16844270833333336 0.85546875 0.17000520833333335 0.8564453125 0.17000520833333335 0.859375 0.17625520833333336 0.8642578125 0.18406770833333336 0.8642578125 0.18563020833333335 0.865234375 0.18875520833333334 0.865234375 0.19344270833333335 0.86328125 0.19344270833333335 0.861328125 0.19031770833333334 0.859375 0.18406770833333336 0.8583984375 0.17469270833333334 0.85546875
0 0.16652644166666666 0.8310546875 0.16977163541666668 0.83203125 0.18112980833333334 0.83203125 0.184375 0.8310546875 0.18112980833333334 0.8271484375 0.17301682708333335 0.826171875 0.16814903750000001 0.82421875 0.16328125 0.82421875 0.16328125 0.8291015625 0.16652644166666666 0.8310546875
10 0.4759851916666667 0.7998046875 0.4611100645833333 0.806640625 0.43812123541666664 0.8271484375 0.4354166666666667 0.8349609375 0.45434864375 0.833984375 0.4678714854166667 0.8291015625 0.47463290625 0.8291015625 0.48139432708333335 0.8251953125 0.5368379770833334 0.8076171875 0.54765625 0.7998046875 0.5408948291666668 0.794921875 0.5300765562499999 0.7919921875 0.5165537145833333 0.791015625 0.4976217375 0.79296875 0.4759851916666667 0.7998046875
5 0.4044270833333333 0.7490234375 0.37857022916666666 0.724609375 0.35989583333333336 0.716796875 0.3642053083333333 0.759765625 0.35989583333333336 0.7900390625 0.3642053083333333 0.796875 0.3871891791666667 0.8095703125 0.4044270833333333 0.7490234375
3 0.8666666666666667 0.66796875 0.8666666666666667 0.66015625 0.85537280625 0.65234375 0.8440789479166667 0.65234375 0.8158442979166666 0.6748046875 0.8130208333333333 0.6787109375 0.8384320166666667 0.6708984375 0.8596080041666667 0.6708984375 0.8666666666666667 0.66796875
11 0.8392903645833333 0.7171630859375 0.8306526458333334 0.675919921875 0.8139269166666666 0.681162109375 0.7981537479166666 0.694232421875 0.7677876708333333 0.6965019531250001 0.7152122395833334 0.733193359375 0.7152122395833334 0.738978515625 0.8176388041666667 0.7287216796875 0.8392903645833333 0.7171630859375
7 0.16271446041666668 0.5 0.20594975416666667 0.556640625 0.24242953333333334 0.5888671875 0.25729166666666664 0.5302734375 0.23162071041666668 0.46875 0.20054534375 0.423828125 0.16136335833333335 0.388671875 0.14785232916666666 0.3896484375 0.14244791666666667 0.3984375 0.14244791666666667 0.443359375 0.16271446041666668 0.5
7 0.1421600875 0.44140625 0.1421600875 0.4119140625 0.14921875 0.38671875 0.14074835625 0.3310546875 0.13368969375 0.3203125 0.12380756666666667 0.3203125 0.09698465 0.3447265625 0.09557291666666666 0.3623046875 0.11533717083333334 0.416015625 0.1421600875 0.44140625
1 0.03362847291666667 0.3603515625 0.03046875 0.3681640625 0.04626736041666667 0.380859375 0.05258680625 0.3759765625 0.05416666666666667 0.36328125 0.04310763958333333 0.3583984375 0.03362847291666667 0.3603515625
1 0.05260416666666667 0.416015625 0.06180555625 0.4306640625 0.07100694375000001 0.4365234375 0.07867476875 0.435546875 0.08020833333333334 0.4189453125 0.06333912083333333 0.4130859375 0.05260416666666667 0.416015625
4 0.09036458333333333 0.7236328125 0.09718594583333333 0.7314453125 0.108100125 0.7373046875 0.13947838958333333 0.7412109375 0.15448538541666668 0.7275390625 0.17767801666666666 0.716796875 0.18177083333333333 0.7021484375 0.17222092708333334 0.6943359375 0.1422069333333333 0.6923828125 0.11082866875 0.6982421875 0.09036458333333333 0.7138671875 0.09036458333333333 0.7236328125
7 0.05810319791666666 0.767578125 0.05135053333333333 0.7734375 0.05 0.8125 0.05810319791666666 0.828125 0.075660125 0.845703125 0.09726865208333332 0.8603515625 0.12427931249999999 0.8701171875 0.15128997083333334 0.875 0.16614583333333333 0.873046875 0.16209423541666668 0.865234375 0.14183623958333333 0.8583984375 0.10537185 0.830078125 0.06620639583333333 0.7724609375 0.05810319791666666 0.767578125
7 0.11927759791666667 0.8427734375 0.15047010208333333 0.861328125 0.15589488541666666 0.87109375 0.184375 0.8759765625 0.11520901041666667 0.7861328125 0.0853727 0.751953125 0.07994791666666666 0.7529296875 0.0813041125 0.7880859375 0.10164705 0.826171875 0.11927759791666667 0.8427734375
7 0.3211035770833333 0.8271484375 0.31834217708333334 0.8671875 0.29348958333333336 0.89453125 0.30729657916666664 0.908203125 0.32800707500000004 0.912109375 0.34595617083333335 0.908203125 0.35838246875 0.8994140625 0.36666666666666664 0.8837890625 0.36666666666666664 0.865234375 0.35285967083333336 0.8349609375 0.3376719729166667 0.826171875 0.32386497708333334 0.82421875 0.3211035770833333 0.8271484375
0 0.18463541666666666 0.701171875 0.19869791666666667 0.701171875 0.18463541666666666 0.6875 0.17369791666666667 0.6884765625 0.17369791666666667 0.6943359375 0.18463541666666666 0.701171875
3 0.25458140416666664 0.6220703125 0.253125 0.626953125 0.26914544791666667 0.6318359375 0.2880787041666667 0.6298828125 0.29244791666666664 0.6259765625 0.27934027708333337 0.619140625 0.25458140416666664 0.6220703125
6 0.41210069375 0.7236328125 0.41354166666666664 0.7119140625 0.40489583333333334 0.7041015625 0.3904861104166667 0.69921875 0.3703125 0.703125 0.3703125 0.716796875 0.38328124999999996 0.7255859375 0.40489583333333334 0.7275390625 0.41210069375 0.7236328125
4 0.95001531875 0.6455078125 0.9786458333333333 0.5966796875 0.9309283083333334 0.6181640625 0.8954810041666666 0.6455078125 0.8873008583333333 0.658203125 0.8859375 0.6708984375 0.8954810041666666 0.6806640625 0.9418351708333332 0.6845703125 0.95001531875 0.6455078125
4 0.8783854166666667 0.732421875 0.8445038375 0.72265625 0.8303865125000001 0.7314453125 0.8247395833333333 0.7470703125 0.8557976979166667 0.76171875 0.8656798250000001 0.7470703125 0.8783854166666667 0.73828125 0.8783854166666667 0.732421875
0 0.4578125 0.56640625 0.43192557291666667 0.5595703125 0.3692519625 0.59765625 0.36380208333333336 0.60546875 0.41148852708333333 0.6123046875 0.4414628625 0.6103515625 0.4482752104166667 0.6025390625 0.4578125 0.56640625
3 0.9345531791666667 0.744140625 0.9315104166666667 0.7529296875 0.93759594375 0.7578125 0.9604166666666667 0.748046875 0.9604166666666667 0.744140625 0.9467242333333333 0.740234375 0.9345531791666667 0.744140625
7 0.04348958333333333 0.619140625 0.047679925 0.634765625 0.06723484791666667 0.6533203125 0.09098011458333333 0.6552734375 0.09656723541666666 0.6142578125 0.10494791666666667 0.5927734375 0.10355113541666668 0.580078125 0.09098011458333333 0.57421875 0.07002840833333333 0.5712890625 0.05326704583333333 0.5849609375 0.047679925 0.599609375 0.04348958333333333 0.619140625
7 0.02389738541666667 0.6357421875 0.004427083333333333 0.677734375 0.004427083333333333 0.703125 0.015552970833333334 0.720703125 0.0322418 0.7294921875 0.04336768541666667 0.7294921875 0.05866577916666667 0.720703125 0.06979166666666667 0.6982421875 0.06979166666666667 0.673828125 0.06422872291666666 0.669921875 0.06422872291666666 0.658203125 0.046149158333333336 0.638671875 0.0322418 0.6337890625 0.02389738541666667 0.6357421875
5 0.0005208333333333333 0.466796875 0.03218006041666667 0.5009765625 0.04732142916666667 0.5068359375 0.06246279791666667 0.50390625 0.07622767916666667 0.4892578125 0.07760416666666667 0.478515625 0.05970982083333333 0.45703125 0.04319196458333333 0.40234375 0.02392113125 0.404296875 0.014285714583333333 0.4130859375 0.0018973208333333334 0.4482421875 0.0005208333333333333 0.466796875
3 0.05416666666666667 0.44921875 0.05260416666666667 0.453125 0.06354166666666666 0.4599609375 0.07760416666666667 0.45703125 0.07291666666666667 0.439453125 0.06354166666666666 0.439453125 0.05416666666666667 0.44921875
10 0.12826545 0.8828125 0.12421875 0.8857421875 0.12691655 0.8916015625 0.15254564583333333 0.919921875 0.16198794374999997 0.9248046875 0.20650163958333334 0.935546875 0.23213073541666668 0.935546875 0.24292193333333334 0.931640625 0.24427083333333333 0.9208984375 0.23213073541666668 0.90625 0.19840823958333334 0.8837890625 0.17008134375 0.8779296875 0.12826545 0.8828125