4 0.5159409729166666 0.197265625 0.5345590270833332 0.2099609375 0.5505173604166667 0.2138671875 0.5717951395833333 0.212890625 0.59174305625 0.2060546875 0.6063715270833333 0.193359375 0.6130208333333333 0.177734375 0.6077013895833333 0.1591796875 0.59174305625 0.1474609375 0.5505173604166667 0.15234375 0.51328125 0.1689453125 0.5159409729166666 0.197265625
4 0.48333333333333334 0.3095703125 0.48333333333333334 0.32421875 0.48998451666666665 0.3369140625 0.50328688125 0.3466796875 0.5205799541666667 0.3515625 0.5538358666666666 0.3486328125 0.5711289416666666 0.3369140625 0.5817708333333333 0.322265625 0.5817708333333333 0.302734375 0.57511965 0.2919921875 0.5578265770833333 0.283203125 0.4926449895833333 0.2998046875 0.48333333333333334 0.3095703125
3 0.23243547916666665 0.2236328125 0.21510416666666668 0.236328125 0.21777052291666665 0.2509765625 0.24176772291666668 0.26953125 0.24843361249999998 0.28125 0.2710976375 0.341796875 0.27909670416666665 0.345703125 0.2964280166666667 0.3427734375 0.30442708333333335 0.3369140625 0.30442708333333335 0.330078125 0.28309623749999996 0.2958984375 0.28309623749999996 0.2392578125 0.253766325 0.22265625 0.23243547916666665 0.2236328125
3 0.24990172916666667 0.3623046875 0.27002260208333334 0.3828125 0.2834365166666667 0.384765625 0.28880208333333335 0.369140625 0.26868121041666665 0.3447265625 0.2566086875 0.3056640625 0.24319477291666666 0.296875 0.23380503125000002 0.2958984375 0.21770833333333334 0.3076171875 0.219049725 0.3212890625 0.24990172916666667 0.3623046875
3 0.44114583333333335 0.1552734375 0.43572916666666667 0.1435546875 0.39916666666666667 0.12890625 0.39239583333333333 0.12890625 0.38833333333333336 0.13671875 0.38697916666666665 0.1533203125 0.4032291666666667 0.1728515625 0.43031250000000004 0.169921875 0.44114583333333335 0.1552734375
5 0.70019933125 0.2666015625 0.7370177479166667 0.2353515625 0.7620016708333334 0.1982421875 0.7896154833333333 0.19140625 0.8172292958333334 0.201171875 0.8330086166666667 0.19921875 0.8395833333333333 0.1943359375 0.8369534458333334 0.181640625 0.8119695208333333 0.173828125 0.8027649166666666 0.1640625 0.8093396354166666 0.1494140625 0.8316936729166666 0.125 0.8290637854166667 0.1142578125 0.8119695208333333 0.1142578125 0.7975051437499999 0.123046875 0.7685763895833334 0.1611328125 0.7370177479166667 0.1650390625 0.7264982 0.1796875 0.7317579729166667 0.193359375 0.7146637083333334 0.216796875 0.6831050666666666 0.244140625 0.6528613687499999 0.2548828125 0.6449717083333333 0.2685546875 0.6581211416666667 0.2880859375 0.6581211416666667 0.298828125 0.6489165375 0.33203125 0.6489165375 0.3662109375 0.6265625 0.40625 0.6331372166666667 0.412109375 0.6568061979166667 0.4052734375 0.6686406895833333 0.3896484375 0.6949395583333333 0.33203125 0.6857349541666667 0.302734375 0.6936246145833334 0.2783203125 0.70019933125 0.2666015625
7 0.6575042999999999 0.0205078125 0.6059776375 0.08203125 0.5888020833333333 0.1162109375 0.5914444770833334 0.1435546875 0.6257955854166667 0.1650390625 0.6522195145833333 0.171875 0.7222429291666667 0.177734375 0.7328125 0.16015625 0.6760010520833333 0.1142578125 0.6627890854166666 0.08984375 0.6627890854166666 0.0751953125 0.6865706229166667 0.056640625 0.6839282291666666 0.017578125 0.6707162645833333 0.015625 0.6575042999999999 0.0205078125
11 0.9106125166666666 0.482421875 0.94600120625 0.4609375 0.9997395833333333 0.4189453125 0.9997395833333333 0.41015625 0.9840112770833334 0.4091796875 0.8778452125 0.4033203125 0.6825520833333333 0.3984375 0.683862775 0.4169921875 0.7179407708333333 0.4873046875 0.9106125166666666 0.482421875
7 0.46458333333333335 0.3720703125 0.4499876 0.359375 0.42212301666666663 0.3525390625 0.3942584333333333 0.3544921875 0.36639384999999997 0.369140625 0.35445188541666667 0.3857421875 0.353125 0.40625 0.3584325395833333 0.419921875 0.3703745041666667 0.4345703125 0.38895089374999997 0.4443359375 0.40752728125 0.44921875 0.4340649791666667 0.44921875 0.44866071458333334 0.4453125 0.46060267916666664 0.435546875 0.46325644791666665 0.4248046875 0.4539682541666667 0.3974609375 0.46458333333333335 0.3818359375 0.46458333333333335 0.3720703125
7 0.3505913 0.4228515625 0.3072181375 0.4208984375 0.2572732833333333 0.435546875 0.22178615208333333 0.4609375 0.20864276874999999 0.4794921875 0.20338541666666668 0.4970703125 0.20469975416666666 0.529296875 0.22178615208333333 0.5595703125 0.25201593125 0.58203125 0.28487438750000005 0.5947265625 0.33087622499999997 0.5986328125 0.3703063729166667 0.5927734375 0.4005361520833333 0.5791015625 0.42682291666666666 0.556640625 0.4255085791666666 0.5263671875 0.3913357833333333 0.48828125 0.3926501229166667 0.4521484375 0.3505913 0.4228515625
7 0.14380208333333336 0.5009765625 0.11081597291666667 0.4892578125 0.06859375 0.48828125 0.056718750000000005 0.4912109375 0.03296875 0.515625 0.03824652708333333 0.5419921875 0.02109375 0.5712890625 0.02241319375 0.6025390625 0.029010416666666667 0.6103515625 0.06991319374999999 0.62109375 0.10026041666666667 0.6201171875 0.13060763958333335 0.6123046875 0.1583159729166667 0.595703125 0.17678819375000002 0.5693359375 0.17942708333333332 0.546875 0.16887152708333333 0.521484375 0.14380208333333336 0.5009765625
11 0.24078553125 0.5771484375 0.20930722083333334 0.5693359375 0.1109375 0.712890625 0.1109375 0.71875 0.12143027083333333 0.724609375 0.20274923958333335 0.73828125 0.26701745624999995 0.7451171875 0.32603928750000005 0.7451171875 0.3666987729166667 0.736328125 0.38637271666666667 0.7255859375 0.3968654875 0.712890625 0.39817708333333335 0.6943359375 0.37981473541666666 0.662109375 0.3352204625 0.6259765625 0.24078553125 0.5771484375
2 0.182836175 0.6923828125 0.17864583333333334 0.69921875 0.18562973541666666 0.7060546875 0.20518465833333333 0.7060546875 0.209375 0.6943359375 0.20378787916666666 0.6865234375 0.182836175 0.6923828125
3 0.4202616875 0.64453125 0.42161458333333335 0.63671875 0.40808562083333333 0.6181640625 0.3823805895833334 0.6142578125 0.3674987291666667 0.6220703125 0.36614583333333334 0.62890625 0.38102769375 0.650390625 0.39996824166666667 0.6513671875 0.4202616875 0.64453125
1 0.5944602270833333 0.3759765625 0.60390625 0.3681640625 0.6012073854166666 0.359375 0.5890625 0.349609375 0.5715198854166667 0.345703125 0.5620738645833333 0.3466796875 0.54453125 0.361328125 0.54588068125 0.3740234375 0.5701704541666667 0.3828125 0.5944602270833333 0.3759765625
1 0.41387310624999996 0.33203125 0.43141571875 0.3310546875 0.44895833333333335 0.318359375 0.44625946875 0.3076171875 0.4246685604166667 0.294921875 0.4071259479166667 0.296875 0.3949810604166667 0.306640625 0.38958333333333334 0.314453125 0.3922821979166667 0.3232421875 0.41387310624999996 0.33203125
1 0.44114583333333335 0.220703125 0.43709423541666664 0.20703125 0.4168362395833333 0.1962890625 0.39792877916666664 0.19921875 0.38307291666666665 0.212890625 0.38442345 0.22265625 0.4127846416666667 0.234375 0.4289910375 0.23046875 0.44114583333333335 0.220703125
1 0.6241950749999999 0.2275390625 0.6417376895833333 0.23046875 0.6606297354166667 0.2275390625 0.6768229166666667 0.2158203125 0.6754734854166667 0.2060546875 0.6592803020833333 0.1953125 0.6471354166666666 0.193359375 0.6322916666666667 0.197265625 0.6187973479166666 0.2119140625 0.6174479166666667 0.22265625 0.6241950749999999 0.2275390625
1 0.5895833333333333 0.240234375 0.5868775416666666 0.2294921875 0.57199568125 0.2197265625 0.5517022354166666 0.21875 0.5341145833333333 0.23046875 0.536820375 0.24609375 0.555760925 0.2548828125 0.5747014729166666 0.251953125 0.5895833333333333 0.240234375
1 0.834375 0.0888671875 0.8222395833333334 0.076171875 0.8033622687499999 0.0732421875 0.7858333333333333 0.0791015625 0.7736979166666667 0.09375 0.77774305625 0.1064453125 0.8033622687499999 0.11328125 0.8276331020833333 0.1025390625 0.834375 0.0888671875
4 0.6304006416666667 0.5107421875 0.5816306083333332 0.5400390625 0.5552684291666666 0.5498046875 0.52890625 0.57421875 0.5328605770833333 0.595703125 0.55922275625 0.6220703125 0.5869030458333333 0.6328125 0.6172195520833333 0.6357421875 0.6435817312500001 0.6328125 0.683125 0.611328125 0.6976241979166667 0.58984375 0.7002604166666667 0.5673828125 0.6936698708333334 0.548828125 0.6725801291666667 0.525390625 0.6514903854166667 0.5146484375 0.6304006416666667 0.5107421875
4 0.5538701520833332 0.6220703125 0.5221251041666667 0.6435546875 0.50492986875 0.6474609375 0.47053939791666666 0.6474609375 0.45598958333333334 0.6572265625 0.45598958333333334 0.67578125 0.46524855625 0.6923828125 0.4903800541666667 0.7109375 0.5141888416666667 0.7158203125 0.5406430479166667 0.71484375 0.563129125 0.70703125 0.5803243604166667 0.6923828125 0.5895833333333333 0.6728515625 0.5882606229166666 0.6533203125 0.5803243604166667 0.6396484375 0.5657745458333333 0.6259765625 0.5538701520833332 0.6220703125
2 0.45989583333333334 0.8310546875 0.46270833333333333 0.845703125 0.47817708333333336 0.8486328125 0.48802083333333335 0.837890625 0.4838020833333333 0.8310546875 0.47536458333333337 0.8271484375 0.45989583333333334 0.8310546875
10 0.7613130479166668 0.552734375 0.7679331145833334 0.576171875 0.789117325 0.5888671875 0.8063294958333334 0.5947265625 0.839429825 0.5703125 0.8486979166666667 0.552734375 0.8248656791666666 0.51953125 0.7414528499999999 0.513671875 0.7229166666666667 0.515625 0.7229166666666667 0.5224609375 0.7613130479166668 0.552734375
10 0.9997395833333333 0.4951171875 0.9997395833333333 0.4521484375 0.9813064541666667 0.4521484375 0.9404902395833333 0.4658203125 0.9207404583333333 0.4814453125 0.91152389375 0.51171875 0.8930907625 0.51953125 0.8707076770833333 0.5205078125 0.8588578083333334 0.52734375 0.8496412437499999 0.5556640625 0.8391080270833334 0.5693359375 0.8114583333333333 0.5908203125 0.8127749854166667 0.5986328125 0.8298914624999999 0.6064453125 0.8891408062499999 0.6064453125 0.8996740229166666 0.59765625 0.90494063125 0.5673828125 0.9286403708333334 0.5361328125 0.9470735 0.51953125 0.9826231062499999 0.5 0.9997395833333333 0.4951171875
3 0.9520123104166667 0.6162109375 0.9786852895833333 0.6103515625 0.9880208333333333 0.6025390625 0.9826862375 0.595703125 0.9560132583333334 0.59375 0.9053345958333333 0.5966796875 0.9 0.6005859375 0.90133365 0.6103515625 0.9306739270833333 0.6162109375 0.9520123104166667 0.6162109375
3 0.8609623020833334 0.70703125 0.8782118062500001 0.716796875 0.94190228125 0.736328125 0.9591517854166667 0.7373046875 0.9684399791666666 0.7333984375 0.97109375 0.71484375 0.9631324395833333 0.7041015625 0.8981150791666667 0.69140625 0.86494295625 0.6943359375 0.8596354166666667 0.6982421875 0.8609623020833334 0.70703125
3 0.48890625000000004 0.25390625 0.4764375 0.2490234375 0.4625833333333333 0.255859375 0.46119791666666665 0.267578125 0.4667395833333333 0.275390625 0.4875208333333333 0.2783203125 0.49583333333333335 0.2734375 0.48890625000000004 0.25390625
2 0.20873237916666668 0.7431640625 0.19298300208333333 0.7373046875 0.16279669375 0.736328125 0.14114129791666666 0.7431640625 0.11292366250000001 0.74609375 0.07223776875 0.76171875 0.05517594375 0.763671875 0.03417677291666667 0.7880859375 0.026302083333333334 0.8095703125 0.02761453125 0.8447265625 0.03811411666666666 0.865234375 0.06698797708333333 0.8916015625 0.08404980208333333 0.8935546875 0.14310997083333332 0.8857421875 0.24285603333333333 0.8798828125 0.2677925479166667 0.8583984375 0.283541925 0.833984375 0.29010416666666666 0.7978515625 0.28091702916666667 0.771484375 0.26123030625 0.7509765625 0.20873237916666668 0.7431640625
8 0.77109375 0.8828125 0.7763661854166667 0.8916015625 0.9424479166666667 0.89453125 0.9358573708333334 0.85546875 0.9239943916666667 0.833984375 0.8989503208333333 0.8115234375 0.8778605770833334 0.8056640625 0.8475440708333333 0.8056640625 0.8185456729166667 0.8134765625 0.789547275 0.8330078125 0.77372996875 0.857421875 0.77109375 0.8828125
9 0.3296875 0.2099609375 0.3363873104166667 0.216796875 0.36050662916666665 0.2197265625 0.36988636458333335 0.212890625 0.36854640208333334 0.1962890625 0.39400568125 0.181640625 0.40338541666666666 0.171875 0.39400568125 0.1669921875 0.3591666666666667 0.189453125 0.34442708333333333 0.1884765625 0.3296875 0.1962890625 0.3296875 0.2099609375
9 0.5028036354166666 0.2451171875 0.5041500437499999 0.2255859375 0.5283854166666667 0.2060546875 0.51896055 0.201171875 0.49203235833333336 0.220703125 0.4799146729166667 0.220703125 0.46510416666666665 0.2265625 0.4664505770833333 0.244140625 0.4906859479166667 0.251953125 0.5028036354166666 0.2451171875
9 0.7125 0.0888671875 0.71517600625 0.0849609375 0.7232040229166666 0.0888671875 0.7459500708333333 0.0771484375 0.7740481312499999 0.08203125 0.7874281604166666 0.0751953125 0.7901041666666667 0.0595703125 0.77940014375 0.052734375 0.7579920979166667 0.0537109375 0.747288075 0.064453125 0.7125 0.0859375 0.7125 0.0888671875
9 0.6670572916666667 0.095703125 0.6912760416666667 0.078125 0.7181857645833334 0.076171875 0.7276041666666667 0.06640625 0.72491319375 0.0546875 0.7060763895833334 0.048828125 0.6939670145833333 0.0517578125 0.6805121520833333 0.0712890625 0.66436631875 0.083984375 0.6630208333333333 0.091796875 0.6670572916666667 0.095703125
9 0.88046875 0.216796875 0.88586226875 0.2236328125 0.895300925 0.2275390625 0.9195717583333334 0.224609375 0.9290104166666667 0.212890625 0.9263136583333333 0.19921875 0.9411458333333333 0.181640625 0.931707175 0.1767578125 0.9087847229166666 0.1953125 0.8926041666666666 0.1982421875 0.8818171291666667 0.2060546875 0.88046875 0.216796875
0 0.9043143666666666 0.3798828125 0.9203125 0.3701171875 0.9149797895833333 0.361328125 0.8896494083333334 0.353515625 0.8483208958333334 0.330078125 0.83632229375 0.3291015625 0.8309895833333333 0.333984375 0.8323227604166666 0.345703125 0.8643190291666667 0.3701171875 0.9043143666666666 0.3798828125
3 0.93203125 0.3974609375 0.9306971145833334 0.390625 0.9213581729166667 0.384765625 0.8759975958333333 0.3720703125 0.8453125 0.3720703125 0.8466466354166666 0.3857421875 0.8639903854166667 0.400390625 0.9040144229166667 0.404296875 0.93203125 0.3974609375
3 0.8897447916666666 0.41796875 0.9030675583333333 0.4248046875 0.9323776416666667 0.4287109375 0.9670168333333333 0.4228515625 0.9776750458333333 0.41796875 0.981671875 0.4111328125 0.9776750458333333 0.40625 0.96035545 0.400390625 0.9310453645833333 0.3994140625 0.9137257708333333 0.40234375 0.8924093458333334 0.412109375 0.8897447916666666 0.41796875
2 0.8648809520833333 0.4541015625 0.8721354166666667 0.44921875 0.8648809520833333 0.4462890625 0.8518229166666667 0.447265625 0.8547247020833333 0.4541015625 0.8648809520833333 0.4541015625
2 0.5021577375 0.4912109375 0.5166666666666667 0.48828125 0.5123139875 0.48046875 0.49780506041666667 0.482421875 0.49635416666666665 0.48828125 0.5021577375 0.4912109375
2 0.26067708333333334 0.4189453125 0.2650641020833333 0.427734375 0.2796875 0.42578125 0.27530048125 0.416015625 0.26067708333333334 0.4189453125
9 0.39640239166666663 0.615234375 0.42589699166666667 0.5986328125 0.44868827083333335 0.5986328125 0.45807291666666666 0.5888671875 0.45673225208333335 0.580078125 0.44734760833333337 0.5732421875 0.43528163541666665 0.572265625 0.4205343354166667 0.58984375 0.3883584104166667 0.609375 0.38567708333333334 0.6123046875 0.39640239166666663 0.615234375
9 0.055812695833333335 0.4638671875 0.026302083333333334 0.4775390625 0.027643474999999997 0.4853515625 0.04105738958333334 0.484375 0.06654382916666667 0.47265625 0.08264052708333333 0.47265625 0.09739583333333333 0.4638671875 0.09739583333333333 0.453125 0.08800609375 0.4453125 0.07190939375 0.443359375 0.05849547916666666 0.44921875 0.055812695833333335 0.4638671875
2 0.310625 0.84765625 0.3021875 0.84375 0.288125 0.84765625 0.28671875 0.8564453125 0.29375 0.8623046875 0.3021875 0.8623046875 0.31484375 0.85546875 0.310625 0.84765625
10 0.9997395833333333 0.6171875 0.96242340625 0.6171875 0.9490962 0.62109375 0.9344362749999999 0.6279296875 0.9091145833333333 0.6494140625 0.9104473041666666 0.6591796875 0.9304381125 0.666015625 0.9997395833333333 0.6640625 0.9997395833333333 0.6171875
9 0.9969917375 0.5361328125 0.9763829020833333 0.5322265625 0.9626436791666666 0.5380859375 0.9598958333333333 0.55078125 0.9667654458333333 0.55859375 0.98737428125 0.5625 0.9997395833333333 0.5576171875 0.9969917375 0.5361328125