10 0.7053136270833333 0.4939642 0.70449699375 0.48603222031250004 0.70449699375 0.48004176562499995 0.7064128249999999 0.4761336515625 0.7122505 0.4685465390625 0.7202755520833333 0.4610990453125 0.7184368729166667 0.4570405734375 0.7074148291666666 0.4451073984375 0.6990571145833333 0.439405728125 0.6863727458333333 0.43317422499999997 0.65130260625 0.42124105 0.63295290625 0.417387828125 0.6162324645833334 0.4164677796875 0.61422845625 0.41766109843750004 0.6152304604166667 0.423627684375 0.6223436875 0.4317959421875 0.62724048125 0.440214796875 0.6492985979166667 0.47732696875 0.6549869729166667 0.48878400937500005 0.6573146291666667 0.502386634375 0.6643286583333333 0.514319809375 0.6743486979166666 0.5155131265625 0.6892635270833334 0.499631265625 0.6956563125 0.49428878281250005 0.7053136270833333 0.4939642
5 0.6533066125 0.32577565625 0.6322645291666666 0.3365155125 0.6072144291666667 0.33770883125 0.6042084166666667 0.34009546562500004 0.6102204416666667 0.354415275 0.6092184374999999 0.3723150359375 0.6152304604166667 0.381861575 0.6302605208333334 0.390214796875 0.6613226458333333 0.3973747015625 0.6963927854166666 0.41050119374999994 0.70140280625 0.41050119374999994 0.7054108208333333 0.40572792343749997 0.7004008020833333 0.379474940625 0.68737475 0.3496420046875 0.6613226458333333 0.3293556078125 0.6533066125 0.32577565625
10 0.0531062125 0.075178996875 0.03206412916666666 0.07637231562499999 0.09719438958333333 0.118138425 0.11523046041666667 0.1169451078125 0.13026052083333334 0.10381861562500001 0.12424849791666667 0.0942720765625 0.0531062125 0.075178996875
3 0.14529058125 0.109785203125 0.13927855625 0.11455847187499998 0.1382765520833333 0.1217183765625 0.14729458958333333 0.1336515515625 0.156312625 0.1360381859375 0.17234468958333335 0.14797136093750002 0.17735471041666667 0.14797136093750002 0.1783567125 0.14439140781249998 0.17735471041666667 0.120525059375 0.17635270625 0.118138425 0.16533066041666666 0.10620525 0.16132264583333333 0.10381861562500001 0.15731462916666666 0.10381861562500001 0.14529058125 0.109785203125
11 0.021042083333333333 0.3699284015625 0.07314629166666667 0.37350835312499997 0.07915831666666667 0.37350835312499997 0.08216432916666667 0.37112171875 0.08216432916666667 0.3639618140625 0.0781563125 0.3496420046875 0.056112225 0.2816229109375 0.051102204166666665 0.28042959375 0.018036072916666666 0.303102625 0.017034068750000003 0.3102625296875 0.021042083333333333 0.3699284015625
11 0.16933867708333333 0.485680190625 0.16633266458333335 0.48926014375 0.12625250416666667 0.581145584375 0.11723446875 0.5859188546875 0.081162325 0.5918854421875 0.081162325 0.5966587109375 0.10020040000000001 0.614558471875 0.16432865833333335 0.645584725 0.16833667291666668 0.6420047734375001 0.17134268541666667 0.626491646875 0.18837675416666666 0.49880668281249996 0.18837675416666666 0.48926014375 0.1843687375 0.485680190625 0.16933867708333333 0.485680190625
11 0.08216432916666667 0.5942720765625 0.03707414791666667 0.4725537 0.0010020041666666667 0.4546539375 0 0.4940334125 0.05511022083333333 0.5823389015625 0.06613226458333334 0.593078759375 0.08016032083333333 0.6002386640624999 0.08216432916666667 0.5942720765625
11 0.33767535 0.5608591890625 0.33066132291666667 0.55011933125 0.30460921874999997 0.570405728125 0.2805611229166667 0.6443914078125 0.27655310624999996 0.6610978515625 0.2845691375 0.66825775625 0.43086172291666663 0.7398568015625 0.46593186458333335 0.750596659375 0.468937875 0.7565632453125 0.48597194375 0.7661097859375 0.49799599166666664 0.7673031031249999 0.5010020041666666 0.76372315 0.4969939875 0.7434367546875 0.4819639270833333 0.727923628125 0.3637274541666667 0.643198090625 0.33767535 0.5608591890625
11 0.7274549104166667 0.6026252984375 0.7384769541666666 0.614558471875 0.7565130270833333 0.6193317421875 0.7635270541666667 0.6109785203125 0.7745490979166667 0.581145584375 0.7825651312499999 0.5727923625 0.7825651312499999 0.5656324578125 0.7725450895833333 0.55011933125 0.74549098125 0.5357995234375 0.7284569145833333 0.5357995234375 0.7264529062499999 0.5453460625 0.7274549104166667 0.6026252984375
11 0.7865731458333334 0.5692124109375001 0.7785571145833334 0.5835322203125 0.7775551104166667 0.603818615625 0.7815631270833333 0.643198090625 0.7885771541666667 0.6527446296875 0.7995991979166667 0.6587112171875 0.8036072145833334 0.6599045343750001 0.81262525 0.6575179 0.8176352708333333 0.6276849640625 0.8216432875 0.6217183765625001 0.82364729375 0.6109785203125 0.8246492979166666 0.5835322203125 0.7935871750000001 0.56801909375 0.7865731458333334 0.5692124109375001
3 0.8426853708333333 0.7995226734374999 0.8306613229166667 0.8007159906249999 0.82665330625 0.803102625 0.8216432875 0.8126491640625 0.8196392791666667 0.8472553703125 0.8226452895833333 0.8556085921875001 0.82965931875 0.8651551312500001 0.8356713416666667 0.8639618140625 0.8496993979166666 0.8663484484374999 0.8527054104166666 0.8639618140625 0.8707414833333333 0.8353221953125001 0.8767535062499999 0.81980906875 0.8737474958333333 0.8114558468749999 0.8697394791666666 0.8078758953125 0.85470941875 0.8019093078124999 0.8426853708333333 0.7995226734374999
11 0.7064128249999999 0.6384248203125 0.6963927854166666 0.6276849640625 0.6943887770833334 0.6193317421875 0.7044088166666668 0.5978520281249999 0.7134268541666666 0.5883054890625 0.6823647291666667 0.57875895 0.66733466875 0.693317421875 0.6653306604166667 0.7171837703125 0.6683366729166667 0.7315035796875 0.69238476875 0.7482100234375 0.7184368729166667 0.755369928125 0.7474949895833334 0.710023865625 0.74849699375 0.6980906921875001 0.7605210416666667 0.6849642 0.7745490979166667 0.637231503125 0.77054108125 0.6312649171875 0.76252505 0.6396181390625 0.7364729458333333 0.643198090625 0.7064128249999999 0.6384248203125
11 0.7995991979166667 0.6610978515625 0.80160320625 0.6694510734375 0.7915831666666667 0.724343675 0.8056112229166666 0.7398568015625 0.8286573145833334 0.750596659375 0.8376753499999999 0.749403340625 0.8657314625 0.6336515515625 0.8667334666666666 0.60739856875 0.8507014020833333 0.6002386640624999 0.8336673354166667 0.6026252984375 0.8286573145833334 0.60739856875 0.8166332666666667 0.645584725 0.7995991979166667 0.6610978515625
11 0.8226452895833333 0.8114558468749999 0.8166332666666667 0.8496420046875001 0.8156312625000001 0.8639618140625 0.8346693395833333 0.8866348453124999 0.8987975958333333 0.918854415625 0.9378757520833333 0.924821003125 0.9739478958333333 0.8926014312499999 0.9809619229166666 0.8758949875 0.9989979958333334 0.85918854375 0.9989979958333334 0.59546539375 0.9629258520833334 0.57875895 0.8807615229166667 0.57875895 0.8316633270833333 0.7875894984375 0.8226452895833333 0.8114558468749999
11 0.0020040083333333334 0.56801909375 0 0.688544153125 0.11422845625 0.626491646875 0.06312625208333333 0.5942720765625 0.0020040083333333334 0.56801909375
10 0.24148296666666666 0.232696896875 0.23647294583333334 0.232696896875 0.23547094166666668 0.2517899765625 0.23847695416666664 0.26372315 0.24649298541666667 0.28042959375 0.2595190375 0.2959427203125 0.27254508958333334 0.3019093078125 0.29859719375 0.306682578125 0.30160320625000003 0.306682578125 0.30561122291666665 0.303102625 0.30160320625000003 0.278042959375 0.3026052104166667 0.26968973749999997 0.29859719375 0.2649164671875 0.24148296666666666 0.232696896875
3 0.38577154375 0.27088305468749996 0.3867735479166667 0.25536992812500003 0.38176352708333333 0.24821002343749998 0.37074148333333334 0.244630071875 0.35170340625 0.24940334062499997 0.3456913833333333 0.25298329375 0.343687375 0.25536992812500003 0.343687375 0.2661097859375 0.3496993979166667 0.27565632500000004 0.35270541041666664 0.278042959375 0.36472945833333337 0.28042959375 0.37374749583333333 0.2852028640625 0.38276553124999996 0.29474940312500003 0.38877755416666665 0.2959427203125 0.3917835666666667 0.29832935625 0.39579158333333336 0.2971360375 0.39579158333333336 0.28878281562499997 0.38577154375 0.27088305468749996
11 0.37074148333333334 0.244630071875 0.38376753541666664 0.25059665937500003 0.393787575 0.24940334062499997 0.40180360625 0.22911694531250001 0.3987975958333333 0.2183770890625 0.29859719375 0.0918854421875 0.2605210416666667 0.0918854421875 0.22444889791666667 0.16467780468749998 0.22244488958333333 0.2207637234375 0.22545090208333332 0.22553699218749998 0.3927855708333333 0.3186157515625 0.3977955916666666 0.317422434375 0.39579158333333336 0.2995226734375 0.38176352708333333 0.29474940312500003 0.3677354708333333 0.2816229109375 0.3496993979166667 0.2768496421875 0.343687375 0.267303103125 0.343687375 0.2565632453125 0.35170340625 0.24940334062499997 0.37074148333333334 0.244630071875
11 0.42985971875 0.211217184375 0.41317034166666666 0.2145358 0.3969539083333334 0.24454176562500002 0.39668136249999997 0.25605847187499997 0.39679358750000004 0.2768496421875 0.40949098125 0.288010740625 0.4120801604166667 0.28817303125 0.49220641249999997 0.333368734375 0.49847495 0.33661217187500003 0.50160921875 0.3367744625 0.5116933875 0.3370990453125 0.5100200395833333 0.3245823390625 0.48396793541666666 0.2768496421875 0.43687374791666667 0.215990453125 0.42985971875 0.211217184375