10 0.627240480867347 0.440214796875 0.6492985969387755 0.47732696875 0.6549869744897958 0.488784009765625 0.6573146288265306 0.502386634765625 0.6643286568877551 0.51431980859375 0.6743486977040817 0.515513126953125 0.6892635267857143 0.4996312646484375 0.6956563124999999 0.494288783203125 0.7053136275510203 0.4939642001953125 0.704496993622449 0.4860322197265625 0.704496993622449 0.480041765625 0.7064128252551021 0.4761336513671875 0.7122505012755103 0.4685465390625 0.7202755510204081 0.461099044921875 0.7184368737244897 0.4570405732421875 0.7074148290816327 0.4451073984375 0.6990571147959184 0.4394057275390625 0.6863727448979592 0.433174224609375 0.6513026045918368 0.4212410498046875 0.6329529056122449 0.417387828125 0.6162324655612245 0.4164677802734375 0.6142284566326531 0.41766109765625 0.6152304604591837 0.4236276845703125 0.6223436875 0.4317959423828125 0.627240480867347 0.440214796875
5 0.6302605204081633 0.390214796875 0.6613226454081632 0.3973747021484375 0.6963927857142858 0.410501193359375 0.701402806122449 0.410501193359375 0.7054108214285715 0.405727923828125 0.7004008010204082 0.3794749404296875 0.6873747499999999 0.3496420048828125 0.6613226454081632 0.3293556083984375 0.6533066135204081 0.32577565625 0.6322645293367346 0.3365155126953125 0.6072144285714286 0.337708830078125 0.6042084170918368 0.3400954658203125 0.6102204413265306 0.3544152744140625 0.6092184375 0.3723150361328125 0.6152304604591837 0.3818615751953125 0.6302605204081633 0.390214796875
10 0.13026052040816327 0.1038186162109375 0.12424849744897959 0.094272076171875 0.05310621301020409 0.075178998046875 0.03206412882653061 0.0763723154296875 0.09719438903061224 0.1181384248046875 0.11523046045918368 0.116945107421875 0.13026052040816327 0.1038186162109375
3 0.1723446887755102 0.1479713603515625 0.17735470918367346 0.1479713603515625 0.17835671301020406 0.144391408203125 0.17735470918367346 0.1205250595703125 0.17635270535714287 0.1181384248046875 0.1653306607142857 0.1062052509765625 0.16132264540816327 0.1038186162109375 0.1573146288265306 0.1038186162109375 0.14529058163265307 0.109785203125 0.1392785573979592 0.11455847265625 0.13827655357142857 0.121718376953125 0.1472945892857143 0.1336515517578125 0.156312625 0.1360381865234375 0.1723446887755102 0.1479713603515625
11 0.07915831632653061 0.373508353515625 0.08216432908163264 0.37112171875 0.08216432908163264 0.3639618134765625 0.0781563125 0.3496420048828125 0.05611222448979592 0.281622912109375 0.05110220408163265 0.2804295947265625 0.018036072704081633 0.303102625 0.017034067602040816 0.3102625302734375 0.02104208418367347 0.3699284013671875 0.07314629209183673 0.373508353515625 0.07915831632653061 0.373508353515625
11 0.08116232525510203 0.5966587109375 0.10020040051020408 0.61455847265625 0.16432865688775508 0.6455847255859375 0.16833667346938777 0.6420047734375 0.17134268494897958 0.626491646484375 0.18837675382653063 0.4988066826171875 0.18837675382653063 0.4892601435546875 0.18436873724489794 0.48568019140625 0.1693386772959184 0.48568019140625 0.16633266581632652 0.4892601435546875 0.12625250510204084 0.5811455849609375 0.1172344693877551 0.5859188544921875 0.08116232525510203 0.59188544140625 0.08116232525510203 0.5966587109375
11 0.08016032015306122 0.6002386630859375 0.08216432908163264 0.594272076171875 0.03707414795918367 0.47255369921875 0.0010020038265306122 0.4546539375 0 0.4940334130859375 0.055110220663265305 0.58233890234375 0.06613226403061225 0.5930787587890625 0.08016032015306122 0.6002386630859375
11 0.4659318635204081 0.7505966591796875 0.4689378762755102 0.75656324609375 0.485971943877551 0.76610978515625 0.49799599234693875 0.7673031025390625 0.5010020038265306 0.763723150390625 0.49699398852040816 0.74343675390625 0.48196392729591836 0.7279236279296875 0.36372745535714285 0.6431980908203125 0.33767535076530614 0.5608591884765625 0.3306613227040816 0.55011933203125 0.3046092181122449 0.5704057275390625 0.2805611224489796 0.644391408203125 0.27655310586734694 0.6610978515625 0.28456913775510206 0.6682577568359375 0.43086172321428573 0.7398568017578125 0.4659318635204081 0.7505966591796875
11 0.7635270535714287 0.6109785205078125 0.7745490982142857 0.5811455849609375 0.7825651301020409 0.5727923623046876 0.7825651301020409 0.5656324580078125 0.7725450905612244 0.55011933203125 0.7454909821428571 0.5357995224609375 0.7284569132653061 0.5357995224609375 0.726452905612245 0.5453460625 0.7274549094387756 0.6026252978515625 0.7384769540816326 0.61455847265625 0.7565130255102042 0.6193317421875 0.7635270535714287 0.6109785205078125
11 0.7995991989795918 0.658711216796875 0.8036072142857142 0.6599045341796875 0.8126252500000001 0.6575178994140625 0.8176352704081633 0.6276849638671875 0.8216432869897958 0.621718376953125 0.8236472946428571 0.6109785205078125 0.8246492984693877 0.5835322197265626 0.7935871747448979 0.5680190927734375 0.7865731466836735 0.56921241015625 0.7785571147959184 0.5835322197265626 0.7775551096938775 0.6038186162109375 0.7815631262755103 0.6431980908203125 0.7885771543367347 0.6527446298828125 0.7995991989795918 0.658711216796875
3 0.8356713431122449 0.8639618134765625 0.8496993992346938 0.8663484482421875 0.8527054107142856 0.8639618134765625 0.8707414834183674 0.8353221953125 0.876753506377551 0.8198090693359374 0.8737474948979592 0.81145584765625 0.8697394795918367 0.80787589453125 0.8547094183673469 0.8019093076171875 0.8426853711734694 0.7995226728515625 0.8306613227040817 0.800715990234375 0.8266533061224489 0.803102625 0.8216432869897958 0.8126491650390625 0.8196392780612244 0.8472553701171875 0.8226452908163264 0.855608591796875 0.829659318877551 0.865155130859375 0.8356713431122449 0.8639618134765625
11 0.7184368737244897 0.7553699287109376 0.7474949897959183 0.7100238662109375 0.7484969936224489 0.6980906923828125 0.7605210420918368 0.6849642001953125 0.7745490982142857 0.63723150390625 0.770541081632653 0.631264916015625 0.762525049744898 0.639618138671875 0.7364729464285713 0.6431980908203125 0.7064128252551021 0.6384248212890625 0.6963927857142858 0.6276849638671875 0.6943887780612245 0.6193317421875 0.7044088176020409 0.5978520283203125 0.7134268533163265 0.5883054892578125 0.6823647295918367 0.5787589501953125 0.6673346696428571 0.6933174228515625 0.6653306607142857 0.7171837705078125 0.6683366734693877 0.731503580078125 0.692384769132653 0.7482100234375 0.7184368737244897 0.7553699287109376
11 0.8286573150510204 0.7505966591796875 0.8376753507653062 0.7494033408203125 0.8657314630102041 0.6336515517578125 0.8667334668367347 0.607398568359375 0.8507014030612244 0.6002386630859375 0.8336673341836734 0.6026252978515625 0.8286573150510204 0.607398568359375 0.8166332665816327 0.6455847255859375 0.7995991989795918 0.6610978515625 0.801603206632653 0.66945107421875 0.7915831658163265 0.72434367578125 0.8056112219387755 0.7398568017578125 0.8286573150510204 0.7505966591796875
11 0.9378757512755101 0.924821001953125 0.9739478954081633 0.892601431640625 0.9809619234693878 0.87589498828125 0.9989979961734694 0.8591885439453125 0.9989979961734694 0.5954653935546875 0.9629258520408163 0.5787589501953125 0.8807615229591836 0.5787589501953125 0.8316633265306123 0.7875894990234374 0.8226452908163264 0.81145584765625 0.8166332665816327 0.8496420048828125 0.8156312627551021 0.8639618134765625 0.8346693392857143 0.8866348447265625 0.8987975956632653 0.9188544150390625 0.9378757512755101 0.924821001953125
11 0.0020040076530612244 0.5680190927734375 0 0.68854415234375 0.11422845663265306 0.626491646484375 0.06312625255102042 0.594272076171875 0.0020040076530612244 0.5680190927734375
10 0.25951903826530615 0.295942720703125 0.2725450905612245 0.3019093076171875 0.298597193877551 0.3066825771484375 0.30160320663265305 0.3066825771484375 0.3056112219387755 0.303102625 0.30160320663265305 0.278042958984375 0.30260521045918365 0.2696897373046875 0.298597193877551 0.2649164677734375 0.24148296556122448 0.2326968974609375 0.23647294642857142 0.2326968974609375 0.2354709413265306 0.2517899765625 0.23847695408163266 0.263723150390625 0.24649298596938776 0.2804295947265625 0.25951903826530615 0.295942720703125
3 0.35270541071428574 0.278042958984375 0.3647294591836735 0.2804295947265625 0.37374749489795916 0.2852028642578125 0.3827655306122449 0.2947494033203125 0.38877755484693877 0.295942720703125 0.3917835676020408 0.29832935546875 0.39579158290816324 0.2971360380859375 0.39579158290816324 0.28878281640625 0.3857715433673469 0.2708830546875 0.3867735471938775 0.2553699287109375 0.38176352678571435 0.2482100234375 0.3707414834183673 0.2446300712890625 0.35170340688775514 0.2494033408203125 0.3456913826530612 0.2529832939453125 0.34368737499999996 0.2553699287109375 0.34368737499999996 0.26610978515625 0.3496993992346939 0.27565632421875 0.35270541071428574 0.278042958984375
11 0.3977955905612245 0.3174224345703125 0.39579158290816324 0.2995226728515625 0.38176352678571435 0.2947494033203125 0.36773547066326534 0.281622912109375 0.3496993992346939 0.2768496416015625 0.34368737499999996 0.2673031025390625 0.34368737499999996 0.25656324609375 0.35170340688775514 0.2494033408203125 0.3707414834183673 0.2446300712890625 0.3837675344387755 0.2505966591796875 0.39378757525510205 0.2494033408203125 0.4018036071428571 0.2291169453125 0.3987975956632653 0.218377087890625 0.298597193877551 0.09188544140625 0.26052104209183674 0.09188544140625 0.22444889795918369 0.1646778046875 0.22244489030612244 0.2207637236328125 0.2254509017857143 0.2255369931640625 0.39278557142857146 0.318615751953125 0.3977955905612245 0.3174224345703125
11 0.4120801607142857 0.28817303125 0.4922064132653062 0.3333687353515625 0.498474950255102 0.336612171875 0.5016092181122449 0.336774462890625 0.5116933864795918 0.337099044921875 0.5100200395408163 0.3245823388671875 0.4839679362244898 0.2768496416015625 0.4368737474489796 0.215990453125 0.4298597193877551 0.21121718359375 0.4131703405612245 0.2145357998046875 0.3969539081632653 0.244541765625 0.396681362244898 0.25605847265625 0.39679358673469384 0.2768496416015625 0.4094909821428572 0.288010740234375 0.4120801607142857 0.28817303125