10 0.7060613604166667 0.4939642 0.7052286854166667 0.48603222031250004 0.7052286854166667 0.48004176562499995 0.7071821541666666 0.4761336515625 0.7131345125 0.4685465390625 0.72131721875 0.4610990453125 0.71944241875 0.4570405734375 0.7082038416666666 0.4451073984375 0.6996819375 0.439405728125 0.6867483791666668 0.43317422499999997 0.650989275 0.42124105 0.6322790875000001 0.417387828125 0.6152301666666666 0.4164677796875 0.6131867895833333 0.41766109843750004 0.6142084791666667 0.423627684375 0.6214614479166667 0.4317959421875 0.6264544395833334 0.440214796875 0.6489458958333334 0.47732696875 0.6547460229166667 0.48878400937500005 0.65711940625 0.502386634375 0.6642712291666667 0.514319809375 0.6744881145833334 0.5155131265625 0.6896959520833333 0.499631265625 0.696214325 0.49428878281250005 0.7060613604166667 0.4939642
5 0.6532756729166667 0.32577565625 0.6318004208333333 0.3365155125 0.60623464375 0.33770883125 0.60316675 0.34009546562500004 0.6093025375 0.354415275 0.6082799062500001 0.3723150359375 0.6144156916666667 0.381861575 0.6297551583333333 0.390214796875 0.6614567208333334 0.3973747015625 0.6972488083333332 0.41050119374999994 0.7023619645833333 0.41050119374999994 0.7064524875 0.40572792343749997 0.7013393333333333 0.379474940625 0.6880451291666667 0.3496420046875 0.6614567208333334 0.3293556078125 0.6532756729166667 0.32577565625
10 0.052510975 0.075178996875 0.0310224625 0.07637231562499999 0.097534525 0.118138425 0.11595325 0.1169451078125 0.1313021875 0.10381861562500001 0.12516261458333333 0.0942720765625 0.052510975 0.075178996875
3 0.14461349791666667 0.109785203125 0.13828897291666667 0.11455847187499998 0.13723488541666665 0.1217183765625 0.14672167291666666 0.1336515515625 0.15620845833333333 0.1360381859375 0.17307385625 0.14797136093750002 0.17834429375 0.14797136093750002 0.17939837916666665 0.14439140781249998 0.17834429375 0.120525059375 0.17729020625 0.118138425 0.16569524375 0.10620525 0.16147889583333336 0.10381861562500001 0.15726254583333335 0.10381861562500001 0.14461349791666667 0.109785203125
11 0.020128620833333333 0.3699284015625 0.07389949583333334 0.37350835312499997 0.08010382916666667 0.37350835312499997 0.08320599583333334 0.37112171875 0.08320599583333334 0.3639618140625 0.079069775 0.3496420046875 0.05632055833333333 0.2816229109375 0.05115028125 0.28042959375 0.017026458333333334 0.303102625 0.015992402083333333 0.3102625296875 0.020128620833333333 0.3699284015625
11 0.17001040625 0.485680190625 0.16694598333333335 0.48926014375 0.12608700625 0.581145584375 0.11689373750000001 0.5859188546875 0.08012065833333333 0.5918854421875 0.08012065833333333 0.5966587109375 0.09952867083333333 0.614558471875 0.16490303541666668 0.645584725 0.16898893125 0.6420047734375001 0.17205335416666667 0.626491646875 0.18941842083333332 0.49880668281249996 0.18941842083333332 0.48926014375 0.18533252291666666 0.485680190625 0.17001040625 0.485680190625
11 0 0.49566124531250005 0.0554659125 0.5823389015625 0.06676742708333333 0.593078759375 0.081151175 0.6002386640624999 0.08320599583333334 0.5942720765625 0.03697252291666667 0.4725537 0 0.45466083749999997 0 0.49566124531250005
11 0.33720101875 0.5608591890625 0.3301218875 0.55011933125 0.30382796875 0.570405728125 0.2795566583333333 0.6443914078125 0.2755114395833333 0.6610978515625 0.28360187499999995 0.66825775625 0.43125234791666667 0.7398568015625 0.4666480104166667 0.750596659375 0.4696819229166667 0.7565632453125 0.4868741020833333 0.7661097859375 0.49900975625000005 0.7673031031249999 0.5020436708333333 0.76372315 0.4979984520833333 0.7434367546875 0.48282888333333335 0.727923628125 0.36349493958333334 0.643198090625 0.33720101875 0.5608591890625
11 0.7264504458333333 0.6026252984375 0.7378817166666667 0.614558471875 0.75658743125 0.6193317421875 0.763861875 0.6109785203125 0.7752931458333333 0.581145584375 0.7836067979166667 0.5727923625 0.7836067979166667 0.5656324578125 0.7732147333333333 0.55011933125 0.7451561604166667 0.5357995234375 0.7274896520833334 0.5357995234375 0.7254112395833333 0.5453460625 0.7264504458333333 0.6026252984375
11 0.7859304145833333 0.5692124109375001 0.7775597750000001 0.5835322203125 0.77651344375 0.603818615625 0.7806987645833333 0.643198090625 0.7880230770833333 0.6527446296875 0.7995327083333332 0.6587112171875 0.8037180291666667 0.6599045343750001 0.8131350020833333 0.6575179 0.8183666541666667 0.6276849640625 0.822551975 0.6217183765625001 0.8246446333333334 0.6109785203125 0.8256909645833334 0.5835322203125 0.7932547291666666 0.56801909375 0.7859304145833333 0.5692124109375001
3 0.8424843479166667 0.7995226734374999 0.8300217020833334 0.8007159906249999 0.8258674875 0.803102625 0.8206747208333333 0.8126491640625 0.8185976125 0.8472553703125 0.8217132729166666 0.8556085921875001 0.8289831499999999 0.8651551312500001 0.8352144708333333 0.8639618140625 0.8497542229166667 0.8663484484374999 0.8528698833333334 0.8639618140625 0.8715638520833333 0.8353221953125001 0.8777951729166666 0.81980906875 0.8746795125 0.8114558468749999 0.8705252979166667 0.8078758953125 0.8549469916666667 0.8019093078124999 0.8424843479166667 0.7995226734374999
11 0.7061547979166666 0.6384248203125 0.6959436270833332 0.6276849640625 0.6939013916666668 0.6193317421875 0.7041125625000001 0.5978520281249999 0.71330261875 0.5883054890625 0.6816479854166667 0.57875895 0.6663312291666668 0.693317421875 0.6642889937500001 0.7171837703125 0.6673523458333332 0.7315035796875 0.69185915625 0.7482100234375 0.7184082041666666 0.755369928125 0.7480206020833333 0.710023865625 0.74904171875 0.6980906921875001 0.761295125 0.6849642 0.7755907645833333 0.637231503125 0.7715062958333333 0.6312649171875 0.7633373583333333 0.6396181390625 0.7367883125 0.643198090625 0.7061547979166666 0.6384248203125
11 0.7987797541666667 0.6610978515625 0.8008393166666666 0.6694510734375 0.7905415 0.724343675 0.8049584458333333 0.7398568015625 0.828643425 0.750596659375 0.8379114604166666 0.749403340625 0.8667453520833334 0.6336515515625 0.8677751333333333 0.60739856875 0.851298625 0.6002386640624999 0.8337923354166666 0.6026252984375 0.828643425 0.60739856875 0.81628604375 0.645584725 0.7987797541666667 0.6610978515625
11 1 0.59544723125 0.9635576833333332 0.57875895 0.8804598375 0.57875895 0.8308038104166666 0.7875894984375 0.8216833124999999 0.8114558468749999 0.8156029833333334 0.8496420046875001 0.8145895958333333 0.8639618140625 0.8338439750000001 0.8866348453124999 0.8987008291666666 0.918854415625 0.9382229750000001 0.924821003125 0.9747049541666667 0.8926014312499999 0.9817986708333333 0.8758949875 1 0.8592248703124999 1 0.59544723125
11 0 0.687988421875 0.11527012291666666 0.626491646875 0.06323590208333334 0.5942720765625 0.0009988916666666668 0.56801909375 0 0.6270183765625 0 0.687988421875
10 0.24061987083333333 0.232696896875 0.23546104166666665 0.232696896875 0.23442927500000002 0.2517899765625 0.23752457291666668 0.26372315 0.2457787 0.28042959375 0.25919165625 0.2959427203125 0.2726046125 0.3019093078125 0.29943052708333334 0.306682578125 0.302525825 0.306682578125 0.3066528895833333 0.303102625 0.302525825 0.278042959375 0.3035575916666666 0.26968973749999997 0.29943052708333334 0.2649164671875 0.24061987083333333 0.232696896875
3 0.38641256875 0.27088305468749996 0.38745463750000003 0.25536992812500003 0.3822442958333333 0.24821002343749998 0.3707815479166667 0.244630071875 0.35098225208333333 0.24940334062499997 0.3447298458333333 0.25298329375 0.34264570833333335 0.25536992812500003 0.34264570833333335 0.2661097859375 0.34889811666666665 0.27565632500000004 0.35202432083333335 0.278042959375 0.3645291375 0.28042959375 0.3739077520833333 0.2852028640625 0.3832863645833333 0.29474940312500003 0.38953877291666666 0.2959427203125 0.3926649770833333 0.29832935625 0.39683325 0.2971360375 0.39683325 0.28878281562499997 0.38641256875 0.27088305468749996
11 0.37142234999999996 0.244630071875 0.38459970416666667 0.25059665937500003 0.39473613125 0.24940334062499997 0.40284527291666666 0.22911694531250001 0.3998043458333333 0.2183770890625 0.29844007083333335 0.0918854421875 0.25992164791666666 0.0918854421875 0.22343050833333333 0.16467780468749998 0.22140322291666664 0.2207637234375 0.22444415208333332 0.22553699218749998 0.39372248958333333 0.3186157515625 0.3987907041666666 0.317422434375 0.39676341666666665 0.2995226734375 0.38257241875 0.29474940312500003 0.3683814208333333 0.2816229109375 0.35013585 0.2768496421875 0.34405399583333335 0.267303103125 0.34405399583333335 0.2565632453125 0.35216313541666666 0.24940334062499997 0.37142234999999996 0.244630071875
11 0.4294190458333333 0.211217184375 0.41242735625000004 0.2145358 0.39591717916666663 0.24454176562500002 0.3956396958333333 0.25605847187499997 0.39575395416666664 0.2768496421875 0.40868134791666666 0.288010740625 0.4113174291666667 0.28817303125 0.4928950916666667 0.333368734375 0.4992771770833333 0.33661217187500003 0.5024682208333333 0.3367744625 0.5127350541666666 0.3370990453125 0.5110313958333333 0.3245823390625 0.48450738125000004 0.2768496421875 0.4365601270833333 0.215990453125 0.4294190458333333 0.211217184375