4 0.01875 0.850687623046875 0.0225 0.8497053046875 0.04 0.8536345771484375 0.065 0.8624754423828125 0.07 0.8634577607421875 0.075 0.8624754423828125 0.075 0.8575638505859375 0.0825 0.8379174853515625 0.09 0.827111984375 0.08875 0.82121807421875 0.07375 0.8192534384765625 0.04125 0.8192534384765625 0.0175 0.8202357568359375 0.01125 0.822200392578125 0.01 0.824165029296875 0.01125 0.846758349609375 0.013749999999999998 0.8497053046875 0.01875 0.850687623046875
7 0.11875 0.8968565810546875 0.12625 0.895874263671875 0.15 0.8762278974609375 0.16125 0.8624754423828125 0.16125 0.850687623046875 0.1575 0.8369351669921875 0.14875 0.8310412578125 0.13875 0.8320235751953124 0.11375 0.846758349609375 0.1025 0.8555992138671875 0.1 0.8595284873046874 0.09875 0.87033398828125 0.1075 0.889980353515625 0.11125 0.893909626953125 0.11875 0.8968565810546875
2 0.17 0.8330058935546875 0.17124999999999999 0.8349705302734375 0.1775 0.8369351669921875 0.18125 0.8359528486328125 0.18874999999999997 0.8310412578125 0.19125 0.827111984375 0.19125 0.82514734765625 0.18874999999999997 0.82121807421875 0.18250000000000002 0.8192534384765625 0.17625000000000002 0.8192534384765625 0.175 0.8182711201171875 0.17 0.8192534384765625 0.16875 0.822200392578125 0.16875 0.826129666015625 0.17 0.827111984375 0.17 0.8330058935546875
7 0.3125 0.931237720703125 0.325 0.9135559921875 0.3225 0.8968565810546875 0.315 0.8870333984375 0.2825 0.891944990234375 0.2625 0.9037328095703125 0.26375 0.918467583984375 0.27875 0.933202357421875 0.28750000000000003 0.9361493125 0.3125 0.931237720703125
2 0.4 0.8497053046875 0.40125 0.850687623046875 0.40375000000000005 0.85166994140625 0.4125 0.85166994140625 0.41375 0.850687623046875 0.4175 0.850687623046875 0.4225 0.848722986328125 0.42625 0.84577603125 0.42750000000000005 0.842829076171875 0.42750000000000005 0.8388998037109375 0.42375 0.8349705302734375 0.41375 0.8330058935546875 0.40125 0.8330058935546875 0.4 0.8339882119140625 0.39875 0.8369351669921875 0.39875 0.84577603125 0.4 0.846758349609375 0.4 0.8497053046875
4 0.4125 0.6895874267578125 0.4225 0.6856581533203125 0.4325 0.671905697265625 0.43 0.6650294697265625 0.41375 0.6601178779296875 0.395 0.6591355595703124 0.3825 0.6640471513671875 0.36375 0.6620825146484375 0.3625 0.669941060546875 0.3675 0.675834970703125 0.38875 0.6895874267578125 0.4125 0.6895874267578125
8 0.29000000000000004 0.7013752451171875 0.295 0.690569744140625 0.29125 0.672888015625 0.27499999999999997 0.67092337890625 0.22875 0.692534380859375 0.22625 0.7053045185546875 0.23625 0.719056974609375 0.2625 0.717092337890625 0.29000000000000004 0.7013752451171875
2 0.325 0.65618860546875 0.32 0.6424361494140625 0.31 0.6385068759765625 0.30125 0.6394891943359375 0.285 0.65225933203125 0.28625 0.6660117880859375 0.30125 0.673870333984375 0.315 0.672888015625 0.325 0.65618860546875
7 0.47375 0.6895874267578125 0.48125 0.669941060546875 0.48 0.657170923828125 0.46875 0.653241650390625 0.43375 0.673870333984375 0.43500000000000005 0.6886051083984375 0.44749999999999995 0.698428291015625 0.46125 0.699410609375 0.47375 0.6895874267578125
7 0.15125 0.5726915517578125 0.165 0.5559921416015625 0.14500000000000002 0.5343811396484375 0.12625 0.4882121806640625 0.11750000000000001 0.48330058984375 0.1125 0.48330058984375 0.10375000000000001 0.4882121806640625 0.10124999999999999 0.4931237724609375 0.10124999999999999 0.5726915517578125 0.10875000000000001 0.5785854619140625 0.14 0.5795677802734375 0.15125 0.5726915517578125
3 0.285 0.4636542236328125 0.29125 0.4636542236328125 0.3 0.46070726953125 0.3025 0.4587426328125 0.30374999999999996 0.455795677734375 0.30374999999999996 0.4499017685546875 0.30125 0.4469548134765625 0.2925 0.4400785859375 0.27875 0.4253438115234375 0.27125 0.4233791748046875 0.26625 0.4243614931640625 0.265 0.4253438115234375 0.26625 0.439096267578125 0.27499999999999997 0.45677799609375 0.285 0.4636542236328125
7 0.2925 0.3948919453125 0.305 0.3988212177734375 0.31125 0.3968565810546875 0.32625 0.386051080078125 0.33125 0.3781925341796875 0.33375000000000005 0.365422396484375 0.3325 0.3575638505859375 0.32625 0.352652259765625 0.3025 0.34381139453125 0.2825 0.3320235751953125 0.27125 0.3310412578125 0.25375 0.3418467587890625 0.25125 0.34577603125 0.255 0.352652259765625 0.27499999999999997 0.371316306640625 0.2925 0.3948919453125
3 0.03125 0.417485265625 0.04375 0.417485265625 0.057499999999999996 0.412573673828125 0.0675 0.4047151279296875 0.075 0.390962671875 0.07375 0.3850687626953125 0.0675 0.3791748525390625 0.03875 0.3683693515625 0.028749999999999998 0.369351669921875 0.02375 0.373280943359375 0.0175 0.388015716796875 0.01625 0.4007858544921875 0.01875 0.40766208203125 0.0225 0.412573673828125 0.03125 0.417485265625
7 0.02125 0.5707269150390625 0.03875 0.5707269150390625 0.04625 0.568762279296875 0.05625 0.560903732421875 0.0625 0.5520628681640625 0.06375 0.5284872294921875 0.061250000000000006 0.52455795703125 0.0525 0.519646365234375 0.0375 0.52062868359375 0.02 0.5275049111328125 0.013749999999999998 0.5333988212890625 0.00875 0.5412573671875 0.00875 0.5540275048828125 0.015 0.5677799609375 0.02125 0.5707269150390625
7 0.45 0.350687623046875 0.45875000000000005 0.346758349609375 0.4725 0.3339882119140625 0.48 0.3182711201171875 0.48 0.30255402734375 0.47750000000000004 0.2976424365234375 0.47000000000000003 0.2917485263671875 0.4625 0.2888015712890625 0.4525 0.2888015712890625 0.44875 0.2907662080078125 0.4375 0.3045186640625 0.42625 0.328094302734375 0.425 0.34774066796875 0.42874999999999996 0.352652259765625 0.43500000000000005 0.3536345771484375 0.45 0.350687623046875
5 0.51625 0.1679764248046875 0.53375 0.1679764248046875 0.5425 0.1620825146484375 0.54 0.155206287109375 0.53875 0.13359528515625 0.5499999999999999 0.1051080546875 0.55125 0.09233791796875 0.5487500000000001 0.08840864453125 0.5437500000000001 0.087426326171875 0.53125 0.0962671904296875 0.52 0.0982318271484375 0.50625 0.110019646484375 0.50375 0.1159135556640625 0.50375 0.147347740234375 0.50875 0.1611001962890625 0.51625 0.1679764248046875
11 0.8262499999999999 0.350687623046875 0.84375 0.350687623046875 0.8487499999999999 0.3546168955078125 0.865 0.350687623046875 0.8724999999999999 0.344793712890625 0.8724999999999999 0.32121807421875 0.85625 0.3143418466796875 0.8412499999999999 0.3133595283203125 0.8275 0.2946954814453125 0.8475 0.2858546171875 0.8487499999999999 0.2750491162109375 0.86 0.264243615234375 0.8871662499999999 0.2539479375 0.76340625 0.2193575634765625 0.7787499999999999 0.417485265625 0.7925000000000001 0.41159135546875 0.8075000000000001 0.369351669921875 0.8262499999999999 0.350687623046875
3 0.56125 0.412573673828125 0.5725 0.418467583984375 0.58875 0.418467583984375 0.6 0.414538310546875 0.6124999999999999 0.4027504912109375 0.62 0.3831041259765625 0.62 0.3762278974609375 0.615 0.37426326171875 0.56375 0.373280943359375 0.55125 0.3752455791015625 0.5487500000000001 0.3772102158203125 0.5475 0.3801571708984375 0.5487500000000001 0.38899803515625 0.555 0.4047151279296875 0.56125 0.412573673828125
0 0.12 0.1129666015625 0.125 0.1159135556640625 0.135 0.1159135556640625 0.13749999999999998 0.1178781923828125 0.14 0.111984283203125 0.14625 0.109037328125 0.15125 0.108055009765625 0.15375 0.106090373046875 0.15375 0.1031434189453125 0.15875 0.0952848720703125 0.1575 0.0933202353515625 0.1575 0.089390962890625 0.15375 0.087426326171875 0.14 0.087426326171875 0.1325 0.089390962890625 0.1275 0.091355599609375 0.12250000000000001 0.0952848720703125 0.12 0.1001964638671875 0.12 0.1031434189453125 0.11875 0.104125736328125 0.11875 0.11100196484375 0.12 0.1129666015625
3 0.34500000000000003 0.2259332021484375 0.3475 0.2111984287109375 0.34375 0.172888015625 0.34 0.169941060546875 0.3225 0.171905697265625 0.31 0.1797642431640625 0.30125 0.192534380859375 0.30875 0.2318271123046875 0.31625 0.235756384765625 0.33875 0.2318271123046875 0.34500000000000003 0.2259332021484375
3 0.21999999999999997 0.3104125732421875 0.2325 0.2888015712890625 0.22999999999999998 0.2554027509765625 0.22374999999999998 0.2524557958984375 0.21125 0.2544204326171875 0.2 0.262278978515625 0.19125 0.2760314345703125 0.1875 0.2927308447265625 0.19375 0.307465619140625 0.20750000000000002 0.3133595283203125 0.21999999999999997 0.3104125732421875
9 0.16125 0.1188605107421875 0.15125 0.10707269140625 0.13749999999999998 0.113948919921875 0.13624999999999998 0.1188605107421875 0.14875 0.13359528515625 0.16125 0.12573673828125 0.16125 0.1188605107421875
9 0.63625 0.417485265625 0.62 0.4037328095703125 0.61 0.4037328095703125 0.59875 0.414538310546875 0.6275 0.43418467578125 0.63375 0.4282907666015625 0.63625 0.417485265625
9 0.56125 0.1876227900390625 0.56375 0.1817288798828125 0.54125 0.1601178779296875 0.535 0.1660117880859375 0.525 0.1679764248046875 0.54625 0.192534380859375 0.56125 0.1876227900390625
9 0.63625 0.171905697265625 0.63 0.1679764248046875 0.61375 0.17485265234375 0.62625 0.2062868369140625 0.63375 0.213163064453125 0.64875 0.2043222001953125 0.63625 0.171905697265625
1 0.92125 0.172888015625 0.9349999999999999 0.1611001962890625 0.9400000000000001 0.1502946953125 0.93625 0.1385068759765625 0.9112499999999999 0.12966601171875 0.8887499999999999 0.132612966796875 0.87875 0.1404715126953125 0.88125 0.1640471513671875 0.89125 0.173870333984375 0.9012500000000001 0.1768172890625 0.92125 0.172888015625
1 0.8550000000000001 0.0599214140625 0.865 0.0520628681640625 0.87625 0.0324165029296875 0.87125 0.025540275390625 0.8487499999999999 0.01669941015625 0.8275 0.018664046875 0.81625 0.0284872294921875 0.8174999999999999 0.0500982314453125 0.8275 0.060903732421875 0.8375 0.0638506875 0.8550000000000001 0.0599214140625
8 0.2425 0.5039292734375 0.2525 0.495088408203125 0.26125 0.47544204296875 0.26 0.461689587890625 0.25375 0.45284872265625 0.23500000000000001 0.4459724951171875 0.20875 0.4489194501953125 0.18874999999999997 0.46070726953125 0.18250000000000002 0.4705304521484375 0.18125 0.4842829072265625 0.18625000000000003 0.4941060908203125 0.2125 0.5068762275390625 0.2425 0.5039292734375
11 0.49083 0.6319361494140625 0.49068 0.634536345703125 0.43381875 0.967847740234375 0.5452462499999999 0.9969931240234375 0.759875 0.8482465615234375 0.49083 0.6319361494140625
11 0.83841125 0.3006915517578125 0.99875 0.395700392578125 0.99875 0.178646365234375 0.83841125 0.3006915517578125