4 0.09104166666666667 0.827111984375 0.08975911458333334 0.821218075 0.07436848958333334 0.8192534374999999 0.04102213541666667 0.8192534374999999 0.016653645833333335 0.82023575625 0.010240885416666668 0.8222003921875001 0.008958333333333334 0.8241650296874999 0.010240885416666668 0.84675835 0.012805989583333333 0.8497053046874999 0.017936197916666667 0.8506876234374999 0.02178385416666667 0.8497053046874999 0.039739583333333335 0.8536345781250001 0.065390625 0.8624754421875 0.07052083333333334 0.8634577609375 0.07565104166666667 0.8624754421875 0.07565104166666667 0.85756385 0.08334635416666666 0.8379174859375 0.09104166666666667 0.827111984375
7 0.11320833333333334 0.84675835 0.10158333333333333 0.8555992140625 0.099 0.8595284875000001 0.09770833333333333 0.8703339874999999 0.10675 0.8899803531250001 0.110625 0.8939096265625001 0.118375 0.89685658125 0.126125 0.8958742624999999 0.15066666666666664 0.8762278984374999 0.16229166666666667 0.8624754421875 0.16229166666666667 0.8506876234374999 0.15841666666666668 0.8369351671875 0.149375 0.8310412578124999 0.13904166666666665 0.832023575 0.11320833333333334 0.84675835
2 0.18273148125 0.8192534374999999 0.17590277708333335 0.8192534374999999 0.1745370375 0.8182711203125 0.16907407500000002 0.8192534374999999 0.16770833333333332 0.8222003921875001 0.16770833333333332 0.826129665625 0.16907407500000002 0.827111984375 0.16907407500000002 0.83300589375 0.17043981458333332 0.8349705296875 0.17726851875 0.8369351671875 0.18136574166666666 0.8359528484375 0.18956018541666667 0.8310412578124999 0.19229166666666667 0.827111984375 0.19229166666666667 0.8251473484374999 0.18956018541666667 0.821218075 0.18273148125 0.8192534374999999
7 0.28729166666666667 0.9361493125000001 0.31312500000000004 0.9312377203125 0.3260416666666667 0.9135559921875 0.3234583333333333 0.89685658125 0.3157083333333333 0.8870333984375 0.28212499999999996 0.891944990625 0.26145833333333335 0.903732809375 0.26275 0.9184675828125 0.27825 0.9332023578124999 0.28729166666666667 0.9361493125000001
2 0.42854166666666665 0.8428290765625001 0.42854166666666665 0.8388998031250001 0.42451992708333336 0.8349705296875 0.41379528958333334 0.83300589375 0.40038949375 0.83300589375 0.39904891249999996 0.8339882125000001 0.39770833333333333 0.8369351671875 0.39770833333333333 0.84577603125 0.39904891249999996 0.84675835 0.39904891249999996 0.8497053046874999 0.40038949375 0.8506876234374999 0.40307065208333337 0.851669940625 0.41245471041666665 0.851669940625 0.41379528958333334 0.8506876234374999 0.4178170291666667 0.8506876234374999 0.42317934791666667 0.8487229859375001 0.4272010875 0.84577603125 0.42854166666666665 0.8428290765625001
4 0.3614583333333333 0.6699410609374999 0.36660714375 0.6758349703125 0.38848958333333333 0.6895874265625 0.41294642916666663 0.6895874265625 0.42324404791666664 0.685658153125 0.43354166666666666 0.671905696875 0.4309672625 0.6650294703124999 0.41423363125 0.660117878125 0.39492559583333336 0.659135559375 0.38205357083333336 0.6640471515625 0.36274553541666665 0.6620825140625 0.3614583333333333 0.6699410609374999
8 0.29089015208333335 0.7013752453125 0.29604166666666665 0.6905697453124999 0.29217803124999997 0.672888015625 0.27543560625 0.6709233796875 0.22778409166666666 0.69253438125 0.22520833333333332 0.70530451875 0.23551136458333335 0.719056975 0.26255681875 0.7170923375 0.29089015208333335 0.7013752453125
2 0.3260416666666667 0.6561886046875001 0.32078124999999996 0.64243615 0.3102604166666667 0.6385068765625 0.3010546875 0.63948919375 0.28395833333333337 0.65225933125 0.2852734375 0.6660117875 0.3010546875 0.673870334375 0.3155208333333333 0.672888015625 0.3260416666666667 0.6561886046875001
7 0.47446271875 0.6895874265625 0.4822916666666667 0.6699410609374999 0.48098684166666666 0.6571709234374999 0.4692434208333333 0.65324165 0.4327083333333333 0.673870334375 0.4340131583333333 0.6886051078125 0.4470614041666667 0.698428290625 0.46141447291666665 0.699410609375 0.47446271875 0.6895874265625
7 0.10020833333333333 0.5726915515625 0.10795343125 0.5785854609375 0.14022467291666668 0.5795677796875001 0.15184232083333335 0.5726915515625 0.16604166666666667 0.5559921421875 0.14538807291666667 0.5343811390625001 0.12602532708333333 0.48821218125000004 0.11698937916666667 0.48330058906250006 0.11182598125 0.48330058906250006 0.10279003333333334 0.48821218125000004 0.10020833333333333 0.493123771875 0.10020833333333333 0.5726915515625
3 0.27844758125 0.42534381093749996 0.27054435416666667 0.423379175 0.2652755375 0.42436149375000004 0.26395833333333335 0.42534381093749996 0.2652755375 0.4390962671875 0.27449596875 0.4567779953125 0.28503360208333334 0.46365422343749996 0.29161962291666665 0.46365422343749996 0.30084005416666665 0.46070726874999995 0.3034744625 0.4587426328125 0.3047916666666667 0.455795678125 0.3047916666666667 0.44990176875000004 0.30215725833333335 0.44695481406250004 0.29293682708333335 0.44007858593750004 0.27844758125 0.42534381093749996
7 0.302752525 0.3438113953125 0.282247475 0.332023575 0.27071338333333334 0.3310412578125 0.2527714645833333 0.3418467578125 0.2502083333333333 0.34577603125 0.25405303125 0.352652259375 0.27455808125000003 0.37131630625 0.29250000000000004 0.3948919453125 0.30531565625 0.39882121875 0.31172348541666667 0.39685658125 0.3271022729166667 0.38605108125 0.33222853541666664 0.378192534375 0.33479166666666665 0.365422396875 0.3335101 0.35756385 0.3271022729166667 0.352652259375 0.302752525 0.3438113953125
3 0.02815159583333333 0.3693516703125 0.022974291666666664 0.37328094375 0.016502660416666665 0.3880157171875 0.015208333333333332 0.4007858546875 0.017796985416666668 0.4076620828125 0.021679964583333333 0.41257367343749995 0.030740247916666668 0.417485265625 0.04368351041666666 0.417485265625 0.057921099999999996 0.41257367343749995 0.06827570833333334 0.404715128125 0.07604166666666666 0.390962671875 0.07474733958333334 0.3850687625 0.06827570833333334 0.379174853125 0.03850620625 0.3683693515625 0.02815159583333333 0.3693516703125
7 0.03754734791666667 0.520628684375 0.019384468749999998 0.5275049109375 0.012897727083333334 0.533398821875 0.0077083333333333335 0.5412573671875001 0.0077083333333333335 0.5540275046875001 0.014195075 0.5677799609374999 0.02068181875 0.570726915625 0.038844697916666664 0.570726915625 0.0466287875 0.5687622796875 0.057007575 0.5609037328124999 0.06349431875 0.55206286875 0.06479166666666666 0.5284872296875001 0.062196968750000005 0.52455795625 0.05311553125 0.519646365625 0.03754734791666667 0.520628684375
7 0.45249999999999996 0.288801571875 0.44860795416666666 0.2907662078125 0.43693181875 0.3045186640625 0.42525568125 0.328094303125 0.4239583333333333 0.34774066875 0.42785037916666663 0.352652259375 0.43433712083333337 0.353634578125 0.44990530208333335 0.3506876234375 0.4589867416666667 0.34675835 0.473257575 0.3339882125 0.4810416666666667 0.31827112031250004 0.4810416666666667 0.302554028125 0.47844696875000003 0.2976424359375 0.47066287916666666 0.2917485265625 0.4628787875 0.288801571875 0.45249999999999996 0.288801571875
5 0.54446271875 0.0874263265625 0.5314144729166667 0.096267190625 0.5196710520833333 0.0982318265625 0.5053179833333333 0.11001964687500002 0.5027083333333333 0.11591355625 0.5027083333333333 0.147347740625 0.50792763125 0.161100196875 0.5157565791666666 0.167976425 0.5340241229166666 0.167976425 0.5431578937499999 0.16208251406250002 0.5405482458333334 0.1552062875 0.5392434208333333 0.13359528437499998 0.5509868416666667 0.1051080546875 0.5522916666666667 0.0923379171875 0.5496820166666667 0.08840864375 0.54446271875 0.0874263265625
11 0.8275372645833333 0.29469548125 0.8478739395833333 0.2858546171875 0.8491449812499999 0.275049115625 0.8605843583333334 0.264243615625 0.8882079166666668 0.2539479375 0.7623645833333333 0.2193575640625 0.7779666249999999 0.417485265625 0.7919480875 0.41159135625000004 0.8072005916666666 0.3693516703125 0.8262662229166666 0.3506876234375 0.8440608125 0.3506876234375 0.8491449812499999 0.3546168953125 0.8656685270833333 0.3506876234375 0.8732947791666666 0.3447937125 0.8732947791666666 0.321218075 0.8567712333333334 0.314341846875 0.8415187291666667 0.313359528125 0.8275372645833333 0.29469548125
3 0.5631752875 0.37328094375 0.5503160916666666 0.3752455796875 0.5477442520833333 0.377210215625 0.5464583333333334 0.3801571703125 0.5477442520833333 0.3889980359375 0.55417385 0.404715128125 0.5606034479166666 0.41257367343749995 0.572176725 0.4184675828125 0.5888936791666667 0.4184675828125 0.6004669541666666 0.41453831093750004 0.61332615 0.402750490625 0.6210416666666667 0.383104125 0.6210416666666667 0.3762278984375 0.6158979875 0.3742632609375 0.5631752875 0.37328094375
0 0.15453124999999998 0.10314341875 0.15979166666666667 0.095284871875 0.1584765625 0.0933202359375 0.1584765625 0.0893909625 0.15453124999999998 0.0874263265625 0.14006510416666668 0.0874263265625 0.13217447916666666 0.0893909625 0.1269140625 0.09135559843749999 0.12165364583333332 0.095284871875 0.11902343750000001 0.1001964640625 0.11902343750000001 0.10314341875 0.11770833333333333 0.10412573750000001 0.11770833333333333 0.1110019640625 0.11902343750000001 0.1129666015625 0.12428385416666667 0.11591355625 0.1348046875 0.11591355625 0.13743489583333332 0.1178781921875 0.14006510416666668 0.11198428281249999 0.146640625 0.109037328125 0.15190104166666665 0.10805500937500001 0.15453124999999998 0.10609037343750001 0.15453124999999998 0.10314341875
3 0.31588400833333335 0.235756384375 0.33939752291666664 0.2318271125 0.34592905416666664 0.225933203125 0.3485416666666667 0.21119842812499998 0.34462274791666664 0.172888015625 0.34070382916666664 0.1699410609375 0.3224155395833333 0.17190569687499999 0.30935247708333335 0.17976424375 0.3002083333333333 0.19253438125 0.30804617083333335 0.2318271125 0.31588400833333335 0.235756384375
3 0.19299768541666668 0.30746561875 0.20738425833333332 0.313359528125 0.2204629625 0.3104125734375 0.23354166666666665 0.288801571875 0.230925925 0.25540275 0.224386575 0.2524557953125 0.21130787083333333 0.25442043281250004 0.1995370375 0.262278978125 0.19038194374999998 0.276031434375 0.18645833333333334 0.29273084531250004 0.19299768541666668 0.30746561875
9 0.1365625 0.11394891874999999 0.13520833333333335 0.11886051093750001 0.14875000000000002 0.13359528437499998 0.16229166666666667 0.1257367390625 0.16229166666666667 0.11886051093750001 0.15145833333333333 0.1070726921875 0.1365625 0.11394891874999999
9 0.6095833333333334 0.403732809375 0.5977083333333333 0.41453831093750004 0.62805555625 0.43418467656250004 0.6346527770833333 0.428290765625 0.6372916666666666 0.417485265625 0.6201388895833334 0.403732809375 0.6095833333333334 0.403732809375
9 0.5410819895833333 0.160117878125 0.53449596875 0.1660117875 0.5239583333333333 0.167976425 0.54635080625 0.19253438125 0.5621572583333333 0.18762278906250002 0.5647916666666667 0.1817288796875 0.5410819895833333 0.160117878125
9 0.6127083333333334 0.17485265156250002 0.62595238125 0.2062868375 0.6338988104166667 0.21316306406250002 0.6497916666666667 0.2043222 0.6365476187500001 0.17190569687499999 0.6299255958333333 0.167976425 0.6127083333333334 0.17485265156250002
1 0.8906335041666666 0.173870334375 0.9009736395833333 0.1768172890625 0.9216539125 0.172888015625 0.9358715979166666 0.161100196875 0.9410416666666667 0.1502946953125 0.9371641166666667 0.1385068765625 0.911313775 0.1296660125 0.88804846875 0.13261296718749999 0.8777083333333333 0.1404715125 0.8802933666666667 0.1640471515625 0.8906335041666666 0.173870334375
1 0.8268489583333333 0.0609037328125 0.8371961812500001 0.0638506875 0.8553038187500001 0.0599214140625 0.8656510416666666 0.052062868750000005 0.8772916666666667 0.032416503125 0.87211805625 0.025540275 0.84883680625 0.0166994109375 0.8268489583333333 0.018664046875 0.8152083333333333 0.028487229687499997 0.8165017354166667 0.05009823125 0.8268489583333333 0.0609037328125
8 0.18149088541666666 0.47053045156250006 0.18020833333333333 0.4842829078125 0.1853385416666667 0.494106090625 0.21227213541666667 0.506876228125 0.24305338541666668 0.5039292734374999 0.2533138020833333 0.495088409375 0.2622916666666667 0.47544204375000004 0.2610091145833333 0.4616895875 0.25459635416666665 0.45284872343749993 0.23535807291666666 0.4459724953125 0.20842447916666668 0.44891945 0.18790364583333333 0.46070726874999995 0.18149088541666666 0.47053045156250006
11 0.5449165479166667 0.9969931234375 0.7609166666666667 0.8482465625 0.49015260624999996 0.63193615 0.49000164791666667 0.6345363453124999 0.43277708333333337 0.967847740625 0.5449165479166667 0.9969931234375
11 0.9997916666666666 0.178646365625 0.8373695833333333 0.3006915515625 0.9997916666666666 0.3957003921875 0.9997916666666666 0.178646365625