4 0.09000000000000001 0.827111984375 0.08875000000000001 0.821218075 0.07375 0.8192534374999999 0.04125 0.8192534374999999 0.0175 0.82023575625 0.011250000000000001 0.8222003921875001 0.01 0.8241650296874999 0.011250000000000001 0.84675835 0.01375 0.8497053046874999 0.01875 0.8506876234374999 0.022500000000000003 0.8497053046874999 0.04 0.8536345781250001 0.065 0.8624754421875 0.07 0.8634577609375 0.075 0.8624754421875 0.075 0.85756385 0.0825 0.8379174859375 0.09000000000000001 0.827111984375
7 0.11375 0.84675835 0.10250000000000001 0.8555992140625 0.1 0.8595284875000001 0.09874999999999999 0.8703339874999999 0.1075 0.8899803531250001 0.11125 0.8939096265625001 0.11875 0.89685658125 0.12625 0.8958742624999999 0.15 0.8762278984374999 0.16125 0.8624754421875 0.16125 0.8506876234374999 0.1575 0.8369351671875 0.14875000000000002 0.8310412578124999 0.13874999999999998 0.832023575 0.11375 0.84675835
2 0.1825 0.8192534374999999 0.17625 0.8192534374999999 0.175 0.8182711203125 0.16999999999999998 0.8192534374999999 0.16875 0.8222003921875001 0.16875 0.826129665625 0.16999999999999998 0.827111984375 0.16999999999999998 0.83300589375 0.17125 0.8349705296875 0.17750000000000002 0.8369351671875 0.18125 0.8359528484375 0.18875 0.8310412578124999 0.19125 0.827111984375 0.19125 0.8251473484374999 0.18875 0.821218075 0.1825 0.8192534374999999
7 0.2875 0.9361493125000001 0.3125 0.9312377203125 0.325 0.9135559921875 0.3225 0.89685658125 0.315 0.8870333984375 0.2825 0.891944990625 0.2625 0.903732809375 0.26375 0.9184675828125 0.27875 0.9332023578124999 0.2875 0.9361493125000001
2 0.4275 0.8428290765625001 0.4275 0.8388998031250001 0.42375 0.8349705296875 0.41375 0.83300589375 0.40125 0.83300589375 0.4 0.8339882125000001 0.39875 0.8369351671875 0.39875 0.84577603125 0.4 0.84675835 0.4 0.8497053046874999 0.40125 0.8506876234374999 0.40375 0.851669940625 0.4125 0.851669940625 0.41375 0.8506876234374999 0.41750000000000004 0.8506876234374999 0.42250000000000004 0.8487229859375001 0.42624999999999996 0.84577603125 0.4275 0.8428290765625001
4 0.3625 0.6699410609374999 0.3675 0.6758349703125 0.38875 0.6895874265625 0.4125 0.6895874265625 0.42250000000000004 0.685658153125 0.4325 0.671905696875 0.43 0.6650294703124999 0.41375 0.660117878125 0.39499999999999996 0.659135559375 0.3825 0.6640471515625 0.36374999999999996 0.6620825140625 0.3625 0.6699410609374999
8 0.29 0.7013752453125 0.295 0.6905697453124999 0.29125 0.672888015625 0.275 0.6709233796875 0.22874999999999998 0.69253438125 0.22624999999999998 0.70530451875 0.23625000000000002 0.719056975 0.2625 0.7170923375 0.29 0.7013752453125
2 0.325 0.6561886046875001 0.32 0.64243615 0.31 0.6385068765625 0.30124999999999996 0.63948919375 0.28500000000000003 0.65225933125 0.28625 0.6660117875 0.30124999999999996 0.673870334375 0.315 0.672888015625 0.325 0.6561886046875001
7 0.47375 0.6895874265625 0.48125 0.6699410609374999 0.48000000000000004 0.6571709234374999 0.46875 0.65324165 0.43374999999999997 0.673870334375 0.435 0.6886051078125 0.4475 0.698428290625 0.46125 0.699410609375 0.47375 0.6895874265625
7 0.10125 0.5726915515625 0.10875 0.5785854609375 0.14 0.5795677796875001 0.15125 0.5726915515625 0.165 0.5559921421875 0.145 0.5343811390625001 0.12625 0.48821218125000004 0.1175 0.48330058906250006 0.1125 0.48330058906250006 0.10375 0.48821218125000004 0.10125 0.493123771875 0.10125 0.5726915515625
3 0.27875 0.42534381093749996 0.27125 0.423379175 0.26625 0.42436149375000004 0.265 0.42534381093749996 0.26625 0.4390962671875 0.275 0.4567779953125 0.28500000000000003 0.46365422343749996 0.29125 0.46365422343749996 0.3 0.46070726874999995 0.3025 0.4587426328125 0.30375 0.455795678125 0.30375 0.44990176875000004 0.30124999999999996 0.44695481406250004 0.29250000000000004 0.44007858593750004 0.27875 0.42534381093749996
7 0.3025 0.3438113953125 0.2825 0.332023575 0.27125 0.3310412578125 0.25375 0.3418467578125 0.25125 0.34577603125 0.255 0.352652259375 0.275 0.37131630625 0.29250000000000004 0.3948919453125 0.305 0.39882121875 0.31125 0.39685658125 0.32625 0.38605108125 0.33125 0.378192534375 0.33375 0.365422396875 0.33249999999999996 0.35756385 0.32625 0.352652259375 0.3025 0.3438113953125
3 0.02875 0.3693516703125 0.02375 0.37328094375 0.0175 0.3880157171875 0.01625 0.4007858546875 0.01875 0.4076620828125 0.022500000000000003 0.41257367343749995 0.03125 0.417485265625 0.04375 0.417485265625 0.0575 0.41257367343749995 0.06749999999999999 0.404715128125 0.075 0.390962671875 0.07375 0.3850687625 0.06749999999999999 0.379174853125 0.03875 0.3683693515625 0.02875 0.3693516703125
7 0.0375 0.520628684375 0.02 0.5275049109375 0.01375 0.533398821875 0.00875 0.5412573671875001 0.00875 0.5540275046875001 0.015000000000000001 0.5677799609374999 0.021249999999999998 0.570726915625 0.03875 0.570726915625 0.04625 0.5687622796875 0.05625 0.5609037328124999 0.0625 0.55206286875 0.06375 0.5284872296875001 0.06125 0.52455795625 0.0525 0.519646365625 0.0375 0.520628684375
7 0.45249999999999996 0.288801571875 0.44875000000000004 0.2907662078125 0.4375 0.3045186640625 0.42624999999999996 0.328094303125 0.425 0.34774066875 0.42875 0.352652259375 0.435 0.353634578125 0.45 0.3506876234375 0.45875 0.34675835 0.47250000000000003 0.3339882125 0.48000000000000004 0.31827112031250004 0.48000000000000004 0.302554028125 0.4775 0.2976424359375 0.47 0.2917485265625 0.4625 0.288801571875 0.45249999999999996 0.288801571875
5 0.54375 0.0874263265625 0.53125 0.096267190625 0.52 0.0982318265625 0.50625 0.11001964687500002 0.50375 0.11591355625 0.50375 0.147347740625 0.5087499999999999 0.161100196875 0.51625 0.167976425 0.53375 0.167976425 0.5425 0.16208251406250002 0.5399999999999999 0.1552062875 0.5387500000000001 0.13359528437499998 0.55 0.1051080546875 0.55125 0.0923379171875 0.54875 0.08840864375 0.54375 0.0874263265625
11 0.8275 0.29469548125 0.8475 0.2858546171875 0.84875 0.275049115625 0.86 0.264243615625 0.88716625 0.2539479375 0.76340625 0.2193575640625 0.77875 0.417485265625 0.7925 0.41159135625000004 0.8075 0.3693516703125 0.82625 0.3506876234375 0.84375 0.3506876234375 0.84875 0.3546168953125 0.865 0.3506876234375 0.8725 0.3447937125 0.8725 0.321218075 0.85625 0.314341846875 0.84125 0.313359528125 0.8275 0.29469548125
3 0.5637500000000001 0.37328094375 0.55125 0.3752455796875 0.54875 0.377210215625 0.5475 0.3801571703125 0.54875 0.3889980359375 0.5549999999999999 0.404715128125 0.5612499999999999 0.41257367343749995 0.5725 0.4184675828125 0.58875 0.4184675828125 0.6 0.41453831093750004 0.6125 0.402750490625 0.62 0.383104125 0.62 0.3762278984375 0.615 0.3742632609375 0.5637500000000001 0.37328094375
0 0.15375 0.10314341875 0.15875 0.095284871875 0.1575 0.0933202359375 0.1575 0.0893909625 0.15375 0.0874263265625 0.14 0.0874263265625 0.1325 0.0893909625 0.1275 0.09135559843749999 0.1225 0.095284871875 0.12000000000000001 0.1001964640625 0.12000000000000001 0.10314341875 0.11875 0.10412573750000001 0.11875 0.1110019640625 0.12000000000000001 0.1129666015625 0.125 0.11591355625 0.13499999999999998 0.11591355625 0.1375 0.1178781921875 0.14 0.11198428281249999 0.14625000000000002 0.109037328125 0.15125 0.10805500937500001 0.15375 0.10609037343750001 0.15375 0.10314341875
3 0.31625000000000003 0.235756384375 0.33875 0.2318271125 0.345 0.225933203125 0.34750000000000003 0.21119842812499998 0.34375 0.172888015625 0.33999999999999997 0.1699410609375 0.3225 0.17190569687499999 0.31 0.17976424375 0.30124999999999996 0.19253438125 0.30874999999999997 0.2318271125 0.31625000000000003 0.235756384375
3 0.19375 0.30746561875 0.2075 0.313359528125 0.22 0.3104125734375 0.23249999999999998 0.288801571875 0.23 0.25540275 0.22375 0.2524557953125 0.21125000000000002 0.25442043281250004 0.2 0.262278978125 0.19125 0.276031434375 0.1875 0.29273084531250004 0.19375 0.30746561875
9 0.1375 0.11394891874999999 0.13625 0.11886051093750001 0.14875000000000002 0.13359528437499998 0.16125 0.1257367390625 0.16125 0.11886051093750001 0.15125 0.1070726921875 0.1375 0.11394891874999999
9 0.61 0.403732809375 0.59875 0.41453831093750004 0.6275 0.43418467656250004 0.6337499999999999 0.428290765625 0.63625 0.417485265625 0.62 0.403732809375 0.61 0.403732809375
9 0.54125 0.160117878125 0.535 0.1660117875 0.525 0.167976425 0.54625 0.19253438125 0.5612499999999999 0.18762278906250002 0.5637500000000001 0.1817288796875 0.54125 0.160117878125
9 0.61375 0.17485265156250002 0.6262500000000001 0.2062868375 0.6337499999999999 0.21316306406250002 0.6487499999999999 0.2043222 0.63625 0.17190569687499999 0.63 0.167976425 0.61375 0.17485265156250002
1 0.89125 0.173870334375 0.90125 0.1768172890625 0.92125 0.172888015625 0.935 0.161100196875 0.94 0.1502946953125 0.9362499999999999 0.1385068765625 0.91125 0.1296660125 0.88875 0.13261296718749999 0.87875 0.1404715125 0.88125 0.1640471515625 0.89125 0.173870334375
1 0.8275 0.0609037328125 0.8375 0.0638506875 0.855 0.0599214140625 0.865 0.052062868750000005 0.8762500000000001 0.032416503125 0.87125 0.025540275 0.84875 0.0166994109375 0.8275 0.018664046875 0.81625 0.028487229687499997 0.8175 0.05009823125 0.8275 0.0609037328125
8 0.1825 0.47053045156250006 0.18125 0.4842829078125 0.18625 0.494106090625 0.2125 0.506876228125 0.24250000000000002 0.5039292734374999 0.2525 0.495088409375 0.26125000000000004 0.47544204375000004 0.26 0.4616895875 0.25375 0.45284872343749993 0.235 0.4459724953125 0.20875000000000002 0.44891945 0.18875 0.46070726874999995 0.1825 0.47053045156250006
11 0.54524625 0.9969931234375 0.759875 0.8482465625 0.49083 0.63193615 0.49068 0.6345363453124999 0.43381875000000003 0.967847740625 0.54524625 0.9969931234375
11 0.9987499999999999 0.178646365625 0.83841125 0.3006915515625 0.9987499999999999 0.3957003921875 0.9987499999999999 0.178646365625