7 0.8893229170918366 0.4580078125 0.8880208329081634 0.4140625 0.8736979170918366 0.384765625 0.859375 0.369140625 0.8229166670918366 0.3466796875 0.7799479170918366 0.3369140625 0.7552083329081634 0.3359375 0.7330729170918366 0.341796875 0.72265625 0.3486328125 0.7096354170918366 0.369140625 0.7083333329081634 0.41015625 0.7161458329081634 0.4560546875 0.7252604170918366 0.486328125 0.7421875 0.5166015625 0.7604166670918366 0.529296875 0.7799479170918366 0.5341796875 0.8020833329081634 0.533203125 0.8372395829081634 0.521484375 0.8723958329081634 0.4931640625 0.8893229170918366 0.4580078125
4 0.5013020829081632 0.1103515625 0.47005208290816325 0.1220703125 0.45442708290816325 0.140625 0.453125 0.166015625 0.46223958290816325 0.1884765625 0.47786458290816325 0.2041015625 0.49869791709183675 0.208984375 0.5247395829081632 0.19921875 0.5416666670918368 0.1826171875 0.5559895829081632 0.15234375 0.5572916670918368 0.1240234375 0.5403645829081632 0.1123046875 0.5013020829081632 0.1103515625
7 0.6666666670918366 0.11328125 0.6575520829081634 0.123046875 0.6575520829081634 0.1396484375 0.6953125 0.2041015625 0.7057291670918366 0.2109375 0.734375 0.2060546875 0.7643229170918366 0.1845703125 0.765625 0.1787109375 0.71875 0.1015625 0.7096354170918366 0.095703125 0.6966145829081634 0.09765625 0.6666666670918366 0.11328125
7 0.7604166670918366 0.25 0.7786458329081634 0.255859375 0.796875 0.2529296875 0.7942708329081634 0.232421875 0.7734375 0.2060546875 0.7643229170918366 0.2080078125 0.7513020829081634 0.2265625 0.7513020829081634 0.2421875 0.7604166670918366 0.25
4 0.7955729170918366 0.77734375 0.7526041670918366 0.7666015625 0.71484375 0.7421875 0.6953125 0.7080078125 0.6809895829081634 0.7001953125 0.6666666670918366 0.7021484375 0.6497395829081632 0.7177734375 0.625 0.763671875 0.625 0.79296875 0.6393229170918368 0.818359375 0.6640625 0.8349609375 0.6861979170918366 0.8408203125 0.71484375 0.841796875 0.7473958329081634 0.8349609375 0.7760416670918366 0.8212890625 0.8046875 0.798828125 0.8046875 0.787109375 0.7955729170918366 0.77734375
4 0.39583333290816325 0.6669921875 0.32942708290816325 0.6884765625 0.2526041670918367 0.6982421875 0.2526041670918367 0.71875 0.265625 0.7353515625 0.2955729170918367 0.7431640625 0.328125 0.740234375 0.39322916709183675 0.720703125 0.43229166709183675 0.6904296875 0.44401041709183675 0.6689453125 0.43880208290816325 0.6591796875 0.42317708290816325 0.6533203125 0.39583333290816325 0.6669921875
4 0.2760416670918367 0.5888671875 0.22135416709183672 0.5869140625 0.19401041709183672 0.5810546875 0.17057291709183672 0.6005859375 0.16927083290816328 0.6181640625 0.17708333290816328 0.626953125 0.20963541709183672 0.6337890625 0.24609375 0.634765625 0.3138020829081633 0.6123046875 0.33333333290816325 0.5986328125 0.33463541709183675 0.587890625 0.32421875 0.580078125 0.29296875 0.58203125 0.2760416670918367 0.5888671875
4 0.1640625 0.521484375 0.15234375 0.521484375 0.14713541709183675 0.525390625 0.14713541709183675 0.541015625 0.19010416709183672 0.576171875 0.203125 0.58203125 0.21614583290816328 0.5859375 0.2734375 0.5888671875 0.2942708329081633 0.576171875 0.2981770829081633 0.55859375 0.2877604170918367 0.541015625 0.25390625 0.5400390625 0.1640625 0.521484375
4 0.15364583290816325 0.732421875 0.13932291709183675 0.7431640625 0.1328125 0.7548828125 0.1328125 0.7763671875 0.140625 0.78125 0.20833333290816328 0.78515625 0.2591145829081633 0.7744140625 0.2825520829081633 0.7646484375 0.296875 0.7509765625 0.2916666670918367 0.744140625 0.27734375 0.7392578125 0.20833333290816328 0.740234375 0.15364583290816325 0.732421875
4 0.2421875 0.216796875 0.18229166709183672 0.216796875 0.16796875 0.2197265625 0.15755208290816325 0.2333984375 0.15625 0.251953125 0.16666666709183672 0.2626953125 0.18359375 0.265625 0.2265625 0.2626953125 0.2552083329081633 0.2548828125 0.28125 0.2421875 0.3046875 0.2236328125 0.3059895829081633 0.2099609375 0.296875 0.2041015625 0.2421875 0.216796875
11 0.2994791670918367 0.455078125 0.3020833329081633 0.4765625 0.2955729170918367 0.4921875 0.2994791670918367 0.5322265625 0.42447916709183675 0.583984375 0.41927083290816325 0.5595703125 0.38151041709183675 0.4638671875 0.38020833290816325 0.44921875 0.36979166709183675 0.435546875 0.34765625 0.3818359375 0.2994791670918367 0.455078125
11 0.7096354170918366 0.4375 0.69921875 0.427734375 0.5989583329081632 0.3486328125 0.5833333329081632 0.337890625 0.578125 0.33984375 0.5677083329081632 0.3935546875 0.5260416670918368 0.4794921875 0.52734375 0.4873046875 0.5533854170918368 0.501953125 0.5455729170918368 0.578125 0.5481770829081632 0.603515625 0.5638020829081632 0.6005859375 0.6432291670918368 0.5673828125 0.7122395829081634 0.453125 0.7096354170918366 0.4375
11 0 0.509765625 0.06510416709183674 0.509765625 0.10026041709183674 0.48828125 0.13411458290816325 0.4609375 0.13411458290816325 0.4580078125 0.11197916709183674 0.4560546875 0.11328125 0.4599609375 0.09635416709183674 0.4677734375 0.06510416709183674 0.470703125 0.04427083290816327 0.462890625 0.04557291709183673 0.451171875 0.026041667091836734 0.4462890625 0 0.4462890625 0 0.509765625
2 0.5520833329081632 0.6064453125 0.5481770829081632 0.6142578125 0.5598958329081632 0.619140625 0.5638020829081632 0.6123046875 0.55859375 0.6064453125 0.5520833329081632 0.6064453125
2 0.5885416670918368 0.666015625 0.5885416670918368 0.6728515625 0.6002604170918368 0.6767578125 0.6015625 0.6650390625 0.5924479170918368 0.6630859375 0.5885416670918368 0.666015625
11 0.7513020829081634 0.5703125 0.7434895829081634 0.568359375 0.73046875 0.5810546875 0.7239583329081634 0.5810546875 0.6471354170918368 0.654296875 0.6263020829081632 0.74609375 0.6223958329081632 0.7861328125 0.6302083329081632 0.806640625 0.6458333329081632 0.82421875 0.6744791670918366 0.8388671875 0.7265625 0.84375 0.8059895829081634 0.890625 0.82421875 0.89453125 0.8059895829081634 0.7900390625 0.7890625 0.7392578125 0.7513020829081634 0.5703125
3 0.7109375 0.63671875 0.7317708329081634 0.64453125 0.74609375 0.642578125 0.7591145829081634 0.6259765625 0.7565104170918366 0.6181640625 0.7356770829081634 0.6103515625 0.7018229170918366 0.6162109375 0.6979166670918366 0.6220703125 0.7109375 0.63671875
3 0.72265625 0.2890625 0.7421875 0.2861328125 0.7591145829081634 0.2744140625 0.7552083329081634 0.2568359375 0.7408854170918366 0.251953125 0.71875 0.2548828125 0.69921875 0.265625 0.7083333329081634 0.28125 0.72265625 0.2890625
3 0.8515625 0.30859375 0.84765625 0.2890625 0.8346354170918366 0.275390625 0.80859375 0.2744140625 0.7981770829081634 0.2900390625 0.8072916670918366 0.3095703125 0.83984375 0.3134765625 0.8515625 0.30859375
3 0.9505208329081634 0.3896484375 0.9557291670918366 0.3837890625 0.95703125 0.375 0.9466145829081634 0.3671875 0.9153645829081634 0.3720703125 0.9153645829081634 0.3798828125 0.9296875 0.39453125 0.9505208329081634 0.3896484375
3 0.8216145829081634 0.58203125 0.85546875 0.576171875 0.86328125 0.5673828125 0.8606770829081634 0.5546875 0.8489583329081634 0.5439453125 0.83984375 0.544921875 0.82421875 0.560546875 0.8177083329081634 0.5703125 0.8216145829081634 0.58203125
3 0.8072916670918366 0.6494140625 0.8294270829081634 0.6435546875 0.8385416670918366 0.634765625 0.8333333329081634 0.6279296875 0.8203125 0.6240234375 0.8059895829081634 0.62109375 0.7955729170918366 0.6240234375 0.7955729170918366 0.6376953125 0.8072916670918366 0.6494140625
3 0.9036458329081634 0.6728515625 0.91796875 0.6728515625 0.9348958329081634 0.6630859375 0.9348958329081634 0.6572265625 0.92578125 0.650390625 0.9049479170918366 0.6435546875 0.8971354170918366 0.6474609375 0.89453125 0.654296875 0.9036458329081634 0.6728515625
3 0.9309895829081634 0.4892578125 0.9192708329081634 0.46875 0.8932291670918366 0.4873046875 0.8919270829081634 0.4921875 0.90625 0.498046875 0.9166666670918366 0.498046875 0.9309895829081634 0.4892578125
3 0.9049479170918366 0.4775390625 0.91796875 0.46875 0.9140625 0.453125 0.9010416670918366 0.453125 0.8893229170918366 0.4609375 0.88671875 0.4736328125 0.89453125 0.478515625 0.9049479170918366 0.4775390625
2 0.8854166670918366 0.5126953125 0.8932291670918366 0.5087890625 0.89453125 0.4951171875 0.8880208329081634 0.4931640625 0.8723958329081634 0.4970703125 0.8684895829081634 0.50390625 0.8763020829081634 0.5107421875 0.8854166670918366 0.5126953125
2 0.9791666670918366 0.5419921875 0.9713541670918366 0.5361328125 0.9596354170918366 0.537109375 0.9596354170918366 0.5498046875 0.9713541670918366 0.55859375 0.9791666670918366 0.5537109375 0.9791666670918366 0.5419921875
2 0.6184895829081632 0.44921875 0.61328125 0.4423828125 0.59375 0.443359375 0.5950520829081632 0.453125 0.6184895829081632 0.44921875
3 0.7473958329081634 0.55078125 0.7395833329081634 0.544921875 0.7018229170918366 0.5498046875 0.7057291670918366 0.5791015625 0.7174479170918366 0.583984375 0.7408854170918366 0.5693359375 0.7473958329081634 0.55078125
3 0.9830729170918366 0.734375 0.9908854170918366 0.724609375 0.9895833329081634 0.716796875 0.96484375 0.705078125 0.9557291670918366 0.7060546875 0.9557291670918366 0.73046875 0.9700520829081634 0.736328125 0.9830729170918366 0.734375
3 0.88671875 0.77734375 0.8841145829081634 0.767578125 0.85546875 0.7607421875 0.8528645829081634 0.7666015625 0.859375 0.7802734375 0.8776041670918366 0.783203125 0.88671875 0.77734375
1 0.30859375 0.3876953125 0.3203125 0.38671875 0.3359375 0.3779296875 0.3359375 0.37109375 0.3216145829081633 0.3603515625 0.3020833329081633 0.3603515625 0.2916666670918367 0.3681640625 0.2916666670918367 0.3798828125 0.30859375 0.3876953125
1 0.2643229170918367 0.3056640625 0.2825520829081633 0.30078125 0.2890625 0.2939453125 0.28125 0.2822265625 0.265625 0.2744140625 0.25 0.279296875 0.24348958290816328 0.2861328125 0.24348958290816328 0.2978515625 0.2643229170918367 0.3056640625
1 0.60546875 0.2763671875 0.6119791670918368 0.2822265625 0.6263020829081632 0.2822265625 0.6393229170918368 0.275390625 0.6484375 0.2509765625 0.64453125 0.2470703125 0.6184895829081632 0.244140625 0.609375 0.2470703125 0.6028645829081632 0.255859375 0.60546875 0.2763671875
10 0.04817708290816327 0.6435546875 0.06119791709183673 0.6494140625 0.14973958290816325 0.6474609375 0.16145833290816325 0.6396484375 0.1640625 0.615234375 0.15755208290816325 0.609375 0.09505208290816326 0.611328125 0.06770833290816326 0.6220703125 0.04947916709183673 0.63671875 0.04817708290816327 0.6435546875
3 0.11588541709183674 0.5986328125 0.1484375 0.595703125 0.15625 0.5888671875 0.15364583290816325 0.578125 0.13932291709183675 0.5703125 0.09635416709183674 0.5732421875 0.07682291709183674 0.58203125 0.078125 0.59375 0.11588541709183674 0.5986328125
4 0.23958333290816328 0.5166015625 0.2421875 0.5078125 0.23958333290816328 0.5048828125 0.20833333290816328 0.5048828125 0.17057291709183672 0.5166015625 0.17317708290816328 0.52734375 0.19661458290816328 0.5283203125 0.23958333290816328 0.5166015625
5 0.04036458290816326 0.4256904296875 0.06640625 0.4305732421875 0.07552083290816326 0.4247138671875 0.07552083290816326 0.4178779296875 0.046875 0.4100654296875 0.024739582908163266 0.3885810546875 0.013020832908163265 0.3915107421875 0.01171875 0.4002998046875 0.04036458290816326 0.4256904296875
5 0.08321223979591837 0.4462890625 0.08060807270408163 0.4384765625 0.022014322704081633 0.4228515625 0.022014322704081633 0.4345703125 0.032430989795918366 0.4453125 0.04935807270408163 0.44921875 0.08321223979591837 0.4462890625
5 0.15494791709183675 0.3837890625 0.1875 0.3994140625 0.20182291709183672 0.3974609375 0.20182291709183672 0.3896484375 0.18489583290816328 0.3759765625 0.15494791709183675 0.3623046875 0.140625 0.3603515625 0.13932291709183675 0.369140625 0.15494791709183675 0.3837890625
10 0 0.60546875 0.0390625 0.6044921875 0.05989583290816327 0.5634765625 0.08072916709183674 0.5419921875 0.109375 0.5244140625 0.12239583290816326 0.517578125 0.18619791709183672 0.5048828125 0.1953125 0.5 0.171875 0.48828125 0.11328125 0.48828125 0.07942708290816326 0.5009765625 0.06901041709183674 0.5087890625 0.06510416709183674 0.525390625 0.05729166709183673 0.5341796875 0.022135417091836734 0.5419921875 0.01171875 0.5595703125 0 0.5498046875 0 0.60546875
0 0.19921875 0.4169921875 0.18880208290816328 0.4140625 0.13932291709183675 0.41796875 0.109375 0.3974609375 0.10677083290816326 0.37890625 0.12109375 0.3603515625 0.14453125 0.345703125 0.140625 0.3359375 0.11848958290816326 0.3310546875 0.10286458290816326 0.3134765625 0.08723958290816326 0.3154296875 0.08203125 0.3203125 0.09895833290816326 0.3447265625 0.09895833290816326 0.353515625 0.08072916709183674 0.3720703125 0.06770833290816326 0.3740234375 0.0390625 0.3623046875 0.026041667091836734 0.3681640625 0.028645832908163266 0.3798828125 0.08463541709183674 0.404296875 0.10286458290816326 0.4189453125 0.11588541709183674 0.4345703125 0.11848958290816326 0.453125 0.13802083290816325 0.455078125 0.14973958290816325 0.4384765625 0.19661458290816328 0.4306640625 0.20442708290816328 0.4248046875 0.19921875 0.4169921875
0 0.19401041709183672 0.3388671875 0.20703125 0.3349609375 0.20442708290816328 0.32421875 0.19401041709183672 0.318359375 0.18229166709183672 0.2998046875 0.16145833290816325 0.3037109375 0.16666666709183672 0.314453125 0.15885416709183675 0.326171875 0.1484375 0.3310546875 0.15104166709183675 0.3427734375 0.16666666709183672 0.3515625 0.171875 0.3681640625 0.1953125 0.37890625 0.19921875 0.365234375 0.19010416709183672 0.3466796875 0.19401041709183672 0.3388671875
5 0.10390625 0.2802734375 0.15078125 0.283203125 0.16640625 0.279296875 0.16119791709183673 0.2705078125 0.13385416709183673 0.263671875 0.115625 0.263671875 0.10130208290816327 0.2685546875 0.09739583290816327 0.2763671875 0.10390625 0.2802734375
1 0.5872395829081632 0.2001953125 0.6002604170918368 0.177734375 0.59375 0.1708984375 0.5703125 0.1669921875 0.5559895829081632 0.1787109375 0.5598958329081632 0.201171875 0.57421875 0.205078125 0.5872395829081632 0.2001953125
5 0.009114582908163265 0.68359375 0.026041667091836734 0.69140625 0.06510416709183674 0.7021484375 0.07682291709183674 0.7021484375 0.08463541709183674 0.697265625 0.08723958290816326 0.68359375 0.08203125 0.677734375 0.03515625 0.669921875 0.009114582908163265 0.673828125 0.009114582908163265 0.68359375
5 0.06119791709183673 0.7900390625 0.07942708290816326 0.79296875 0.08854166709183674 0.787109375 0.09244791709183674 0.7734375 0.05859375 0.751953125 0.04296875 0.7451171875 0.024739582908163266 0.7490234375 0.024739582908163266 0.755859375 0.06119791709183673 0.7900390625
4 0.08333333290816326 0.814453125 0.13671875 0.8115234375 0.1484375 0.8056640625 0.14973958290816325 0.7880859375 0.140625 0.78515625 0.10807291709183674 0.80078125 0.07421875 0.7998046875 0.07161458290816326 0.8076171875 0.08333333290816326 0.814453125
3 0.86328125 0.89453125 0.8828125 0.9033203125 0.90234375 0.900390625 0.9049479170918366 0.8798828125 0.89453125 0.8681640625 0.8723958329081634 0.8603515625 0.8463541670918366 0.8623046875 0.8450520829081634 0.8798828125 0.86328125 0.89453125
4 0.9166666670918366 0.451171875 0.93359375 0.484375 0.9622395829081634 0.501953125 0.9986979170918366 0.5048828125 0.9986979170918366 0.408203125 0.9739583329081634 0.39453125 0.9518229170918366 0.3896484375 0.92578125 0.40234375 0.9166666670918366 0.4189453125 0.9166666670918366 0.451171875
3 0.8450520829081634 0.3193359375 0.828125 0.3134765625 0.8098958329081634 0.333984375 0.80859375 0.337890625 0.8177083329081634 0.341796875 0.8450520829081634 0.3408203125 0.8450520829081634 0.3193359375
1 0.8424479170918366 0.208984375 0.859375 0.2080078125 0.87890625 0.1962890625 0.8763020829081634 0.1787109375 0.859375 0.16796875 0.8385416670918366 0.1708984375 0.8203125 0.1865234375 0.8203125 0.19921875 0.8424479170918366 0.208984375
2 0.026041667091836734 0.73046875 0.028645832908163266 0.740234375 0.04427083290816327 0.73828125 0.04166666709183673 0.7275390625 0.03255208290816326 0.7265625 0.026041667091836734 0.73046875
1 0.8880208329081634 0.099609375 0.8880208329081634 0.076171875 0.8776041670918366 0.072265625 0.8645833329081634 0.0732421875 0.8528645829081634 0.08203125 0.85546875 0.1015625 0.8736979170918366 0.1123046875 0.8880208329081634 0.099609375
2 0.921875 0.078125 0.9283854170918366 0.07421875 0.9283854170918366 0.06640625 0.9231770829081634 0.0625 0.90234375 0.06640625 0.9010416670918366 0.0732421875 0.9075520829081634 0.078125 0.921875 0.078125
2 0.9283854170918366 0.3251953125 0.9309895829081634 0.31640625 0.9140625 0.3134765625 0.9114583329081634 0.3232421875 0.9283854170918366 0.3251953125
9 0.47786458290816325 0.248046875 0.49348958290816325 0.2109375 0.48958333290816325 0.208984375 0.48307291709183675 0.21875 0.46223958290816325 0.23046875 0.46223958290816325 0.2451171875 0.46875 0.25 0.47786458290816325 0.248046875
9 0.3098958329081633 0.2099609375 0.3125 0.20703125 0.31640625 0.2060546875 0.31640625 0.205078125 0.32682291709183675 0.19921875 0.32942708290816325 0.1962890625 0.33854166709183675 0.1962890625 0.33984375 0.197265625 0.34765625 0.197265625 0.34895833290816325 0.1962890625 0.3515625 0.1962890625 0.35677083290816325 0.1923828125 0.359375 0.1884765625 0.359375 0.1826171875 0.35677083290816325 0.1787109375 0.34895833290816325 0.173828125 0.33723958290816325 0.173828125 0.328125 0.1787109375 0.32682291709183675 0.1806640625 0.32682291709183675 0.1884765625 0.3255208329081633 0.1904296875 0.3098958329081633 0.1982421875 0.3072916670918367 0.201171875 0.3033854170918367 0.203125 0.3033854170918367 0.2060546875 0.3072916670918367 0.208984375 0.3098958329081633 0.208984375 0.3098958329081633 0.2099609375
9 0.9388020829081634 0.029296875 0.9375 0.0439453125 0.921875 0.060546875 0.9283854170918366 0.068359375 0.94921875 0.0537109375 0.9674479170918366 0.0517578125 0.98046875 0.0419921875 0.9778645829081634 0.0283203125 0.9661458329081634 0.021484375 0.9557291670918366 0.0205078125 0.9388020829081634 0.029296875
9 0.6627604170918366 0.310546875 0.6640625 0.330078125 0.67578125 0.3349609375 0.6861979170918366 0.33203125 0.6940104170918366 0.3232421875 0.6953125 0.306640625 0.7122395829081634 0.2861328125 0.7018229170918366 0.28125 0.6875 0.296875 0.671875 0.302734375 0.6627604170918366 0.310546875
9 0.15494791709183675 0.568359375 0.16276041709183675 0.560546875 0.15104166709183675 0.546875 0.14192708290816325 0.546875 0.13151041709183675 0.55859375 0.13020833290816325 0.5673828125 0.14453125 0.5693359375 0.15494791709183675 0.568359375
9 0.09635416709183674 0.5537109375 0.09375 0.5634765625 0.1015625 0.5712890625 0.11979166709183674 0.5693359375 0.125 0.5595703125 0.140625 0.546875 0.140625 0.5419921875 0.13411458290816325 0.541015625 0.12239583290816326 0.5498046875 0.10416666709183674 0.548828125 0.09635416709183674 0.5537109375
9 0.16276041709183675 0.58984375 0.17447916709183672 0.5908203125 0.18619791709183672 0.58203125 0.18619791709183672 0.576171875 0.17708333290816328 0.568359375 0.16796875 0.5673828125 0.15755208290816325 0.5732421875 0.15625 0.5810546875 0.16276041709183675 0.58984375
0 0.34375 0.7109375 0.35807291709183675 0.69140625 0.33203125 0.6923828125 0.3229166670918367 0.69921875 0.32421875 0.7021484375 0.33333333290816325 0.7099609375 0.34375 0.7109375
0 0.15755208290816325 0.5947265625 0.15625 0.603515625 0.1640625 0.6083984375 0.171875 0.59375 0.16145833290816325 0.5908203125 0.15755208290816325 0.5947265625
0 0.30589192729591835 0.5469189453125 0.3062174477040816 0.5469189453125 0.3062174477040816 0.5466552734375 0.30589192729591835 0.5466552734375 0.30589192729591835 0.5469189453125
0 0.3216145829081633 0.5517578125 0.3177083329081633 0.5439453125 0.29296875 0.53515625 0.2916666670918367 0.5419921875 0.296875 0.546875 0.3046875 0.55078125 0.3216145829081633 0.5517578125
0 0.2877604170918367 0.482421875 0.28515625 0.474609375 0.2760416670918367 0.4775390625 0.27734375 0.4833984375 0.2877604170918367 0.482421875
9 0.6848958329081634 0.6103515625 0.6979166670918366 0.6064453125 0.7122395829081634 0.5888671875 0.70703125 0.58203125 0.6953125 0.5888671875 0.6861979170918366 0.583984375 0.671875 0.587890625 0.6705729170918366 0.5986328125 0.6848958329081634 0.6103515625
9 0.8658854170918366 0.6484375 0.8450520829081634 0.6689453125 0.8333333329081634 0.6708984375 0.8268229170918366 0.67578125 0.82421875 0.6884765625 0.83203125 0.6962890625 0.8411458329081634 0.69921875 0.85546875 0.6962890625 0.8619791670918366 0.689453125 0.859375 0.6748046875 0.87890625 0.6552734375 0.87890625 0.650390625 0.8723958329081634 0.646484375 0.8658854170918366 0.6484375
9 0.9192708329081634 0.525390625 0.9192708329081634 0.5166015625 0.91796875 0.5146484375 0.9153645829081634 0.5126953125 0.9114583329081634 0.5126953125 0.9049479170918366 0.5087890625 0.8984375 0.5087890625 0.8815104170918366 0.5146484375 0.87890625 0.5263671875 0.8567708329081634 0.5458984375 0.859375 0.552734375 0.8658854170918366 0.5556640625 0.8723958329081634 0.548828125 0.890625 0.53515625 0.9010416670918366 0.53515625 0.9088541670918366 0.533203125 0.9166666670918366 0.529296875 0.9192708329081634 0.525390625
9 0.05989583290816327 0.294921875 0.05859375 0.3046875 0.06510416709183674 0.3115234375 0.0859375 0.3125 0.09244791709183674 0.306640625 0.09244791709183674 0.29296875 0.10416666709183674 0.2822265625 0.09895833290816326 0.275390625 0.08203125 0.2880859375 0.0703125 0.2890625 0.05989583290816327 0.294921875
9 0.33072916709183675 0.466796875 0.34895833290816325 0.4580078125 0.36588541709183675 0.4609375 0.37369791709183675 0.4560546875 0.375 0.4482421875 0.36848958290816325 0.4404296875 0.35546875 0.439453125 0.33854166709183675 0.4541015625 0.3255208329081633 0.458984375 0.33072916709183675 0.466796875