7 0.8745597270833334 0.384765625 0.8600719416666667 0.369140625 0.8231939458333334 0.3466796875 0.7797305895833334 0.3369140625 0.7547062354166666 0.3359375 0.7323160229166666 0.341796875 0.7217794520833334 0.3486328125 0.7086087375000001 0.369140625 0.7072916666666667 0.41015625 0.71519409375 0.4560546875 0.72441359375 0.486328125 0.7415355208333333 0.5166015625 0.7599745208333334 0.529296875 0.7797305895833334 0.5341796875 0.8021208041666666 0.533203125 0.8376817291666666 0.521484375 0.87324265625 0.4931640625 0.8903645833333333 0.4580078125 0.8890475124999999 0.4140625 0.8745597270833334 0.384765625
4 0.4534114583333333 0.140625 0.45208333333333334 0.166015625 0.4613802083333333 0.1884765625 0.47731770833333337 0.2041015625 0.49856770833333336 0.208984375 0.5251302083333333 0.19921875 0.5423958333333334 0.1826171875 0.5570052083333333 0.15234375 0.5583333333333333 0.1240234375 0.5410677083333333 0.1123046875 0.5012239583333333 0.1103515625 0.46934895833333334 0.1220703125 0.4534114583333333 0.140625
7 0.6565104166666667 0.1396484375 0.6949987458333333 0.2041015625 0.7056162145833333 0.2109375 0.7348142562500001 0.2060546875 0.7653394833333333 0.1845703125 0.7666666666666667 0.1787109375 0.7188880520833333 0.1015625 0.7095977666666666 0.095703125 0.6963259291666667 0.09765625 0.6658007020833333 0.11328125 0.6565104166666667 0.123046875 0.6565104166666667 0.1396484375
7 0.7979166666666667 0.2529296875 0.7951934520833334 0.232421875 0.7734077374999999 0.2060546875 0.7638764874999999 0.2080078125 0.7502604166666667 0.2265625 0.7502604166666667 0.2421875 0.7597916666666666 0.25 0.7788541666666667 0.255859375 0.7979166666666667 0.2529296875
4 0.71484375 0.7421875 0.69508605 0.7080078125 0.6805970708333333 0.7001953125 0.6661080916666666 0.7021484375 0.6489847520833333 0.7177734375 0.6239583333333333 0.763671875 0.6239583333333333 0.79296875 0.6384473125 0.818359375 0.6634737312500001 0.8349609375 0.6858657916666666 0.8408203125 0.71484375 0.841796875 0.7477732479166667 0.8349609375 0.7767512083333333 0.8212890625 0.8057291666666667 0.798828125 0.8057291666666667 0.787109375 0.79650890625 0.77734375 0.7530419687500001 0.7666015625 0.71484375 0.7421875
4 0.2515625 0.6982421875 0.2515625 0.71875 0.26472505625 0.7353515625 0.2949989375 0.7431640625 0.32790532916666665 0.740234375 0.3937181125 0.720703125 0.4332057833333333 0.6904296875 0.44505208333333335 0.6689453125 0.43978706041666665 0.6591796875 0.4239919916666667 0.6533203125 0.3963506229166667 0.6669921875 0.3292215854166667 0.6884765625 0.2515625 0.6982421875
4 0.19328042916666668 0.5810546875 0.16954765416666667 0.6005859375 0.16822916666666668 0.6181640625 0.1761400916666667 0.626953125 0.20910227916666668 0.6337890625 0.24601993125000002 0.634765625 0.31458128333333335 0.6123046875 0.3343585958333334 0.5986328125 0.33567708333333335 0.587890625 0.3251291833333333 0.580078125 0.29348548125 0.58203125 0.27634514375 0.5888671875 0.22096866874999999 0.5869140625 0.19328042916666668 0.5810546875
4 0.14609375 0.525390625 0.14609375 0.541015625 0.18965517291666664 0.576171875 0.20285560416666665 0.58203125 0.21605603541666665 0.5859375 0.27413793125 0.5888671875 0.2952586208333334 0.576171875 0.29921875 0.55859375 0.2886584041666667 0.541015625 0.25433728541666667 0.5400390625 0.1632543104166667 0.521484375 0.15137392291666665 0.521484375 0.14609375 0.525390625
4 0.13177083333333334 0.7548828125 0.13177083333333334 0.7763671875 0.13968253958333332 0.78125 0.20825066041666668 0.78515625 0.25967675208333335 0.7744140625 0.28341187083333336 0.7646484375 0.29791666666666666 0.7509765625 0.29264219583333334 0.744140625 0.27813740000000003 0.7392578125 0.20825066041666668 0.740234375 0.15286871666666665 0.732421875 0.13836392291666666 0.7431640625 0.13177083333333334 0.7548828125
4 0.16709012708333332 0.2197265625 0.15652853333333333 0.2333984375 0.15520833333333334 0.251953125 0.16576992708333332 0.2626953125 0.18293251875 0.265625 0.22649909375000002 0.2626953125 0.2555434791666667 0.2548828125 0.2819474645833333 0.2421875 0.30571105000000004 0.2236328125 0.30703125 0.2099609375 0.2977898541666667 0.2041015625 0.24234148541666667 0.216796875 0.18161231875 0.216796875 0.16709012708333332 0.2197265625
11 0.29453125 0.4921875 0.29850063125 0.5322265625 0.42552083333333335 0.583984375 0.420228325 0.5595703125 0.3818576395833333 0.4638671875 0.3805345125 0.44921875 0.36994949583333336 0.435546875 0.34745633333333337 0.3818359375 0.29850063125 0.455078125 0.3011468854166666 0.4765625 0.29453125 0.4921875
11 0.5987325166666667 0.3486328125 0.5829326916666666 0.337890625 0.5776660833333334 0.33984375 0.5671328666666666 0.3935546875 0.525 0.4794921875 0.5263166520833333 0.4873046875 0.5526496937500001 0.501953125 0.54474978125 0.578125 0.5473830854166667 0.603515625 0.5631829104166666 0.6005859375 0.6434986895833333 0.5673828125 0.71328125 0.453125 0.7106479458333333 0.4375 0.7001147291666666 0.427734375 0.5987325166666667 0.3486328125
11 0 0.509765625 0.06507382708333334 0.509765625 0.10077619375 0.48828125 0.13515625 0.4609375 0.13515625 0.4580078125 0.11267698124999999 0.4560546875 0.11399929166666666 0.4599609375 0.09680926458333333 0.4677734375 0.06507382708333334 0.470703125 0.04391686875 0.462890625 0.045239179166666664 0.451171875 0.025404531249999997 0.4462890625 0 0.4462890625 0 0.509765625
2 0.5604166666666667 0.619140625 0.56484375 0.6123046875 0.5589409729166667 0.6064453125 0.5515625 0.6064453125 0.5471354166666667 0.6142578125 0.5604166666666667 0.619140625
2 0.60109375 0.6767578125 0.6026041666666667 0.6650390625 0.59203125 0.6630859375 0.5875 0.666015625 0.5875 0.6728515625 0.60109375 0.6767578125
11 0.730542675 0.5810546875 0.7239650541666667 0.5810546875 0.6463491270833334 0.654296875 0.6253007395833333 0.74609375 0.6213541666666667 0.7861328125 0.6292473125 0.806640625 0.6450336020833334 0.82421875 0.6739751354166666 0.8388671875 0.7265961020833333 0.84375 0.8068430770833334 0.890625 0.8252604166666667 0.89453125 0.8068430770833334 0.7900390625 0.7897412625 0.7392578125 0.7515910625 0.5703125 0.7436979166666667 0.568359375 0.730542675 0.5810546875
3 0.7466921541666667 0.642578125 0.76015625 0.6259765625 0.75746343125 0.6181640625 0.7359208770833334 0.6103515625 0.7009142291666667 0.6162109375 0.696875 0.6220703125 0.7103390958333333 0.63671875 0.7318816479166668 0.64453125 0.7466921541666667 0.642578125
3 0.76015625 0.2744140625 0.7561141312499999 0.2568359375 0.7412930249999999 0.251953125 0.71838768125 0.2548828125 0.6981770833333333 0.265625 0.7076086958333333 0.28125 0.7224298 0.2890625 0.7426403979166667 0.2861328125 0.76015625 0.2744140625
3 0.8350165145833334 0.275390625 0.8079585875 0.2744140625 0.7971354166666667 0.2900390625 0.8066056916666666 0.3095703125 0.8404281 0.3134765625 0.8526041666666667 0.30859375 0.8485454770833333 0.2890625 0.8350165145833334 0.275390625
3 0.9580729166666667 0.375 0.9471354166666667 0.3671875 0.9143229166666667 0.3720703125 0.9143229166666667 0.3798828125 0.9293619791666666 0.39453125 0.9512369791666667 0.3896484375 0.9567057291666666 0.3837890625 0.9580729166666667 0.375
3 0.8643229166666667 0.5673828125 0.8615997020833334 0.5546875 0.8493452375 0.5439453125 0.8398139874999999 0.544921875 0.8234747020833333 0.560546875 0.8166666666666667 0.5703125 0.8207514875 0.58203125 0.8561532729166667 0.576171875 0.8643229166666667 0.5673828125
3 0.8395833333333333 0.634765625 0.8341224749999999 0.6279296875 0.8204703291666667 0.6240234375 0.8054529666666668 0.62109375 0.79453125 0.6240234375 0.79453125 0.6376953125 0.8068181812499999 0.6494140625 0.83002683125 0.6435546875 0.8395833333333333 0.634765625
3 0.9359375 0.6630859375 0.9359375 0.6572265625 0.9263524875000001 0.650390625 0.9044438854166666 0.6435546875 0.8962281583333334 0.6474609375 0.8934895833333333 0.654296875 0.9030745958333333 0.6728515625 0.9181367604166667 0.6728515625 0.9359375 0.6630859375
3 0.8922569437500001 0.4873046875 0.8908854166666667 0.4921875 0.9059722229166667 0.498046875 0.91694444375 0.498046875 0.93203125 0.4892578125 0.9196875 0.46875 0.8922569437500001 0.4873046875
3 0.91484375 0.453125 0.9009548604166666 0.453125 0.8884548604166667 0.4609375 0.8856770833333333 0.4736328125 0.8940104166666667 0.478515625 0.9051215270833333 0.4775390625 0.9190104166666667 0.46875 0.91484375 0.453125
2 0.8955729166666667 0.4951171875 0.8885416666666667 0.4931640625 0.8716666666666666 0.4970703125 0.8674479166666667 0.50390625 0.8758854166666666 0.5107421875 0.8857291666666666 0.5126953125 0.8941666666666667 0.5087890625 0.8955729166666667 0.4951171875
2 0.95859375 0.537109375 0.95859375 0.5498046875 0.9715625 0.55859375 0.9802083333333333 0.5537109375 0.9802083333333333 0.5419921875 0.9715625 0.5361328125 0.95859375 0.537109375
2 0.5927083333333333 0.443359375 0.5941200666666667 0.453125 0.61953125 0.44921875 0.6138843208333333 0.4423828125 0.5927083333333333 0.443359375
3 0.70078125 0.5498046875 0.7048660708333333 0.5791015625 0.7171205354166666 0.583984375 0.7416294645833333 0.5693359375 0.7484375 0.55078125 0.74026785625 0.544921875 0.70078125 0.5498046875
3 0.9905478395833334 0.716796875 0.96434220625 0.705078125 0.9546875 0.7060546875 0.9546875 0.73046875 0.9698591812499999 0.736328125 0.9836516208333334 0.734375 0.9919270833333333 0.724609375 0.9905478395833334 0.716796875
3 0.8545873395833333 0.7607421875 0.8518229166666667 0.7666015625 0.858733975 0.7802734375 0.8780849354166667 0.783203125 0.8877604166666667 0.77734375 0.8849959937499999 0.767578125 0.8545873395833333 0.7607421875
1 0.33697916666666666 0.3779296875 0.33697916666666666 0.37109375 0.32198223125 0.3603515625 0.3015318625 0.3603515625 0.290625 0.3681640625 0.290625 0.3798828125 0.30834865208333334 0.3876953125 0.3206188729166667 0.38671875 0.33697916666666666 0.3779296875
1 0.29010416666666666 0.2939453125 0.2819345229166667 0.2822265625 0.2655952375 0.2744140625 0.24925595208333334 0.279296875 0.24244791666666668 0.2861328125 0.24244791666666668 0.2978515625 0.26423363125 0.3056640625 0.28329613125 0.30078125 0.29010416666666666 0.2939453125
1 0.6263318458333333 0.2822265625 0.6399479166666667 0.275390625 0.6494791666666667 0.2509765625 0.6453943458333333 0.2470703125 0.6181622020833333 0.244140625 0.6086309520833333 0.2470703125 0.6018229166666667 0.255859375 0.60454613125 0.2763671875 0.6113541666666666 0.2822265625 0.6263318458333333 0.2822265625
10 0.1505237583333333 0.6474609375 0.16245318333333333 0.6396484375 0.16510416666666666 0.615234375 0.15847670833333333 0.609375 0.0948531125 0.611328125 0.06701778958333333 0.6220703125 0.04846090833333334 0.63671875 0.047135416666666666 0.6435546875 0.06039033333333333 0.6494140625 0.1505237583333333 0.6474609375
3 0.15729166666666666 0.5888671875 0.15461919375 0.578125 0.13992059375 0.5703125 0.09582479583333334 0.5732421875 0.07578125 0.58203125 0.07711748541666667 0.59375 0.11586833958333333 0.5986328125 0.14927424791666669 0.595703125 0.15729166666666666 0.5888671875
4 0.24054924166666666 0.5048828125 0.2083901520833333 0.5048828125 0.16953125 0.5166015625 0.17221117500000002 0.52734375 0.19633049166666666 0.5283203125 0.24054924166666666 0.5166015625 0.24322916666666666 0.5078125 0.24054924166666666 0.5048828125
5 0.0765625 0.4247138671875 0.0765625 0.4178779296875 0.04698129166666667 0.4100654296875 0.024123087499999998 0.38858105468750004 0.012021683333333333 0.39151074218750004 0.010677083333333334 0.4002998046875 0.04025829166666666 0.4256904296875 0.06715029791666667 0.4305732421875 0.0765625 0.4247138671875
5 0.02097265625 0.4228515625 0.02097265625 0.4345703125 0.031743933333333335 0.4453125 0.049247258333333335 0.44921875 0.08425390625000001 0.4462890625 0.08156108749999999 0.4384765625 0.02097265625 0.4228515625
5 0.20286458333333332 0.3974609375 0.20286458333333332 0.3896484375 0.18537326458333334 0.3759765625 0.15442708333333333 0.3623046875 0.13962673541666665 0.3603515625 0.13828125 0.369140625 0.15442708333333333 0.3837890625 0.18806423541666667 0.3994140625 0.20286458333333332 0.3974609375
10 0 0.6054429828125001 0.0384375 0.6044921875 0.05949305625 0.5634765625 0.08054861041666667 0.5419921875 0.1095 0.5244140625 0.12265972291666666 0.517578125 0.18714236041666668 0.5048828125 0.19635416666666666 0.5 0.17266666666666666 0.48828125 0.11344791666666666 0.48828125 0.07923263958333333 0.5009765625 0.06870486041666667 0.5087890625 0.06475694375 0.525390625 0.056861110416666666 0.5341796875 0.02132986041666667 0.5419921875 0.010802083333333332 0.5595703125 0 0.55066358125 0 0.6054429828125001
0 0.13960424166666666 0.41796875 0.10930656875000001 0.3974609375 0.10667198958333332 0.37890625 0.12116218124999999 0.3603515625 0.14487340416666666 0.345703125 0.14092153333333332 0.3359375 0.1185276 0.3310546875 0.10272011874999999 0.3134765625 0.0869126375 0.3154296875 0.08164347708333333 0.3203125 0.09876824791666668 0.3447265625 0.09876824791666668 0.353515625 0.08032618541666667 0.3720703125 0.06715328541666667 0.3740234375 0.038172902083333335 0.3623046875 0.025 0.3681640625 0.02763458125 0.3798828125 0.08427805625000001 0.404296875 0.10272011874999999 0.4189453125 0.11589302083333333 0.4345703125 0.1185276 0.453125 0.13828695208333333 0.455078125 0.15014256458333333 0.4384765625 0.19756500833333332 0.4306640625 0.20546875 0.4248046875 0.20019958958333334 0.4169921875 0.18966126875 0.4140625 0.13960424166666666 0.41796875
0 0.20537615833333334 0.32421875 0.19458912083333332 0.318359375 0.18245370416666665 0.2998046875 0.16087962916666668 0.3037109375 0.16627314791666667 0.314453125 0.15818287083333335 0.326171875 0.14739583333333334 0.3310546875 0.15009259166666666 0.3427734375 0.16627314791666667 0.3515625 0.1716666666666667 0.3681640625 0.1959375 0.37890625 0.19998263958333334 0.365234375 0.19054398125 0.3466796875 0.19458912083333332 0.3388671875 0.20807291666666666 0.3349609375 0.20537615833333334 0.32421875
5 0.16744791666666667 0.279296875 0.16208235 0.2705078125 0.13391312916666667 0.263671875 0.11513364791666666 0.263671875 0.10037834166666666 0.2685546875 0.09635416666666667 0.2763671875 0.103061125 0.2802734375 0.15135121875 0.283203125 0.16744791666666667 0.279296875
1 0.5944852937499999 0.1708984375 0.5699448520833333 0.1669921875 0.5549479166666667 0.1787109375 0.5590379895833333 0.201171875 0.5740349270833334 0.205078125 0.5876685041666666 0.2001953125 0.6013020833333333 0.177734375 0.5944852937499999 0.1708984375
5 0.06555555625000001 0.7021484375 0.07758680625 0.7021484375 0.08560763958333334 0.697265625 0.08828125 0.68359375 0.08293402708333333 0.677734375 0.03480902708333333 0.669921875 0.008072916666666667 0.673828125 0.008072916666666667 0.68359375 0.02545138958333333 0.69140625 0.06555555625000001 0.7021484375
5 0.08946314166666666 0.787109375 0.09348958333333333 0.7734375 0.05859375 0.751953125 0.04248798125 0.7451171875 0.023697916666666666 0.7490234375 0.023697916666666666 0.755859375 0.06127804583333333 0.7900390625 0.08006810833333335 0.79296875 0.08946314166666666 0.787109375
4 0.14944444375000002 0.8056640625 0.15078125 0.7880859375 0.14142361041666665 0.78515625 0.10800347291666666 0.80078125 0.07324652708333333 0.7998046875 0.07057291666666667 0.8076171875 0.08260416666666666 0.814453125 0.13741319375 0.8115234375 0.14944444375000002 0.8056640625
3 0.9032948375000001 0.900390625 0.9059895833333333 0.8798828125 0.8952105979166666 0.8681640625 0.8723052541666667 0.8603515625 0.8453577895833334 0.8623046875 0.8440104166666667 0.8798828125 0.8628736416666667 0.89453125 0.8830842395833333 0.9033203125 0.9032948375000001 0.900390625
4 0.9623553250000001 0.501953125 0.9997395833333333 0.5048828125 0.9997395833333333 0.408203125 0.97437169375 0.39453125 0.9516741062499999 0.3896484375 0.9249710645833333 0.40234375 0.915625 0.4189453125 0.915625 0.451171875 0.9329819770833333 0.484375 0.9623553250000001 0.501953125
3 0.8089285708333332 0.333984375 0.8075520833333333 0.337890625 0.8171875 0.341796875 0.84609375 0.3408203125 0.84609375 0.3193359375 0.8281994041666666 0.3134765625 0.8089285708333332 0.333984375
1 0.8799479166666667 0.1962890625 0.8772511583333333 0.1787109375 0.8597222229166667 0.16796875 0.8381481479166666 0.1708984375 0.8192708333333333 0.1865234375 0.8192708333333333 0.19921875 0.8421932875 0.208984375 0.8597222229166667 0.2080078125 0.8799479166666667 0.1962890625
2 0.0453125 0.73828125 0.042410714583333335 0.7275390625 0.03225446458333334 0.7265625 0.025 0.73046875 0.027901785416666665 0.740234375 0.0453125 0.73828125
1 0.87802855 0.072265625 0.8642361104166666 0.0732421875 0.8518229166666667 0.08203125 0.8545814041666666 0.1015625 0.8738908187500001 0.1123046875 0.8890625 0.099609375 0.8890625 0.076171875 0.87802855 0.072265625
2 0.9294270833333333 0.06640625 0.923821925 0.0625 0.9014012895833333 0.06640625 0.9 0.0732421875 0.9070064479166666 0.078125 0.9224206354166667 0.078125 0.9294270833333333 0.07421875 0.9294270833333333 0.06640625
2 0.9132986104166666 0.3134765625 0.9104166666666667 0.3232421875 0.92914930625 0.3251953125 0.93203125 0.31640625 0.9132986104166666 0.3134765625
9 0.4903645833333333 0.208984375 0.4834201395833333 0.21875 0.46119791666666665 0.23046875 0.46119791666666665 0.2451171875 0.4681423604166667 0.25 0.4778645833333333 0.248046875 0.49453125 0.2109375 0.4903645833333333 0.208984375
9 0.3158490791666667 0.2060546875 0.3158490791666667 0.205078125 0.32665334375000005 0.19921875 0.32935440833333335 0.1962890625 0.33880813958333333 0.1962890625 0.3401586729166667 0.197265625 0.3482618708333333 0.197265625 0.34961240208333333 0.1962890625 0.35231346875 0.1962890625 0.35771559999999997 0.1923828125 0.36041666666666666 0.1884765625 0.36041666666666666 0.1826171875 0.35771559999999997 0.1787109375 0.34961240208333333 0.173828125 0.33745760625 0.173828125 0.328003875 0.1787109375 0.32665334375000005 0.1806640625 0.32665334375000005 0.1884765625 0.3253028104166667 0.1904296875 0.3090964145833333 0.1982421875 0.30639534791666667 0.201171875 0.30234375 0.203125 0.30234375 0.2060546875 0.30639534791666667 0.208984375 0.3090964145833333 0.208984375 0.3090964145833333 0.2099609375 0.31179748125 0.20703125 0.3158490791666667 0.2060546875
9 0.9208333333333333 0.060546875 0.92757523125 0.068359375 0.9491493062499999 0.0537109375 0.9680266208333334 0.0517578125 0.9815104166666667 0.0419921875 0.9788136583333333 0.0283203125 0.9666782416666667 0.021484375 0.9558912041666667 0.0205078125 0.93836226875 0.029296875 0.9370138895833333 0.0439453125 0.9208333333333333 0.060546875
9 0.6752878291666666 0.3349609375 0.6861430916666666 0.33203125 0.6942845395833334 0.3232421875 0.6956414479166667 0.306640625 0.71328125 0.2861328125 0.7024259875 0.28125 0.6875 0.296875 0.67121710625 0.302734375 0.66171875 0.310546875 0.6630756583333334 0.330078125 0.6752878291666666 0.3349609375
9 0.15133333333333335 0.546875 0.14163541666666665 0.546875 0.13055208333333332 0.55859375 0.12916666666666668 0.5673828125 0.14440624999999999 0.5693359375 0.15548958333333335 0.568359375 0.16380208333333332 0.560546875 0.15133333333333335 0.546875
9 0.10086805624999999 0.5712890625 0.11990740833333334 0.5693359375 0.12534722291666667 0.5595703125 0.14166666666666666 0.546875 0.14166666666666666 0.5419921875 0.13486689791666664 0.541015625 0.12262731458333334 0.5498046875 0.1035879625 0.548828125 0.09542824166666668 0.5537109375 0.09270833333333334 0.5634765625 0.10086805624999999 0.5712890625
9 0.18723958333333332 0.58203125 0.18723958333333332 0.576171875 0.17749094166666665 0.568359375 0.1677423 0.5673828125 0.1566009958333333 0.5732421875 0.15520833333333334 0.5810546875 0.1621716479166667 0.58984375 0.17470561666666665 0.5908203125 0.18723958333333332 0.58203125
0 0.33152970624999994 0.6923828125 0.321875 0.69921875 0.32325424375 0.7021484375 0.33290895000000004 0.7099609375 0.34394290208333334 0.7109375 0.35911458333333335 0.69140625 0.33152970624999994 0.6923828125
0 0.1640625 0.6083984375 0.17291666666666666 0.59375 0.16111111041666665 0.5908203125 0.15668402708333332 0.5947265625 0.15520833333333334 0.603515625 0.1640625 0.6083984375
0 0.3072591145833333 0.5466552734375 0.3048502604166667 0.5466552734375 0.3048502604166667 0.5469189453125 0.3072591145833333 0.5469189453125 0.3072591145833333 0.5466552734375
0 0.2920176625 0.53515625 0.290625 0.5419921875 0.2961956520833333 0.546875 0.30455163125 0.55078125 0.32265625 0.5517578125 0.31847826041666666 0.5439453125 0.2920176625 0.53515625
0 0.275 0.4775390625 0.27653356458333334 0.4833984375 0.28880208333333335 0.482421875 0.28573495416666667 0.474609375 0.275 0.4775390625
9 0.71328125 0.5888671875 0.7078125 0.58203125 0.6955078125 0.5888671875 0.6859375 0.583984375 0.6708984375 0.587890625 0.66953125 0.5986328125 0.6845703125 0.6103515625 0.6982421875 0.6064453125 0.71328125 0.5888671875
9 0.8326388895833333 0.6708984375 0.82588045625 0.67578125 0.8231770833333333 0.6884765625 0.8312872020833333 0.6962890625 0.8407490083333333 0.69921875 0.8556175604166667 0.6962890625 0.8623759916666667 0.689453125 0.85967261875 0.6748046875 0.8799479166666667 0.6552734375 0.8799479166666667 0.650390625 0.8731894833333332 0.646484375 0.8664310520833334 0.6484375 0.8448040666666666 0.6689453125 0.8326388895833333 0.6708984375
9 0.9189670145833334 0.5146484375 0.9162760416666667 0.5126953125 0.9122395833333333 0.5126953125 0.9055121520833332 0.5087890625 0.8987847229166667 0.5087890625 0.8812934020833333 0.5146484375 0.87860243125 0.5263671875 0.8557291666666667 0.5458984375 0.8584201395833334 0.552734375 0.86514756875 0.5556640625 0.871875 0.548828125 0.89071180625 0.53515625 0.9014756937499999 0.53515625 0.9095486104166667 0.533203125 0.9176215270833333 0.529296875 0.9203125 0.525390625 0.9203125 0.5166015625 0.9189670145833334 0.5146484375
9 0.06436011875 0.3115234375 0.08614583333333334 0.3125 0.09295386875 0.306640625 0.09295386875 0.29296875 0.10520833333333333 0.2822265625 0.09976190416666667 0.275390625 0.0820610125 0.2880859375 0.06980654791666667 0.2890625 0.05891368958333333 0.294921875 0.05755208333333333 0.3046875 0.06436011875 0.3115234375
9 0.36654331041666666 0.4609375 0.3746847583333333 0.4560546875 0.37604166666666666 0.4482421875 0.36925712708333336 0.4404296875 0.3556880479166667 0.439453125 0.3380482458333333 0.4541015625 0.32447916666666665 0.458984375 0.32990679791666666 0.466796875 0.34890350833333333 0.4580078125 0.36654331041666666 0.4609375