6 0.25457940208333335 0.021484375 0.22946639166666666 0.0234375 0.22682291666666668 0.0341796875 0.23607507916666667 0.056640625 0.26118808958333334 0.0986328125 0.2717619895833333 0.1044921875 0.28233588750000005 0.10546875 0.310092375 0.09765625 0.3484227604166667 0.08203125 0.36296187083333337 0.068359375 0.36692708333333335 0.056640625 0.33917059791666665 0.0380859375 0.2929097875 0.025390625 0.25457940208333335 0.021484375
6 0.99453125 0.255859375 0.9904725604166666 0.23828125 0.9715320125000001 0.23046875 0.9525914624999999 0.2353515625 0.9390625 0.2490234375 0.9390625 0.265625 0.9525914624999999 0.275390625 0.9782964937499999 0.2724609375 0.99453125 0.255859375
1 0.46197916666666666 0.1220703125 0.45386178958333334 0.103515625 0.43897992916666667 0.09765625 0.42409806875 0.099609375 0.40651041666666665 0.111328125 0.40921620833333333 0.1240234375 0.43221544791666666 0.1357421875 0.45386178958333334 0.1298828125 0.46197916666666666 0.1220703125
1 0.38515625 0.244140625 0.38245045833333335 0.234375 0.35945121875 0.2236328125 0.34592225625 0.2255859375 0.3296875 0.2373046875 0.33239329166666665 0.2509765625 0.35809832291666666 0.259765625 0.3797446645833333 0.251953125 0.38515625 0.244140625
1 0.23541666666666666 0.3203125 0.23271990833333334 0.310546875 0.21249421249999997 0.2978515625 0.19092013958333334 0.298828125 0.1760879625 0.3095703125 0.17473958333333334 0.3232421875 0.1990104166666667 0.3330078125 0.21519097291666667 0.33203125 0.23541666666666666 0.3203125
1 0.6634687499999999 0.3115234375 0.6454583333333334 0.310546875 0.634375 0.318359375 0.634375 0.330078125 0.6454583333333334 0.341796875 0.6662395833333333 0.333984375 0.6690104166666667 0.31640625 0.6634687499999999 0.3115234375
1 0.5479166666666667 0.2236328125 0.5451934520833334 0.2109375 0.53157738125 0.2041015625 0.5152380958333334 0.205078125 0.5002604166666667 0.212890625 0.5002604166666667 0.2255859375 0.5179613104166667 0.2353515625 0.53157738125 0.2353515625 0.5479166666666667 0.2236328125
1 0.6845684520833333 0.2431640625 0.6995461312500001 0.2421875 0.7145238104166667 0.234375 0.7158854166666667 0.22265625 0.7049925604166667 0.212890625 0.6913764874999999 0.2119140625 0.6736755958333334 0.220703125 0.6682291666666667 0.224609375 0.6695907729166667 0.234375 0.6845684520833333 0.2431640625
1 0.9638565895833333 0.4072265625 0.98276405 0.3955078125 0.9841145833333333 0.38671875 0.9706092541666667 0.37890625 0.9517017916666667 0.376953125 0.9395469958333333 0.380859375 0.9287427333333333 0.392578125 0.9260416666666667 0.3974609375 0.9314437979166666 0.4052734375 0.9638565895833333 0.4072265625
1 0.65460069375 0.4052734375 0.6559895833333333 0.39453125 0.6462673604166667 0.388671875 0.6323784729166667 0.388671875 0.62265625 0.39453125 0.62265625 0.41015625 0.6296006937499999 0.4189453125 0.6365451395833334 0.41796875 0.65460069375 0.4052734375
1 0.5374399041666666 0.4091796875 0.5484975958333334 0.4072265625 0.5567908645833334 0.3994140625 0.5609375 0.3837890625 0.55126201875 0.37890625 0.5360576916666666 0.37890625 0.5263822125000001 0.38671875 0.525 0.39453125 0.5319110583333333 0.4052734375 0.5374399041666666 0.4091796875
3 0.27578125 0.23046875 0.26910006875000003 0.2197265625 0.23435792291666668 0.2138671875 0.22233179583333335 0.212890625 0.19427083333333334 0.2197265625 0.19694330625 0.232421875 0.22099556041666668 0.2431640625 0.2584101770833333 0.2412109375 0.27578125 0.23046875
7 0.21979166666666666 0.52734375 0.21435810833333332 0.5146484375 0.20620777083333333 0.5087890625 0.18719031458333332 0.5078125 0.18175675625 0.51171875 0.16953125 0.5478515625 0.18990709375 0.5546875 0.21435810833333332 0.54296875 0.21979166666666666 0.52734375
4 0.59174558125 0.28125 0.6024147729166667 0.279296875 0.6104166666666667 0.271484375 0.60774936875 0.2578125 0.52506313125 0.2529296875 0.5223958333333333 0.2578125 0.5277304291666667 0.2685546875 0.5477351645833333 0.28125 0.59174558125 0.28125
11 0.43385416666666665 0.6923828125 0.4444074458333333 0.712890625 0.46287568333333334 0.724609375 0.4866205604166666 0.7275390625 0.51300375625 0.720703125 0.5433444333333333 0.7041015625 0.5829192291666666 0.66796875 0.5947916666666667 0.6435546875 0.46155652291666666 0.6220703125 0.44176912500000004 0.6298828125 0.43385416666666665 0.66015625 0.43385416666666665 0.6923828125
4 0.022415122916666665 0.5625 0.02109375 0.5673828125 0.027700616666666667 0.572265625 0.062056327083333335 0.583984375 0.10169753125 0.583984375 0.12283950625000001 0.578125 0.14794560208333335 0.5615234375 0.15851658958333334 0.5458984375 0.16380208333333332 0.529296875 0.16380208333333332 0.51171875 0.15851658958333334 0.501953125 0.14530285416666666 0.5 0.022415122916666665 0.5625
7 0.08006318333333334 0.453125 0.11079661875 0.4697265625 0.14286629166666664 0.4716796875 0.146875 0.4560546875 0.14153005416666667 0.4306640625 0.11747780000000001 0.3828125 0.11079661875 0.3798828125 0.09208931041666667 0.3857421875 0.06937329166666667 0.40625 0.06536458333333334 0.4228515625 0.08006318333333334 0.453125
7 0.014583333333333334 0.248046875 0.022517191666666665 0.2607421875 0.08069882708333333 0.2939453125 0.09788885416666666 0.2998046875 0.12301274375 0.2939453125 0.13094660208333334 0.283203125 0.15078125 0.17578125 0.14284739166666668 0.150390625 0.12433505208333333 0.142578125 0.100533475 0.146484375 0.01590564375 0.240234375 0.014583333333333334 0.248046875
11 0.4359375 0.439453125 0.4333161166666667 0.3935546875 0.41758781041666665 0.318359375 0.27996513333333334 0.2666015625 0.25899406041666667 0.263671875 0.2458871375 0.2685546875 0.14889591875 0.3212890625 0.11875 0.341796875 0.12399276875 0.3876953125 0.14496384375 0.4423828125 0.14627453541666666 0.470703125 0.17117768541666667 0.48046875 0.29176136458333335 0.5126953125 0.3114217458333333 0.513671875 0.32583936041666667 0.505859375 0.3625387395833333 0.501953125 0.37433496875 0.4970703125 0.3887525833333333 0.4697265625 0.42283057916666666 0.451171875 0.4359375 0.439453125
11 0.3583745875 0.583984375 0.3755698229166667 0.5859375 0.44964160416666665 0.5849609375 0.47874123333333335 0.5556640625 0.48932291666666666 0.4970703125 0.4364145 0.4443359375 0.4284782375 0.44921875 0.3967331895833333 0.5048828125 0.39276505833333336 0.5205078125 0.38218337500000005 0.5302734375 0.35572916666666665 0.576171875 0.3583745875 0.583984375
11 0.81484375 0.4140625 0.78984375 0.3984375 0.7687911187500001 0.392578125 0.7411595395833334 0.3720703125 0.7043174333333333 0.3671875 0.6174753291666666 0.4326171875 0.61484375 0.4423828125 0.6240542770833333 0.462890625 0.6490542770833333 0.4794921875 0.6543174333333333 0.509765625 0.6661595395833333 0.5283203125 0.6872121708333334 0.5283203125 0.72800164375 0.51953125 0.7885279604166667 0.5126953125 0.7924753291666666 0.498046875 0.8030016437499999 0.4873046875 0.8043174333333333 0.4560546875 0.81484375 0.4140625
4 0.80222039375 0.322265625 0.7743009875 0.3310546875 0.7450520833333333 0.3349609375 0.78360745625 0.3466796875 0.8115268645833333 0.34375 0.8274808104166667 0.3349609375 0.8407757666666666 0.3212890625 0.84609375 0.306640625 0.8421052625000001 0.271484375 0.8261513166666667 0.3046875 0.80222039375 0.322265625
7 0 0.389586821875 0.04848775625 0.38671875 0.06722861875 0.380859375 0.07526041666666666 0.373046875 0.07526041666666666 0.3544921875 0.05919682083333333 0.3154296875 0.02573099375 0.275390625 0.0029742333333333333 0.26171875 0 0.26171875 0 0.389586821875
0 0.65015625 0.2216796875 0.65859375 0.2138671875 0.65859375 0.20703125 0.63046875 0.205078125 0.6318750000000001 0.2197265625 0.65015625 0.2216796875
0 0.5088541666666667 0.17578125 0.5034646729166666 0.1630859375 0.4819067020833333 0.1689453125 0.45226449375000005 0.1591796875 0.446875 0.1630859375 0.446875 0.173828125 0.4576539854166667 0.181640625 0.49807518125 0.185546875 0.5088541666666667 0.17578125
3 0.70859375 0.271484375 0.70997299375 0.2822265625 0.7347993833333334 0.2861328125 0.7458333333333333 0.2705078125 0.7416956020833333 0.263671875 0.7279031645833334 0.2626953125 0.70859375 0.271484375
0 0.7327690979166667 0.3154296875 0.7220052083333334 0.3134765625 0.6722222229166667 0.3154296875 0.66953125 0.3359375 0.67625868125 0.3427734375 0.7166232645833334 0.3427734375 0.7341145833333333 0.322265625 0.7327690979166667 0.3154296875
0 0.7282440479166666 0.3994140625 0.7255208333333333 0.4140625 0.7309672625 0.419921875 0.7554761895833334 0.423828125 0.7731770833333333 0.4140625 0.7690922625 0.408203125 0.7282440479166666 0.3994140625
0 0.708648575 0.3662109375 0.7072916666666667 0.373046875 0.7181469291666667 0.3955078125 0.75478344375 0.40234375 0.7588541666666667 0.3818359375 0.7330729166666666 0.369140625 0.708648575 0.3662109375
0 0.7727926583333333 0.392578125 0.7671875 0.392578125 0.7671875 0.4052734375 0.7826016875 0.41796875 0.7882068458333333 0.41796875 0.7966145833333333 0.4033203125 0.7727926583333333 0.392578125
3 0.36822916666666666 0.5283203125 0.36822916666666666 0.5205078125 0.34508184583333334 0.5078125 0.33555059583333335 0.509765625 0.32057291666666665 0.5234375 0.32057291666666665 0.53515625 0.3314657729166666 0.5380859375 0.35188988125 0.537109375 0.36822916666666666 0.5283203125
3 0.32121048750000003 0.126953125 0.3265625 0.1162109375 0.32121048750000003 0.1083984375 0.26769037291666664 0.107421875 0.25431034583333334 0.1103515625 0.24895833333333334 0.1142578125 0.24895833333333334 0.123046875 0.2636763645833333 0.130859375 0.32121048750000003 0.126953125
6 0.12931134166666666 0.1015625 0.10755208333333334 0.099609375 0.0953125 0.1064453125 0.10619212916666668 0.1376953125 0.12115162083333333 0.1376953125 0.14291087916666667 0.125 0.14427083333333332 0.1123046875 0.12931134166666666 0.1015625
8 0.5575520833333333 0.46484375 0.5841806041666667 0.51953125 0.5948320125 0.5224609375 0.6281176645833334 0.51953125 0.6507519062499999 0.505859375 0.6520833333333333 0.4853515625 0.6347747937499999 0.46875 0.6121405520833334 0.4599609375 0.5628777875 0.4521484375 0.5575520833333333 0.4560546875 0.5575520833333333 0.46484375
8 0.5217447916666667 0.5419921875 0.56845703125 0.5322265625 0.58046875 0.5224609375 0.5751302083333333 0.509765625 0.5564453125 0.4990234375 0.52841796875 0.5 0.49638671875 0.5087890625 0.49505208333333334 0.533203125 0.5030598958333333 0.5419921875 0.5217447916666667 0.5419921875
0 0.8669270833333333 0.6279296875 0.8669270833333333 0.609375 0.8259706437500001 0.6201171875 0.821875 0.623046875 0.8259706437500001 0.62890625 0.8396227895833334 0.63671875 0.84917929375 0.63671875 0.8669270833333333 0.6279296875
7 0.7863425916666666 0.501953125 0.80565200625 0.486328125 0.80703125 0.46875 0.8001350312500001 0.4609375 0.7904803250000001 0.458984375 0.7780671291666666 0.4619140625 0.7711709104166666 0.4697265625 0.7697916666666667 0.4931640625 0.7753086416666667 0.5 0.7863425916666666 0.501953125
0 0.27838541666666666 0.28125 0.26890624999999996 0.27734375 0.22963541666666665 0.283203125 0.22421875 0.287109375 0.22963541666666665 0.294921875 0.27296875000000004 0.2890625 0.27838541666666666 0.28515625 0.27838541666666666 0.28125
0 0.35304840625 0.3369140625 0.36302083333333335 0.3349609375 0.35589767083333335 0.3232421875 0.33880208333333334 0.322265625 0.3416513479166667 0.3330078125 0.35304840625 0.3369140625
4 0.5148631833333334 0.333984375 0.5468594520833334 0.3486328125 0.5615244083333334 0.3486328125 0.5841884333333333 0.3388671875 0.5921875 0.3310546875 0.5921875 0.3173828125 0.57752254375 0.30859375 0.51086365 0.30078125 0.5028645833333333 0.3056640625 0.5028645833333333 0.3193359375 0.5148631833333334 0.333984375
11 0.24583333333333332 0.7529296875 0.22597991874999998 0.693359375 0.142595575 0.716796875 0.11744791666666667 0.7373046875 0.12009503958333334 0.740234375 0.22730347916666668 0.779296875 0.23259772291666667 0.77734375 0.24583333333333332 0.7529296875
6 0.42109375 0.4951171875 0.40984375 0.5 0.4 0.515625 0.4 0.525390625 0.4140625 0.5302734375 0.42531250000000004 0.51953125 0.428125 0.5087890625 0.42109375 0.4951171875
4 0.22161458333333334 0.609375 0.22294089166666667 0.6162109375 0.25609859583333333 0.6171875 0.32639292708333334 0.578125 0.33567708333333335 0.5546875 0.3091509208333333 0.5625 0.22161458333333334 0.609375
3 0.28880208333333335 0.517578125 0.2778107041666667 0.513671875 0.25170617916666665 0.5263671875 0.24895833333333334 0.5361328125 0.2530801 0.5400390625 0.27231501458333335 0.5390625 0.28605423750000003 0.5322265625 0.28880208333333335 0.517578125
4 0.22601295833333335 0.3330078125 0.20755413333333333 0.3427734375 0.18645833333333334 0.3681640625 0.18645833333333334 0.3955078125 0.20755413333333333 0.4169921875 0.24842724791666668 0.4326171875 0.29193733541666667 0.435546875 0.3314919625 0.4248046875 0.3446768375 0.4052734375 0.3446768375 0.3779296875 0.35390625 0.361328125 0.34599532499999996 0.34765625 0.32094406249999996 0.330078125 0.2787524604166667 0.3251953125 0.22601295833333335 0.3330078125
4 0.714867975 0.6357421875 0.6909944291666666 0.634765625 0.6684471895833333 0.6435546875 0.6591630333333334 0.658203125 0.6565104166666667 0.6826171875 0.66181565 0.697265625 0.6724261145833333 0.716796875 0.6843628875000001 0.724609375 0.7042575104166667 0.7294921875 0.7334362895833333 0.7275390625 0.7612887604166667 0.712890625 0.7705729166666667 0.69921875 0.7692466083333334 0.677734375 0.7573098354166666 0.66015625 0.7360889041666667 0.6435546875 0.714867975 0.6357421875
4 0.1527957375 0.6943359375 0.20848898541666666 0.6826171875 0.2522479645833334 0.6533203125 0.25755208333333335 0.64453125 0.2549000229166667 0.6240234375 0.24031369791666668 0.619140625 0.20318486666666666 0.6220703125 0.17533824166666667 0.63671875 0.1421875 0.6669921875 0.1421875 0.6875 0.1527957375 0.6943359375
4 0.68203125 0.60546875 0.6752393020833334 0.591796875 0.6602970166666666 0.5810546875 0.6494298979166667 0.5771484375 0.6344876125 0.5830078125 0.6317708333333333 0.587890625 0.64671311875 0.6015625 0.6562218458333333 0.60546875 0.68203125 0.60546875
4 0.6337425604166668 0.58984375 0.62686011875 0.58984375 0.6213541666666667 0.5966796875 0.6241071437500001 0.6123046875 0.6447544645833333 0.6171875 0.6598958333333333 0.6123046875 0.6585193458333334 0.6064453125 0.6337425604166668 0.58984375
2 0.40130208333333334 0.68359375 0.40130208333333334 0.69140625 0.41510416666666666 0.6904296875 0.41357060208333335 0.68359375 0.40130208333333334 0.68359375
4 0.7846165916666668 0.7900390625 0.7912525104166667 0.7919921875 0.8669019833333333 0.7373046875 0.8682291666666667 0.7314453125 0.8642476145833334 0.7265625 0.8483214104166666 0.7265625 0.7633816520833334 0.7509765625 0.7580729166666667 0.7548828125 0.7607272833333333 0.763671875 0.7846165916666668 0.7900390625
4 0.9177083333333333 0.71875 0.90842803125 0.69140625 0.8951704541666667 0.6767578125 0.8328598479166666 0.6953125 0.802367425 0.712890625 0.8010416666666667 0.720703125 0.8076704541666667 0.73046875 0.8951704541666667 0.7236328125 0.9177083333333333 0.71875
8 0.6598958333333333 0.7470703125 0.6478020833333333 0.7294921875 0.5927083333333333 0.74609375 0.5927083333333333 0.765625 0.5994270833333334 0.7802734375 0.6061458333333333 0.7841796875 0.6276458333333333 0.7763671875 0.6598958333333333 0.7470703125
4 0 0.510590434375 0.025771604166666667 0.5068359375 0.04990355 0.4951171875 0.06196952083333333 0.484375 0.07135416666666666 0.4658203125 0.06867283958333334 0.43359375 0.057947531249999996 0.41796875 0.04185956875 0.4111328125 0.02040895 0.4267578125 0 0.442553184375 0 0.510590434375
4 0.4197591145833333 0.16796875 0.3717122395833333 0.177734375 0.35836588541666664 0.2001953125 0.35703125 0.212890625 0.36103515625 0.21484375 0.4397786458333333 0.181640625 0.44244791666666666 0.1767578125 0.4197591145833333 0.16796875
4 0.49192708333333335 0.267578125 0.48388731041666666 0.26171875 0.47316761458333334 0.2607421875 0.4436884479166666 0.2744140625 0.41822916666666665 0.3125 0.4209090916666666 0.3212890625 0.430288825 0.3203125 0.49192708333333335 0.2734375 0.49192708333333335 0.267578125
4 0.9526785708333333 0.619140625 0.9822597791666666 0.62109375 0.9997395833333333 0.6142578125 0.9997395833333333 0.57421875 0.98763818125 0.56640625 0.970158375 0.5634765625 0.9607461729166666 0.56640625 0.9446109687500001 0.57421875 0.9365433666666667 0.5849609375 0.9338541666666667 0.6005859375 0.9526785708333333 0.619140625
11 0.5243489583333333 0.298828125 0.5322395833333333 0.2958984375 0.6584895833333333 0.29296875 0.6690104166666667 0.2890625 0.6295572916666666 0.2646484375 0.6111458333333334 0.2578125 0.529609375 0.251953125 0.5125130208333333 0.2578125 0.45859375 0.2978515625 0.45859375 0.30078125 0.5243489583333333 0.298828125
4 0.41046006875 0.4248046875 0.42526041666666664 0.421875 0.43333333333333335 0.400390625 0.429296875 0.3857421875 0.3916232645833333 0.359375 0.380859375 0.3544921875 0.37144097291666667 0.3564453125 0.36875 0.375 0.37547743125 0.39453125 0.41046006875 0.4248046875
7 0.6520833333333333 0.630859375 0.6466224749999999 0.619140625 0.6261442541666666 0.61328125 0.6124921083333333 0.615234375 0.60703125 0.6201171875 0.6111268937500001 0.6376953125 0.6261442541666666 0.64453125 0.6438920458333333 0.640625 0.6520833333333333 0.630859375
3 0.37320601875000003 0.611328125 0.3582465270833334 0.6103515625 0.3296875 0.6181640625 0.3296875 0.630859375 0.35280671249999995 0.630859375 0.36776620416666667 0.6259765625 0.37864583333333335 0.615234375 0.37320601875000003 0.611328125
7 0.9365433666666667 0.3310546875 0.9338541666666667 0.3515625 0.9809151791666667 0.3701171875 0.9997395833333333 0.3212890625 0.9997395833333333 0.26953125 0.9540231708333333 0.279296875 0.9365433666666667 0.3310546875
9 0.3314903854166667 0.2099609375 0.34088541666666666 0.1982421875 0.33283253125 0.181640625 0.32477964791666664 0.1787109375 0.30867387916666666 0.1806640625 0.29256810833333335 0.2041015625 0.27109375 0.216796875 0.27780448750000003 0.2265625 0.31001602500000003 0.2099609375 0.3314903854166667 0.2099609375
9 0.5015625 0.16015625 0.5096656979166666 0.1669921875 0.52587209375 0.1552734375 0.5447795541666667 0.158203125 0.5582848833333334 0.1494140625 0.5596354166666667 0.140625 0.5515322187499999 0.12890625 0.5339752916666666 0.126953125 0.5245215604166666 0.1328125 0.5204699604166667 0.146484375 0.5015625 0.16015625
9 0.234375 0.1181640625 0.21558493541666665 0.1162109375 0.20082131458333335 0.125 0.19947916666666668 0.1357421875 0.20484775624999998 0.1435546875 0.22497996875 0.150390625 0.2410857375 0.1416015625 0.247796475 0.119140625 0.25584935833333333 0.1103515625 0.26927083333333335 0.10546875 0.25987580208333333 0.1025390625 0.24913862083333335 0.1083984375 0.24913862083333335 0.1123046875 0.24242788541666668 0.1123046875 0.234375 0.1181640625
9 0.344644475 0.0947265625 0.32578125 0.107421875 0.32982336874999996 0.1171875 0.34733922083333335 0.1064453125 0.37159193749999997 0.1123046875 0.37967617708333334 0.1103515625 0.38776041666666666 0.1025390625 0.38776041666666666 0.091796875 0.37967617708333334 0.0830078125 0.3688971916666667 0.0791015625 0.3513813395833333 0.08203125 0.344644475 0.0947265625
10 0.6651041666666667 0.1962890625 0.6568884416666666 0.1875 0.6473034270833333 0.1845703125 0.6363491270833334 0.18359375 0.6253948250000001 0.1884765625 0.62265625 0.197265625 0.6322412624999999 0.2021484375 0.6473034270833333 0.203125 0.6651041666666667 0.1962890625
9 0.6578125 0.2060546875 0.6591817875 0.212890625 0.6715053770833334 0.2041015625 0.6920446916666666 0.203125 0.7002604166666667 0.1943359375 0.6988911291666666 0.18359375 0.6906754041666667 0.177734375 0.6769825270833334 0.177734375 0.6687668020833333 0.18359375 0.6673975124999999 0.19921875 0.6578125 0.2060546875
9 0.7656547625000001 0.2509765625 0.7779092270833333 0.2509765625 0.7874404770833333 0.244140625 0.7888020833333333 0.234375 0.7833556541666666 0.2265625 0.76701636875 0.2236328125 0.7602083333333333 0.2275390625 0.7588467270833333 0.2470703125 0.7411458333333333 0.26171875 0.7438690479166666 0.26953125 0.7656547625000001 0.2509765625
9 0.9762419875 0.474609375 0.9900641020833334 0.4736328125 0.9997395833333333 0.46484375 0.9997395833333333 0.4541015625 0.992828525 0.4501953125 0.9762419875 0.4501953125 0.96794871875 0.4541015625 0.9638020833333333 0.4599609375 0.9665665062500001 0.46875 0.9762419875 0.474609375
9 0.9690104166666667 0.5615234375 0.9732007583333334 0.5634765625 0.984375 0.5615234375 0.9997395833333333 0.541015625 0.9997395833333333 0.513671875 0.9885653416666667 0.515625 0.9801846583333333 0.5234375 0.984375 0.5400390625 0.9704071979166666 0.556640625 0.9690104166666667 0.5615234375
9 0.49576346458333337 0.59375 0.52688008125 0.5888671875 0.5322916666666667 0.5810546875 0.5282329770833333 0.57421875 0.5065866354166667 0.5732421875 0.4998221541666667 0.58203125 0.47682291666666665 0.5947265625 0.47952870833333333 0.6005859375 0.49576346458333337 0.59375
9 0.57578125 0.6240234375 0.578515625 0.634765625 0.59765625 0.6357421875 0.6072265625 0.630859375 0.6072265625 0.623046875 0.61953125 0.6083984375 0.57578125 0.6240234375
9 0.6286458333333333 0.6572265625 0.6272490520833334 0.6455078125 0.6202651520833334 0.6435546875 0.61188446875 0.64453125 0.6007102270833333 0.65234375 0.5979166666666667 0.6611328125 0.6049005687500001 0.666015625 0.6188683708333333 0.666015625 0.6286458333333333 0.6572265625
9 0.5066900145833333 0.564453125 0.5231770833333333 0.54296875 0.5108117812499999 0.5419921875 0.48470725625 0.55078125 0.48333333333333334 0.5615234375 0.5066900145833333 0.564453125
9 0.42682291666666666 0.607421875 0.42682291666666666 0.6025390625 0.42138310208333335 0.59765625 0.4077835645833333 0.595703125 0.3792245375 0.6103515625 0.37786458333333334 0.6171875 0.3969039354166667 0.6123046875 0.41730324166666666 0.6123046875 0.42682291666666666 0.607421875
3 0.46938844166666666 0.6123046875 0.47760416666666666 0.6005859375 0.46254200208333335 0.59375 0.44884912708333335 0.60546875 0.4392641125 0.6083984375 0.43515625 0.611328125 0.437894825 0.6142578125 0.4598034270833333 0.6162109375 0.46938844166666666 0.6123046875
7 0.7151041666666667 0.53515625 0.7151041666666667 0.548828125 0.7332087854166667 0.556640625 0.7415647645833333 0.5556640625 0.7471354166666667 0.521484375 0.7318161229166668 0.5244140625 0.7151041666666667 0.53515625
4 0.7389208708333334 0.5908203125 0.7415615854166667 0.59375 0.76796875 0.5849609375 0.764007675 0.580078125 0.6425347229166667 0.5302734375 0.6266904249999999 0.533203125 0.6174479166666667 0.541015625 0.6187682750000001 0.55078125 0.66630116875 0.58203125 0.7389208708333334 0.5908203125
0 0.458125 0.5302734375 0.47109375 0.5302734375 0.4624479166666667 0.517578125 0.4509201395833333 0.5146484375 0.44947916666666665 0.525390625 0.458125 0.5302734375
3 0.37916666666666665 0.54296875 0.37916666666666665 0.5517578125 0.38642113125 0.5576171875 0.3936755958333333 0.556640625 0.39947916666666666 0.5517578125 0.3936755958333333 0.5380859375 0.37916666666666665 0.54296875
9 0.32605574374999996 0.599609375 0.3355644708333333 0.59375 0.33828125 0.5859375 0.32605574374999996 0.5869140625 0.28802083333333334 0.603515625 0.28802083333333334 0.6064453125 0.29345439166666665 0.6064453125 0.3097550666666667 0.599609375 0.32605574374999996 0.599609375
6 0.2804214020833333 0.6103515625 0.2734375 0.6103515625 0.25807291666666665 0.6181640625 0.2608664770833333 0.6416015625 0.26924715833333335 0.6474609375 0.28880208333333335 0.6376953125 0.2860085229166666 0.6162109375 0.2804214020833333 0.6103515625
4 0.10321365208333333 0.6513671875 0.12572584166666667 0.6513671875 0.15750775625 0.64453125 0.18266843958333334 0.6318359375 0.2078291229166667 0.6142578125 0.22239583333333332 0.591796875 0.2210715875 0.5771484375 0.20518062916666666 0.5810546875 0.10321365208333333 0.642578125 0.09791666666666667 0.646484375 0.10321365208333333 0.6513671875
9 0.07594791666666666 0.66015625 0.07317708333333334 0.6669921875 0.08010416666666667 0.6708984375 0.10227083333333334 0.666015625 0.1078125 0.6611328125 0.09949999999999999 0.654296875 0.07594791666666666 0.66015625
10 0.07003711666666666 0.6923828125 0.04616858333333333 0.70703125 0.042190493749999995 0.7216796875 0.027604166666666666 0.7373046875 0.030256227083333333 0.7412109375 0.10186182916666667 0.740234375 0.11777418541666668 0.736328125 0.14296875 0.7138671875 0.14031668958333335 0.666015625 0.13633860208333332 0.6630859375 0.12705639375 0.6640625 0.10849197708333333 0.673828125 0.10186182916666667 0.681640625 0.07003711666666666 0.6923828125
4 0.0940200625 0.7841796875 0.11659272083333333 0.783203125 0.13385416666666666 0.7626953125 0.12987075625 0.751953125 0.10597029375 0.7412109375 0.04356352916666666 0.744140625 0.03426890416666666 0.7529296875 0.026302083333333334 0.767578125 0.027629887500000002 0.7734375 0.0940200625 0.7841796875
10 0 0.845703125 0.008389945833333332 0.845703125 0.024558422916666666 0.8388671875 0.0326426625 0.8310546875 0.050158514583333334 0.791015625 0.0609375 0.7822265625 0.03533741041666667 0.7783203125 0.02186367708333333 0.7724609375 0.0030004520833333335 0.7744140625 0 0.7758638609374999 0 0.845703125
0 0.08229166666666667 0.6357421875 0.08229166666666667 0.6435546875 0.09603089166666666 0.6455078125 0.11663972708333332 0.6328125 0.12213541666666666 0.623046875 0.10839619166666667 0.6220703125 0.08229166666666667 0.6357421875
9 0.608375 0.3681640625 0.61375 0.3720703125 0.62853125 0.373046875 0.63659375 0.369140625 0.646 0.3564453125 0.6715312499999999 0.3466796875 0.67421875 0.33984375 0.6688437500000001 0.3359375 0.640625 0.3486328125 0.62315625 0.345703125 0.60703125 0.353515625 0.608375 0.3681640625
2 0.40130208333333334 0.68359375 0.40130208333333334 0.69140625 0.41510416666666666 0.6904296875 0.41510416666666666 0.68359375 0.40130208333333334 0.68359375
2 0.3131280645833333 0.4619140625 0.33307291666666666 0.45703125 0.3273743875 0.44921875 0.3131280645833333 0.44921875 0.30885416666666665 0.453125 0.3131280645833333 0.4619140625
4 0.34091198958333335 0.50390625 0.3624255958333333 0.501953125 0.38125 0.4921875 0.3799054 0.470703125 0.3624255958333333 0.443359375 0.3422565895833333 0.4482421875 0.31670918333333337 0.4716796875 0.31536458333333334 0.4873046875 0.32612138541666663 0.4912109375 0.34091198958333335 0.50390625
0 0.5244160354166667 0.404296875 0.51349431875 0.4013671875 0.48209438125 0.404296875 0.48072916666666665 0.4111328125 0.509398675 0.4326171875 0.5203203916666667 0.4365234375 0.52578125 0.4208984375 0.5244160354166667 0.404296875