6 0.33854166709183675 0.0380859375 0.29296875 0.025390625 0.2552083329081633 0.021484375 0.23046875 0.0234375 0.22786458290816328 0.0341796875 0.23697916709183672 0.056640625 0.26171875 0.0986328125 0.2721354170918367 0.1044921875 0.2825520829081633 0.10546875 0.3098958329081633 0.09765625 0.34765625 0.08203125 0.36197916709183675 0.068359375 0.36588541709183675 0.056640625 0.33854166709183675 0.0380859375
6 0.953125 0.275390625 0.9778645829081634 0.2724609375 0.9934895829081634 0.255859375 0.9895833329081634 0.23828125 0.9713541670918366 0.23046875 0.953125 0.2353515625 0.9401041670918366 0.2490234375 0.9401041670918366 0.265625 0.953125 0.275390625
1 0.43229166709183675 0.1357421875 0.453125 0.1298828125 0.4609375 0.1220703125 0.453125 0.103515625 0.43880208290816325 0.09765625 0.42447916709183675 0.099609375 0.40755208290816325 0.111328125 0.41015625 0.1240234375 0.43229166709183675 0.1357421875
1 0.35807291709183675 0.259765625 0.37890625 0.251953125 0.38411458290816325 0.244140625 0.38151041709183675 0.234375 0.359375 0.2236328125 0.34635416709183675 0.2255859375 0.33072916709183675 0.2373046875 0.33333333290816325 0.2509765625 0.35807291709183675 0.259765625
1 0.19921875 0.3330078125 0.21484375 0.33203125 0.234375 0.3203125 0.23177083290816328 0.310546875 0.21223958290816328 0.2978515625 0.19140625 0.298828125 0.17708333290816328 0.3095703125 0.17578125 0.3232421875 0.19921875 0.3330078125
1 0.6653645829081634 0.333984375 0.66796875 0.31640625 0.6627604170918366 0.3115234375 0.6458333329081632 0.310546875 0.6354166670918368 0.318359375 0.6354166670918368 0.330078125 0.6458333329081632 0.341796875 0.6653645829081634 0.333984375
1 0.5182291670918368 0.2353515625 0.53125 0.2353515625 0.546875 0.2236328125 0.5442708329081632 0.2109375 0.53125 0.2041015625 0.515625 0.205078125 0.5013020829081632 0.212890625 0.5013020829081632 0.2255859375 0.5182291670918368 0.2353515625
1 0.6692708329081634 0.224609375 0.6705729170918366 0.234375 0.6848958329081634 0.2431640625 0.69921875 0.2421875 0.7135416670918366 0.234375 0.71484375 0.22265625 0.7044270829081634 0.212890625 0.69140625 0.2119140625 0.6744791670918366 0.220703125 0.6692708329081634 0.224609375
1 0.9270833329081634 0.3974609375 0.9322916670918366 0.4052734375 0.9635416670918366 0.4072265625 0.9817708329081634 0.3955078125 0.9830729170918366 0.38671875 0.9700520829081634 0.37890625 0.9518229170918366 0.376953125 0.9401041670918366 0.380859375 0.9296875 0.392578125 0.9270833329081634 0.3974609375
1 0.6302083329081632 0.4189453125 0.63671875 0.41796875 0.6536458329081634 0.4052734375 0.6549479170918366 0.39453125 0.6458333329081632 0.388671875 0.6328125 0.388671875 0.6236979170918368 0.39453125 0.6236979170918368 0.41015625 0.6302083329081632 0.4189453125
1 0.5260416670918368 0.39453125 0.5325520829081632 0.4052734375 0.5377604170918368 0.4091796875 0.5481770829081632 0.4072265625 0.5559895829081632 0.3994140625 0.5598958329081632 0.3837890625 0.55078125 0.37890625 0.5364583329081632 0.37890625 0.52734375 0.38671875 0.5260416670918368 0.39453125
3 0.22135416709183672 0.2431640625 0.2578125 0.2412109375 0.2747395829081633 0.23046875 0.2682291670918367 0.2197265625 0.234375 0.2138671875 0.22265625 0.212890625 0.1953125 0.2197265625 0.19791666709183672 0.232421875 0.22135416709183672 0.2431640625
7 0.19010416709183672 0.5546875 0.21354166709183672 0.54296875 0.21875 0.52734375 0.21354166709183672 0.5146484375 0.20572916709183672 0.5087890625 0.1875 0.5078125 0.18229166709183672 0.51171875 0.17057291709183672 0.5478515625 0.19010416709183672 0.5546875
4 0.5286458329081632 0.2685546875 0.5481770829081632 0.28125 0.5911458329081632 0.28125 0.6015625 0.279296875 0.609375 0.271484375 0.6067708329081632 0.2578125 0.5260416670918368 0.2529296875 0.5234375 0.2578125 0.5286458329081632 0.2685546875
11 0.44270833290816325 0.6298828125 0.43489583290816325 0.66015625 0.43489583290816325 0.6923828125 0.4453125 0.712890625 0.46354166709183675 0.724609375 0.48697916709183675 0.7275390625 0.5130208329081632 0.720703125 0.54296875 0.7041015625 0.58203125 0.66796875 0.59375 0.6435546875 0.46223958290816325 0.6220703125 0.44270833290816325 0.6298828125
4 0.15755208290816325 0.501953125 0.14453125 0.5 0.0234375 0.5625 0.022135417091836734 0.5673828125 0.028645832908163266 0.572265625 0.0625 0.583984375 0.1015625 0.583984375 0.12239583290816326 0.578125 0.14713541709183675 0.5615234375 0.15755208290816325 0.5458984375 0.16276041709183675 0.529296875 0.16276041709183675 0.51171875 0.15755208290816325 0.501953125
7 0.0703125 0.40625 0.06640625 0.4228515625 0.08072916709183674 0.453125 0.11067708290816326 0.4697265625 0.14192708290816325 0.4716796875 0.14583333290816325 0.4560546875 0.140625 0.4306640625 0.1171875 0.3828125 0.11067708290816326 0.3798828125 0.09244791709183674 0.3857421875 0.0703125 0.40625
7 0.10026041709183674 0.146484375 0.016927082908163266 0.240234375 0.015625 0.248046875 0.0234375 0.2607421875 0.08072916709183674 0.2939453125 0.09765625 0.2998046875 0.12239583290816326 0.2939453125 0.13020833290816325 0.283203125 0.14973958290816325 0.17578125 0.14192708290816325 0.150390625 0.12369791709183674 0.142578125 0.10026041709183674 0.146484375
11 0.38802083290816325 0.4697265625 0.421875 0.451171875 0.43489583290816325 0.439453125 0.43229166709183675 0.3935546875 0.41666666709183675 0.318359375 0.2799479170918367 0.2666015625 0.2591145829081633 0.263671875 0.24609375 0.2685546875 0.14973958290816325 0.3212890625 0.11979166709183674 0.341796875 0.125 0.3876953125 0.14583333290816325 0.4423828125 0.14713541709183675 0.470703125 0.171875 0.48046875 0.2916666670918367 0.5126953125 0.3111979170918367 0.513671875 0.3255208329081633 0.505859375 0.36197916709183675 0.501953125 0.37369791709183675 0.4970703125 0.38802083290816325 0.4697265625
11 0.3828125 0.5302734375 0.35677083290816325 0.576171875 0.359375 0.583984375 0.37630208290816325 0.5859375 0.44921875 0.5849609375 0.47786458290816325 0.5556640625 0.48828125 0.4970703125 0.43619791709183675 0.4443359375 0.42838541709183675 0.44921875 0.39713541709183675 0.5048828125 0.39322916709183675 0.5205078125 0.3828125 0.5302734375
11 0.8020833329081634 0.4873046875 0.8033854170918366 0.4560546875 0.8138020829081634 0.4140625 0.7890625 0.3984375 0.7682291670918366 0.392578125 0.7408854170918366 0.3720703125 0.7044270829081634 0.3671875 0.6184895829081632 0.4326171875 0.6158854170918368 0.4423828125 0.625 0.462890625 0.6497395829081632 0.4794921875 0.6549479170918366 0.509765625 0.6666666670918366 0.5283203125 0.6875 0.5283203125 0.7278645829081634 0.51953125 0.7877604170918366 0.5126953125 0.7916666670918366 0.498046875 0.8020833329081634 0.4873046875
4 0.8411458329081634 0.271484375 0.8255208329081634 0.3046875 0.8020833329081634 0.322265625 0.7747395829081634 0.3310546875 0.74609375 0.3349609375 0.7838541670918366 0.3466796875 0.8111979170918366 0.34375 0.8268229170918366 0.3349609375 0.83984375 0.3212890625 0.8450520829081634 0.306640625 0.8411458329081634 0.271484375
7 0 0.3896484375 0.04817708290816327 0.38671875 0.06640625 0.380859375 0.07421875 0.373046875 0.07421875 0.3544921875 0.05859375 0.3154296875 0.026041667091836734 0.275390625 0.00390625 0.26171875 0 0.26171875 0 0.3896484375
0 0.6315104170918368 0.205078125 0.6328125 0.2197265625 0.6497395829081632 0.2216796875 0.6575520829081634 0.2138671875 0.6575520829081634 0.20703125 0.6315104170918368 0.205078125
0 0.45833333290816325 0.181640625 0.49739583290816325 0.185546875 0.5078125 0.17578125 0.5026041670918368 0.1630859375 0.48177083290816325 0.1689453125 0.453125 0.1591796875 0.44791666709183675 0.1630859375 0.44791666709183675 0.173828125 0.45833333290816325 0.181640625
3 0.7408854170918366 0.263671875 0.7278645829081634 0.2626953125 0.7096354170918366 0.271484375 0.7109375 0.2822265625 0.734375 0.2861328125 0.7447916670918366 0.2705078125 0.7408854170918366 0.263671875
0 0.7161458329081634 0.3427734375 0.7330729170918366 0.322265625 0.7317708329081634 0.3154296875 0.7213541670918366 0.3134765625 0.6731770829081634 0.3154296875 0.6705729170918366 0.3359375 0.6770833329081634 0.3427734375 0.7161458329081634 0.3427734375
0 0.7721354170918366 0.4140625 0.7682291670918366 0.408203125 0.7291666670918366 0.3994140625 0.7265625 0.4140625 0.7317708329081634 0.419921875 0.7552083329081634 0.423828125 0.7721354170918366 0.4140625
0 0.7578125 0.3818359375 0.7330729170918366 0.369140625 0.7096354170918366 0.3662109375 0.7083333329081634 0.373046875 0.71875 0.3955078125 0.75390625 0.40234375 0.7578125 0.3818359375
0 0.7877604170918366 0.41796875 0.7955729170918366 0.4033203125 0.7734375 0.392578125 0.7682291670918366 0.392578125 0.7682291670918366 0.4052734375 0.7825520829081634 0.41796875 0.7877604170918366 0.41796875
3 0.33203125 0.5380859375 0.3515625 0.537109375 0.3671875 0.5283203125 0.3671875 0.5205078125 0.34505208290816325 0.5078125 0.3359375 0.509765625 0.3216145829081633 0.5234375 0.3216145829081633 0.53515625 0.33203125 0.5380859375
3 0.25 0.123046875 0.2643229170918367 0.130859375 0.3203125 0.126953125 0.3255208329081633 0.1162109375 0.3203125 0.1083984375 0.2682291670918367 0.107421875 0.2552083329081633 0.1103515625 0.25 0.1142578125 0.25 0.123046875
6 0.14192708290816325 0.125 0.14322916709183675 0.1123046875 0.12890625 0.1015625 0.10807291709183674 0.099609375 0.09635416709183674 0.1064453125 0.10677083290816326 0.1376953125 0.12109375 0.1376953125 0.14192708290816325 0.125
8 0.5638020829081632 0.4521484375 0.55859375 0.4560546875 0.55859375 0.46484375 0.5846354170918368 0.51953125 0.5950520829081632 0.5224609375 0.6276041670918368 0.51953125 0.6497395829081632 0.505859375 0.6510416670918368 0.4853515625 0.6341145829081632 0.46875 0.6119791670918368 0.4599609375 0.5638020829081632 0.4521484375
8 0.49609375 0.533203125 0.50390625 0.5419921875 0.5221354170918368 0.5419921875 0.5677083329081632 0.5322265625 0.5794270829081632 0.5224609375 0.57421875 0.509765625 0.5559895829081632 0.4990234375 0.5286458329081632 0.5 0.49739583290816325 0.5087890625 0.49609375 0.533203125
0 0.83984375 0.63671875 0.8489583329081634 0.63671875 0.8658854170918366 0.6279296875 0.8658854170918366 0.609375 0.8268229170918366 0.6201171875 0.8229166670918366 0.623046875 0.8268229170918366 0.62890625 0.83984375 0.63671875
7 0.7708333329081634 0.4931640625 0.7760416670918366 0.5 0.7864583329081634 0.501953125 0.8046875 0.486328125 0.8059895829081634 0.46875 0.7994791670918366 0.4609375 0.7903645829081634 0.458984375 0.7786458329081634 0.4619140625 0.7721354170918366 0.4697265625 0.7708333329081634 0.4931640625
0 0.2721354170918367 0.2890625 0.27734375 0.28515625 0.27734375 0.28125 0.2682291670918367 0.27734375 0.23046875 0.283203125 0.22526041709183672 0.287109375 0.23046875 0.294921875 0.2721354170918367 0.2890625
0 0.33984375 0.322265625 0.34244791709183675 0.3330078125 0.35286458290816325 0.3369140625 0.36197916709183675 0.3349609375 0.35546875 0.3232421875 0.33984375 0.322265625
4 0.50390625 0.3056640625 0.50390625 0.3193359375 0.515625 0.333984375 0.546875 0.3486328125 0.5611979170918368 0.3486328125 0.5833333329081632 0.3388671875 0.5911458329081632 0.3310546875 0.5911458329081632 0.3173828125 0.5768229170918368 0.30859375 0.51171875 0.30078125 0.50390625 0.3056640625
11 0.2265625 0.779296875 0.23177083290816328 0.77734375 0.24479166709183672 0.7529296875 0.22526041709183672 0.693359375 0.14322916709183675 0.716796875 0.11848958290816326 0.7373046875 0.12109375 0.740234375 0.2265625 0.779296875
6 0.42447916709183675 0.51953125 0.42708333290816325 0.5087890625 0.42057291709183675 0.4951171875 0.41015625 0.5 0.40104166709183675 0.515625 0.40104166709183675 0.525390625 0.4140625 0.5302734375 0.42447916709183675 0.51953125
4 0.33463541709183675 0.5546875 0.30859375 0.5625 0.22265625 0.609375 0.22395833290816328 0.6162109375 0.2565104170918367 0.6171875 0.3255208329081633 0.578125 0.33463541709183675 0.5546875
3 0.2721354170918367 0.5390625 0.28515625 0.5322265625 0.2877604170918367 0.517578125 0.27734375 0.513671875 0.2526041670918367 0.5263671875 0.25 0.5361328125 0.25390625 0.5400390625 0.2721354170918367 0.5390625
4 0.3203125 0.330078125 0.2786458329081633 0.3251953125 0.2265625 0.3330078125 0.20833333290816328 0.3427734375 0.1875 0.3681640625 0.1875 0.3955078125 0.20833333290816328 0.4169921875 0.24869791709183672 0.4326171875 0.2916666670918367 0.435546875 0.33072916709183675 0.4248046875 0.34375 0.4052734375 0.34375 0.3779296875 0.35286458290816325 0.361328125 0.34505208290816325 0.34765625 0.3203125 0.330078125
4 0.7565104170918366 0.66015625 0.7356770829081634 0.6435546875 0.71484375 0.6357421875 0.69140625 0.634765625 0.6692708329081634 0.6435546875 0.66015625 0.658203125 0.6575520829081634 0.6826171875 0.6627604170918366 0.697265625 0.6731770829081634 0.716796875 0.6848958329081634 0.724609375 0.7044270829081634 0.7294921875 0.7330729170918366 0.7275390625 0.7604166670918366 0.712890625 0.76953125 0.69921875 0.7682291670918366 0.677734375 0.7565104170918366 0.66015625
4 0.14322916709183675 0.6669921875 0.14322916709183675 0.6875 0.15364583290816325 0.6943359375 0.20833333290816328 0.6826171875 0.2513020829081633 0.6533203125 0.2565104170918367 0.64453125 0.25390625 0.6240234375 0.23958333290816328 0.619140625 0.203125 0.6220703125 0.17578125 0.63671875 0.14322916709183675 0.6669921875
4 0.6471354170918368 0.6015625 0.65625 0.60546875 0.6809895829081634 0.60546875 0.6744791670918366 0.591796875 0.66015625 0.5810546875 0.6497395829081632 0.5771484375 0.6354166670918368 0.5830078125 0.6328125 0.587890625 0.6471354170918368 0.6015625
4 0.6588541670918366 0.6123046875 0.6575520829081634 0.6064453125 0.6341145829081632 0.58984375 0.6276041670918368 0.58984375 0.6223958329081632 0.5966796875 0.625 0.6123046875 0.64453125 0.6171875 0.6588541670918366 0.6123046875
2 0.4140625 0.6904296875 0.41276041709183675 0.68359375 0.40234375 0.68359375 0.40234375 0.69140625 0.4140625 0.6904296875
4 0.7591145829081634 0.7548828125 0.76171875 0.763671875 0.78515625 0.7900390625 0.7916666670918366 0.7919921875 0.8658854170918366 0.7373046875 0.8671875 0.7314453125 0.86328125 0.7265625 0.84765625 0.7265625 0.7643229170918366 0.7509765625 0.7591145829081634 0.7548828125
4 0.80859375 0.73046875 0.89453125 0.7236328125 0.9166666670918366 0.71875 0.9075520829081634 0.69140625 0.89453125 0.6767578125 0.8333333329081634 0.6953125 0.8033854170918366 0.712890625 0.8020833329081634 0.720703125 0.80859375 0.73046875
8 0.6067708329081632 0.7841796875 0.6276041670918368 0.7763671875 0.6588541670918366 0.7470703125 0.6471354170918368 0.7294921875 0.59375 0.74609375 0.59375 0.765625 0.6002604170918368 0.7802734375 0.6067708329081632 0.7841796875
4 0 0.5107421875 0.026041667091836734 0.5068359375 0.04947916709183673 0.4951171875 0.06119791709183673 0.484375 0.0703125 0.4658203125 0.06770833290816326 0.43359375 0.05729166709183673 0.41796875 0.04166666709183673 0.4111328125 0.020833332908163266 0.4267578125 0 0.443359375 0 0.5107421875
4 0.43880208290816325 0.181640625 0.44140625 0.1767578125 0.41927083290816325 0.16796875 0.37239583290816325 0.177734375 0.359375 0.2001953125 0.35807291709183675 0.212890625 0.36197916709183675 0.21484375 0.43880208290816325 0.181640625
4 0.43098958290816325 0.3203125 0.49088541709183675 0.2734375 0.49088541709183675 0.267578125 0.48307291709183675 0.26171875 0.47265625 0.2607421875 0.44401041709183675 0.2744140625 0.41927083290816325 0.3125 0.421875 0.3212890625 0.43098958290816325 0.3203125
4 0.9375 0.5849609375 0.9348958329081634 0.6005859375 0.953125 0.619140625 0.9817708329081634 0.62109375 0.9986979170918366 0.6142578125 0.9986979170918366 0.57421875 0.9869791670918366 0.56640625 0.9700520829081634 0.5634765625 0.9609375 0.56640625 0.9453125 0.57421875 0.9375 0.5849609375
11 0.45963541709183675 0.2978515625 0.45963541709183675 0.30078125 0.5247395829081632 0.298828125 0.5325520829081632 0.2958984375 0.6575520829081634 0.29296875 0.66796875 0.2890625 0.62890625 0.2646484375 0.6106770829081632 0.2578125 0.5299479170918368 0.251953125 0.5130208329081632 0.2578125 0.45963541709183675 0.2978515625
4 0.36979166709183675 0.375 0.37630208290816325 0.39453125 0.41015625 0.4248046875 0.42447916709183675 0.421875 0.43229166709183675 0.400390625 0.42838541709183675 0.3857421875 0.39192708290816325 0.359375 0.38151041709183675 0.3544921875 0.37239583290816325 0.3564453125 0.36979166709183675 0.375
7 0.6263020829081632 0.64453125 0.6432291670918368 0.640625 0.6510416670918368 0.630859375 0.6458333329081632 0.619140625 0.6263020829081632 0.61328125 0.61328125 0.615234375 0.6080729170918368 0.6201171875 0.6119791670918368 0.6376953125 0.6263020829081632 0.64453125
3 0.3671875 0.6259765625 0.37760416709183675 0.615234375 0.37239583290816325 0.611328125 0.35807291709183675 0.6103515625 0.33072916709183675 0.6181640625 0.33072916709183675 0.630859375 0.35286458290816325 0.630859375 0.3671875 0.6259765625
7 0.9986979170918366 0.26953125 0.9544270829081634 0.279296875 0.9375 0.3310546875 0.9348958329081634 0.3515625 0.98046875 0.3701171875 0.9986979170918366 0.3212890625 0.9986979170918366 0.26953125
9 0.2786458329081633 0.2265625 0.3098958329081633 0.2099609375 0.33072916709183675 0.2099609375 0.33984375 0.1982421875 0.33203125 0.181640625 0.32421875 0.1787109375 0.30859375 0.1806640625 0.29296875 0.2041015625 0.2721354170918367 0.216796875 0.2786458329081633 0.2265625
9 0.5247395829081632 0.1328125 0.5208333329081632 0.146484375 0.5026041670918368 0.16015625 0.5104166670918368 0.1669921875 0.5260416670918368 0.1552734375 0.5442708329081632 0.158203125 0.5572916670918368 0.1494140625 0.55859375 0.140625 0.55078125 0.12890625 0.5338541670918368 0.126953125 0.5247395829081632 0.1328125
9 0.24869791709183672 0.1123046875 0.2421875 0.1123046875 0.234375 0.1181640625 0.21614583290816328 0.1162109375 0.20182291709183672 0.125 0.20052083290816328 0.1357421875 0.20572916709183672 0.1435546875 0.22526041709183672 0.150390625 0.24088541709183672 0.1416015625 0.24739583290816328 0.119140625 0.2552083329081633 0.1103515625 0.2682291670918367 0.10546875 0.2591145829081633 0.1025390625 0.24869791709183672 0.1083984375 0.24869791709183672 0.1123046875
9 0.36848958290816325 0.0791015625 0.3515625 0.08203125 0.34505208290816325 0.0947265625 0.32682291709183675 0.107421875 0.33072916709183675 0.1171875 0.34765625 0.1064453125 0.37109375 0.1123046875 0.37890625 0.1103515625 0.38671875 0.1025390625 0.38671875 0.091796875 0.37890625 0.0830078125 0.36848958290816325 0.0791015625
10 0.6328125 0.2021484375 0.6471354170918368 0.203125 0.6640625 0.1962890625 0.65625 0.1875 0.6471354170918368 0.1845703125 0.63671875 0.18359375 0.6263020829081632 0.1884765625 0.6236979170918368 0.197265625 0.6328125 0.2021484375
9 0.6692708329081634 0.18359375 0.66796875 0.19921875 0.6588541670918366 0.2060546875 0.66015625 0.212890625 0.671875 0.2041015625 0.69140625 0.203125 0.69921875 0.1943359375 0.6979166670918366 0.18359375 0.6901041670918366 0.177734375 0.6770833329081634 0.177734375 0.6692708329081634 0.18359375
9 0.7421875 0.26171875 0.7447916670918366 0.26953125 0.765625 0.2509765625 0.77734375 0.2509765625 0.7864583329081634 0.244140625 0.7877604170918366 0.234375 0.7825520829081634 0.2265625 0.7669270829081634 0.2236328125 0.7604166670918366 0.2275390625 0.7591145829081634 0.2470703125 0.7421875 0.26171875
9 0.96484375 0.4599609375 0.9674479170918366 0.46875 0.9765625 0.474609375 0.9895833329081634 0.4736328125 0.9986979170918366 0.46484375 0.9986979170918366 0.4541015625 0.9921875 0.4501953125 0.9765625 0.4501953125 0.96875 0.4541015625 0.96484375 0.4599609375
9 0.984375 0.5400390625 0.9713541670918366 0.556640625 0.9700520829081634 0.5615234375 0.9739583329081634 0.5634765625 0.984375 0.5615234375 0.9986979170918366 0.541015625 0.9986979170918366 0.513671875 0.98828125 0.515625 0.98046875 0.5234375 0.984375 0.5400390625
9 0.47786458290816325 0.5947265625 0.48046875 0.6005859375 0.49609375 0.59375 0.5260416670918368 0.5888671875 0.53125 0.5810546875 0.52734375 0.57421875 0.5065104170918368 0.5732421875 0.5 0.58203125 0.47786458290816325 0.5947265625
9 0.6067708329081632 0.623046875 0.6184895829081632 0.6083984375 0.5768229170918368 0.6240234375 0.5794270829081632 0.634765625 0.59765625 0.6357421875 0.6067708329081632 0.630859375 0.6067708329081632 0.623046875
9 0.60546875 0.666015625 0.6184895829081632 0.666015625 0.6276041670918368 0.6572265625 0.6263020829081632 0.6455078125 0.6197916670918368 0.6435546875 0.6119791670918368 0.64453125 0.6015625 0.65234375 0.5989583329081632 0.6611328125 0.60546875 0.666015625
9 0.48567708290816325 0.55078125 0.484375 0.5615234375 0.5065104170918368 0.564453125 0.5221354170918368 0.54296875 0.5104166670918368 0.5419921875 0.48567708290816325 0.55078125
9 0.39713541709183675 0.6123046875 0.41666666709183675 0.6123046875 0.42578125 0.607421875 0.42578125 0.6025390625 0.42057291709183675 0.59765625 0.40755208290816325 0.595703125 0.38020833290816325 0.6103515625 0.37890625 0.6171875 0.39713541709183675 0.6123046875
3 0.43880208290816325 0.6142578125 0.45963541709183675 0.6162109375 0.46875 0.6123046875 0.4765625 0.6005859375 0.46223958290816325 0.59375 0.44921875 0.60546875 0.44010416709183675 0.6083984375 0.43619791709183675 0.611328125 0.43880208290816325 0.6142578125
7 0.74609375 0.521484375 0.7317708329081634 0.5244140625 0.7161458329081634 0.53515625 0.7161458329081634 0.548828125 0.7330729170918366 0.556640625 0.7408854170918366 0.5556640625 0.74609375 0.521484375
4 0.6197916670918368 0.55078125 0.6666666670918366 0.58203125 0.73828125 0.5908203125 0.7408854170918366 0.59375 0.7669270829081634 0.5849609375 0.7630208329081634 0.580078125 0.6432291670918368 0.5302734375 0.6276041670918368 0.533203125 0.6184895829081632 0.541015625 0.6197916670918368 0.55078125
0 0.45182291709183675 0.5146484375 0.45052083290816325 0.525390625 0.45833333290816325 0.5302734375 0.47005208290816325 0.5302734375 0.46223958290816325 0.517578125 0.45182291709183675 0.5146484375
3 0.3984375 0.5517578125 0.39322916709183675 0.5380859375 0.38020833290816325 0.54296875 0.38020833290816325 0.5517578125 0.38671875 0.5576171875 0.39322916709183675 0.556640625 0.3984375 0.5517578125
9 0.2942708329081633 0.6064453125 0.3098958329081633 0.599609375 0.3255208329081633 0.599609375 0.33463541709183675 0.59375 0.33723958290816325 0.5859375 0.3255208329081633 0.5869140625 0.2890625 0.603515625 0.2890625 0.6064453125 0.2942708329081633 0.6064453125
6 0.2877604170918367 0.6376953125 0.28515625 0.6162109375 0.2799479170918367 0.6103515625 0.2734375 0.6103515625 0.2591145829081633 0.6181640625 0.26171875 0.6416015625 0.26953125 0.6474609375 0.2877604170918367 0.6376953125
4 0.10416666709183674 0.642578125 0.09895833290816326 0.646484375 0.10416666709183674 0.6513671875 0.12630208290816325 0.6513671875 0.15755208290816325 0.64453125 0.18229166709183672 0.6318359375 0.20703125 0.6142578125 0.22135416709183672 0.591796875 0.22005208290816328 0.5771484375 0.20442708290816328 0.5810546875 0.10416666709183674 0.642578125
9 0.10677083290816326 0.6611328125 0.09895833290816326 0.654296875 0.07682291709183674 0.66015625 0.07421875 0.6669921875 0.08072916709183674 0.6708984375 0.1015625 0.666015625 0.10677083290816326 0.6611328125
10 0.10807291709183674 0.673828125 0.1015625 0.681640625 0.0703125 0.6923828125 0.046875 0.70703125 0.04296875 0.7216796875 0.028645832908163266 0.7373046875 0.03125 0.7412109375 0.1015625 0.740234375 0.1171875 0.736328125 0.14192708290816325 0.7138671875 0.13932291709183675 0.666015625 0.13541666709183675 0.6630859375 0.12630208290816325 0.6640625 0.10807291709183674 0.673828125
4 0.02734375 0.767578125 0.028645832908163266 0.7734375 0.09375 0.7841796875 0.11588541709183674 0.783203125 0.1328125 0.7626953125 0.12890625 0.751953125 0.10546875 0.7412109375 0.04427083290816327 0.744140625 0.03515625 0.7529296875 0.02734375 0.767578125
10 0 0.845703125 0.009114582908163265 0.845703125 0.024739582908163266 0.8388671875 0.03255208290816326 0.8310546875 0.04947916709183673 0.791015625 0.05989583290816327 0.7822265625 0.03515625 0.7783203125 0.022135417091836734 0.7724609375 0.00390625 0.7744140625 0 0.7763671875 0 0.845703125
0 0.12109375 0.623046875 0.10807291709183674 0.6220703125 0.08333333290816326 0.6357421875 0.08333333290816326 0.6435546875 0.09635416709183674 0.6455078125 0.11588541709183674 0.6328125 0.12109375 0.623046875
9 0.6236979170918368 0.345703125 0.6080729170918368 0.353515625 0.609375 0.3681640625 0.6145833329081632 0.3720703125 0.62890625 0.373046875 0.63671875 0.369140625 0.6458333329081632 0.3564453125 0.6705729170918366 0.3466796875 0.6731770829081634 0.33984375 0.66796875 0.3359375 0.640625 0.3486328125 0.6236979170918368 0.345703125
2 0.4140625 0.6904296875 0.4140625 0.68359375 0.40234375 0.68359375 0.40234375 0.69140625 0.4140625 0.6904296875
2 0.3138020829081633 0.44921875 0.3098958329081633 0.453125 0.3138020829081633 0.4619140625 0.33203125 0.45703125 0.32682291709183675 0.44921875 0.3138020829081633 0.44921875
4 0.31640625 0.4873046875 0.32682291709183675 0.4912109375 0.34114583290816325 0.50390625 0.36197916709183675 0.501953125 0.38020833290816325 0.4921875 0.37890625 0.470703125 0.36197916709183675 0.443359375 0.34244791709183675 0.4482421875 0.3177083329081633 0.4716796875 0.31640625 0.4873046875
0 0.51953125 0.4365234375 0.5247395829081632 0.4208984375 0.5234375 0.404296875 0.5130208329081632 0.4013671875 0.48307291709183675 0.404296875 0.48177083290816325 0.4111328125 0.5091145829081632 0.4326171875 0.51953125 0.4365234375