4 0.54483650625 0.31640625 0.56744101875 0.3759765625 0.5701003729166667 0.400390625 0.61796875 0.40234375 0.5927048833333333 0.271484375 0.45840749166666667 0.21875 0.4171875 0.2080078125 0.41851717708333336 0.259765625 0.47569329375 0.2919921875 0.54483650625 0.31640625
4 0.4330109125 0.31640625 0.42630208333333336 0.3193359375 0.42630208333333336 0.328125 0.4316691458333333 0.3349609375 0.49473214375 0.3623046875 0.51485863125 0.4091796875 0.5671875 0.412109375 0.5470610125 0.3203125 0.42898561458333334 0.2802734375 0.42630208333333336 0.29296875 0.4330109125 0.31640625
4 0.4946849375 0.3623046875 0.4631659833333333 0.349609375 0.42890625 0.3427734375 0.42890625 0.4072265625 0.438498975 0.4111328125 0.50838883125 0.412109375 0.5125 0.4072265625 0.4946849375 0.3623046875
9 0.5214001229166667 0.2314453125 0.5356464458333333 0.2275390625 0.5456188729166667 0.2109375 0.5541666666666667 0.2060546875 0.5470435041666666 0.19921875 0.5370710791666667 0.2041015625 0.5114276958333334 0.205078125 0.5057291666666667 0.208984375 0.5057291666666667 0.220703125 0.5214001229166667 0.2314453125
9 0.509140625 0.17356933593749999 0.5048697916666667 0.17356933593749999 0.5048697916666667 0.1738525390625 0.509140625 0.1738525390625 0.509140625 0.17356933593749999
9 0.52398726875 0.1748046875 0.5211516208333333 0.1708984375 0.5069733791666666 0.162109375 0.48570601875 0.1318359375 0.4814525458333333 0.1298828125 0.477199075 0.130859375 0.47578125 0.1328125 0.48003472291666666 0.1416015625 0.4927951395833333 0.158203125 0.4956307875 0.16796875 0.4927951395833333 0.1728515625 0.49421296249999996 0.18359375 0.5013020833333334 0.1904296875 0.5098090270833333 0.193359375 0.5183159729166666 0.193359375 0.5254050916666667 0.1884765625 0.5268229166666667 0.185546875 0.52398726875 0.1748046875
9 0.5050857833333333 0.5498046875 0.5278799020833334 0.529296875 0.5307291666666667 0.5185546875 0.5050857833333333 0.5283203125 0.48656556458333333 0.5302734375 0.4822916666666667 0.5361328125 0.48514093125 0.5458984375 0.493688725 0.55078125 0.5050857833333333 0.5498046875
9 0.4979626229166667 0.5810546875 0.5307291666666667 0.5458984375 0.5221813729166667 0.5439453125 0.4822916666666667 0.560546875 0.4822916666666667 0.5771484375 0.4979626229166667 0.5810546875
9 0.5126900333333333 0.4833984375 0.5324957770833333 0.4814453125 0.550886825 0.49609375 0.5579603041666666 0.4970703125 0.559375 0.490234375 0.5353251687499999 0.4736328125 0.5324957770833333 0.466796875 0.52259290625 0.4619140625 0.5084459458333334 0.4658203125 0.50703125 0.4775390625 0.5126900333333333 0.4833984375
9 0.6200173604166667 0.556640625 0.6231770833333333 0.5390625 0.6136979166666666 0.5361328125 0.6026388895833333 0.54296875 0.5994791666666667 0.5615234375 0.6200173604166667 0.556640625
9 0.37057291666666664 0.2666015625 0.36354166666666665 0.26171875 0.31572916666666667 0.2802734375 0.3143229166666667 0.294921875 0.33401041666666664 0.3037109375 0.3494791666666667 0.2958984375 0.35651041666666666 0.2783203125 0.37057291666666664 0.2666015625
9 0.27831748125 0.490234375 0.29642210208333336 0.4921875 0.3033854166666667 0.4892578125 0.30895606875 0.4716796875 0.33541666666666664 0.44921875 0.33402400416666667 0.4423828125 0.3270606875 0.4404296875 0.30756340625 0.45703125 0.2713541666666667 0.4755859375 0.2713541666666667 0.484375 0.27831748125 0.490234375
9 0.2375 0.494140625 0.24457347916666666 0.4970703125 0.28984375 0.4658203125 0.2870143583333334 0.4541015625 0.2771114875 0.44921875 0.26437922291666666 0.44921875 0.25447635208333336 0.4560546875 0.25589104791666667 0.4677734375 0.2375 0.4892578125 0.2375 0.494140625
9 0.22695066875 0.4970703125 0.23385416666666667 0.4912109375 0.23109276666666664 0.4794921875 0.22004717083333333 0.4736328125 0.20347877291666666 0.4755859375 0.195194575 0.48828125 0.16067708333333333 0.5166015625 0.17172268124999998 0.5234375 0.193813875 0.5048828125 0.22695066875 0.4970703125
9 0.19987980833333333 0.55859375 0.22035256458333335 0.5478515625 0.22473958333333333 0.5380859375 0.21011618541666666 0.5234375 0.18964342916666668 0.529296875 0.18671875 0.5400390625 0.19403044791666665 0.5478515625 0.18964342916666668 0.5546875 0.19987980833333333 0.55859375
9 0.6873597749999999 0.4541015625 0.7052083333333333 0.44140625 0.7035857375 0.4296875 0.69547275625 0.431640625 0.6841145833333333 0.44921875 0.6873597749999999 0.4541015625
9 0.778125 0.2763671875 0.778125 0.2724609375 0.7764441291666666 0.2744140625 0.7730823854166666 0.275390625 0.7730823854166666 0.2763671875 0.7629971583333333 0.2822265625 0.7596354166666667 0.2861328125 0.7596354166666667 0.296875 0.7613162875 0.2998046875 0.7629971583333333 0.30078125 0.7663589020833333 0.30078125 0.7680397729166667 0.2998046875 0.7680397729166667 0.296875 0.76972064375 0.2958984375 0.76972064375 0.287109375 0.7714015145833333 0.2861328125 0.7714015145833333 0.283203125 0.778125 0.2763671875
1 0.482751225 0.1845703125 0.46992953333333337 0.1826171875 0.4471354166666667 0.1923828125 0.4471354166666667 0.2021484375 0.4656556375 0.21484375 0.4927236520833333 0.2119140625 0.49557291666666664 0.1962890625 0.482751225 0.1845703125
0 0.4678058125 0.13171484375 0.48879896666666667 0.13022265625 0.49079817708333334 0.1132822265625 0.4484051041666667 0.1041025390625 0.44797526041666663 0.1241708984375 0.4678058125 0.13171484375
3 0.5668229166666666 0.2099609375 0.5754687500000001 0.20703125 0.5841145833333333 0.1943359375 0.5841145833333333 0.1845703125 0.5769097229166668 0.1787109375 0.5581770833333334 0.1767578125 0.5423263895833333 0.1884765625 0.5408854166666667 0.19921875 0.5509722229166666 0.20703125 0.5668229166666666 0.2099609375
9 0.06041666666666667 0.12890625 0.06460700833333334 0.134765625 0.08276515208333332 0.1279296875 0.102320075 0.1337890625 0.11908143958333332 0.12890625 0.121875 0.12109375 0.11349431874999999 0.1123046875 0.09812973541666666 0.107421875 0.08416193125 0.109375 0.07438446875 0.123046875 0.06041666666666667 0.12890625
1 0.05244791666666667 0.1796875 0.05677083333333333 0.1689453125 0.045243056250000004 0.1552734375 0.026510416666666665 0.15234375 0.013541666666666667 0.1572265625 0.013541666666666667 0.171875 0.02506944375 0.181640625 0.03947916666666666 0.1865234375 0.05244791666666667 0.1796875
0 0.13857685833333333 0.1728515625 0.12725928958333335 0.171875 0.0890625 0.2021484375 0.0890625 0.2099609375 0.09613597916666666 0.2109375 0.132918075 0.201171875 0.14140625 0.185546875 0.13857685833333333 0.1728515625
11 0.415625 0.359375 0.37765625 0.3974609375 0.36640625 0.4580078125 0.36640625 0.4814453125 0.42265625 0.529296875 0.42265625 0.41015625 0.41984375 0.361328125 0.415625 0.359375
4 0.36796875 0.65625 0.36796875 0.64453125 0.281640625 0.6875 0.231171875 0.7197265625 0.18335937500000002 0.7373046875 0.15546875 0.7587890625 0.257734375 0.7607421875 0.342734375 0.7021484375 0.36796875 0.65625
4 0.2571028645833333 0.6869482421875001 0.25258463541666665 0.6869482421875001 0.25258463541666665 0.6871728515625 0.2571028645833333 0.6871728515625 0.2571028645833333 0.6869482421875001
3 0.6157164979166667 0.455078125 0.6157164979166667 0.4638671875 0.5916666666666667 0.494140625 0.5930813625 0.5009765625 0.6043989291666667 0.505859375 0.6157164979166667 0.5029296875 0.6242046729166667 0.4921875 0.6440104166666667 0.431640625 0.6199605854166667 0.40625 0.6058136270833334 0.41015625 0.6015695375 0.421875 0.6157164979166667 0.455078125
7 0.30766290416666664 0.38671875 0.31324160833333337 0.390625 0.32718836875 0.3876953125 0.33137239583333333 0.369140625 0.32439901666666665 0.3466796875 0.28953211875 0.328125 0.2700066541666667 0.3271484375 0.2686119791666667 0.3369140625 0.29092679374999997 0.357421875 0.30766290416666664 0.38671875
7 0.34589428125 0.470703125 0.3625831125 0.4697265625 0.3653645833333333 0.451171875 0.35980163958333333 0.4228515625 0.3236425083333333 0.4072265625 0.3083444145833333 0.40625 0.30139073541666667 0.4111328125 0.3 0.41796875 0.33198692291666665 0.44140625 0.34589428125 0.470703125
0 0 0.4134176 0.03057511666666667 0.4326171875 0.06595510624999999 0.4375 0.09453125 0.4345703125 0.09044894375 0.4296875 0.056429725 0.423828125 0.0019989729166666665 0.40234375 0 0.40234375 0 0.4134176
0 0.0031901041666666666 0.515625 0.0005208333333333333 0.5234375 0.005859375 0.529296875 0.08460286458333334 0.5517578125 0.15934244791666666 0.54296875 0.16868489583333332 0.5390625 0.17135416666666667 0.5322265625 0.17135416666666667 0.5263671875 0.16334635416666668 0.5205078125 0.08460286458333334 0.515625 0.020540364583333335 0.50390625 0.012532552083333334 0.5048828125 0.0031901041666666666 0.515625
0 0.04549366041666667 0.5791015625 0.020323822916666668 0.56640625 0.01370018125 0.5673828125 0.004427083333333333 0.5771484375 0.004427083333333333 0.5888671875 0.020323822916666668 0.599609375 0.0666893125 0.6220703125 0.11173007291666666 0.63671875 0.18723958333333332 0.630859375 0.23228034374999998 0.62109375 0.24817708333333333 0.61328125 0.23890398541666666 0.59765625 0.21108469166666666 0.6025390625 0.14749773541666666 0.599609375 0.07728713749999999 0.587890625 0.04549366041666667 0.5791015625
4 0 0.7278519 0.041911535416666666 0.7734375 0.05924284791666667 0.7802734375 0.09923818333333333 0.787109375 0.16723025416666668 0.7880859375 0.17522932291666665 0.7841796875 0.1765625 0.7685546875 0.08723958333333333 0.7392578125 0.06057602708333333 0.7255859375 0.020580689583333332 0.693359375 0.0059157333333333334 0.689453125 0 0.6908975640625 0 0.7278519
11 0.6948186062499999 0.6083984375 0.7236709770833334 0.6123046875 0.7497755020833333 0.5986328125 0.7690104166666667 0.576171875 0.76763649375 0.5546875 0.7525233479166666 0.53125 0.7236709770833334 0.5126953125 0.711305675 0.5224609375 0.6906968395833334 0.5927734375 0.6893229166666667 0.6015625 0.6948186062499999 0.6083984375
11 0.684375 0.6171875 0.6830067791666666 0.59375 0.65701058125 0.5224609375 0.6474330354166666 0.513671875 0.6378554895833334 0.517578125 0.62417328125 0.5380859375 0.6022817458333333 0.6162109375 0.5981770833333333 0.6611328125 0.6597470229166666 0.6494140625 0.684375 0.6171875
3 0.3625 0.2529296875 0.3625 0.2626953125 0.37278125 0.2724609375 0.39921875 0.2666015625 0.39921875 0.2548828125 0.38159375 0.2509765625 0.3625 0.2529296875
3 0.40182291666666664 0.2841796875 0.39308449166666665 0.27734375 0.3683256166666667 0.2744140625 0.3625 0.2841796875 0.371238425 0.294921875 0.3843460645833333 0.2958984375 0.4003665125 0.2890625 0.40182291666666664 0.2841796875
3 0.39887152708333334 0.3427734375 0.37526041666666665 0.3408203125 0.36640625 0.3447265625 0.36788194375 0.3583984375 0.3796875 0.3623046875 0.39592013958333333 0.359375 0.40182291666666664 0.349609375 0.39887152708333334 0.3427734375
3 0.46145833333333336 0.41796875 0.46444128749999997 0.43359375 0.4868134479166667 0.439453125 0.4942708333333333 0.4326171875 0.4897964020833333 0.419921875 0.47339015208333335 0.4140625 0.46145833333333336 0.41796875
3 0.5210464020833333 0.421875 0.5031486749999999 0.4150390625 0.49569128749999997 0.4169921875 0.49270833333333336 0.4345703125 0.5016571979166666 0.439453125 0.519554925 0.439453125 0.5255208333333333 0.4326171875 0.5210464020833333 0.421875
3 0.5252604166666667 0.4462890625 0.52675189375 0.462890625 0.5491240520833334 0.466796875 0.5580729166666667 0.45703125 0.5535984854166667 0.44921875 0.54315814375 0.4443359375 0.5252604166666667 0.4462890625
3 0.5969965270833334 0.505859375 0.5739409729166667 0.4931640625 0.5552083333333333 0.49609375 0.55664930625 0.517578125 0.5667361104166667 0.5224609375 0.5869097229166667 0.521484375 0.5984375 0.5107421875 0.5969965270833334 0.505859375
3 0.59140625 0.4873046875 0.5971354166666667 0.4794921875 0.5928385416666667 0.4677734375 0.5813802083333334 0.4658203125 0.5555989583333333 0.4697265625 0.5513020833333333 0.482421875 0.5584635416666667 0.4912109375 0.578515625 0.4921875 0.59140625 0.4873046875
5 0.4355282729166667 0.4287109375 0.4253720229166667 0.4267578125 0.4007068458333333 0.44140625 0.3963541666666667 0.44921875 0.4021577375 0.453125 0.4282738104166667 0.455078125 0.43697916666666664 0.4453125 0.4355282729166667 0.4287109375
7 0.52206439375 0.568359375 0.50452178125 0.650390625 0.5018229166666667 0.6787109375 0.5085700750000001 0.6806640625 0.52206439375 0.67578125 0.5328598479166666 0.6640625 0.5625473479166666 0.580078125 0.6178740520833333 0.53125 0.6205729166666667 0.5185546875 0.6165246208333334 0.5087890625 0.6057291666666667 0.509765625 0.5881865520833334 0.5263671875 0.567945075 0.53515625 0.52206439375 0.568359375
3 0.7308098958333333 0.35251171875 0.7388236458333334 0.363806640625 0.7457087416666667 0.3702041015625 0.7458309604166666 0.3790361328125 0.7371714041666666 0.38530859375 0.7401077166666667 0.39799609375 0.7455729395833333 0.3990654296875 0.7592948458333333 0.384060546875 0.7612096354166666 0.3600712890625 0.7507499645833333 0.348333984375 0.7379997875 0.33856347656249997 0.7308098958333333 0.35251171875
3 0.7435855270833333 0.2958984375 0.7390213812499999 0.298828125 0.7375 0.3134765625 0.74206414375 0.32421875 0.7511924333333333 0.333984375 0.7496710520833333 0.349609375 0.7572779604166667 0.361328125 0.7587993416666666 0.361328125 0.76640625 0.3271484375 0.7648848687500001 0.326171875 0.7648848687500001 0.3173828125 0.7572779604166667 0.3056640625 0.7496710520833333 0.298828125 0.7435855270833333 0.2958984375
7 0.5808125000000001 0.650390625 0.6015937499999999 0.6142578125 0.6140625 0.5625 0.5863541666666666 0.5625 0.5711145833333333 0.57421875 0.5586458333333333 0.58984375 0.5447916666666667 0.6259765625 0.5447916666666667 0.638671875 0.5711145833333333 0.6572265625 0.5808125000000001 0.650390625
3 0.35034722291666665 0.583984375 0.36953125 0.5849609375 0.37838541666666664 0.5703125 0.3459201395833333 0.568359375 0.34296875 0.576171875 0.35034722291666665 0.583984375
3 0.43169981041666666 0.5908203125 0.43020833333333336 0.5986328125 0.44214015208333335 0.607421875 0.4555634479166667 0.6025390625 0.4630208333333333 0.591796875 0.46152935624999997 0.5888671875 0.43169981041666666 0.5908203125
3 0.37736639583333337 0.6669921875 0.39664855 0.6689453125 0.40703125 0.6552734375 0.37736639583333337 0.6494140625 0.3729166666666667 0.650390625 0.37736639583333337 0.6669921875
0 0.425 0.63671875 0.425 0.6484375 0.43234375 0.6552734375 0.46171875 0.64453125 0.46025 0.634765625 0.4514375 0.6279296875 0.425 0.63671875
6 0.44053819375000003 0.5263671875 0.4421875 0.513671875 0.4306423604166667 0.5078125 0.42239583333333336 0.509765625 0.42239583333333336 0.5234375 0.44053819375000003 0.5263671875
4 0.21543520416666664 0.509765625 0.2140625 0.5244140625 0.22367143333333334 0.537109375 0.23877118541666667 0.544921875 0.26897069166666665 0.5458984375 0.28407044583333335 0.5400390625 0.2950520833333333 0.529296875 0.2936793791666667 0.5107421875 0.27583421666666663 0.49609375 0.2511255291666667 0.501953125 0.23602577708333333 0.49609375 0.22641684375 0.4990234375 0.21543520416666664 0.509765625
4 0.25078125 0.57421875 0.24245854583333332 0.5556640625 0.22026466875 0.560546875 0.1897480875 0.556640625 0.1828125 0.5654296875 0.18697385208333334 0.583984375 0.21610331666666666 0.5947265625 0.2355229583333333 0.5908203125 0.25078125 0.57421875
2 0.13331330208333333 0.4345703125 0.14629407083333332 0.4306640625 0.14791666666666667 0.4248046875 0.13169070416666667 0.421875 0.12682291666666667 0.4306640625 0.13331330208333333 0.4345703125
2 0.11277777708333334 0.435546875 0.11119791666666666 0.439453125 0.11909722291666666 0.443359375 0.13015625 0.4423828125 0.13489583333333333 0.4375 0.13015625 0.431640625 0.11277777708333334 0.435546875
0 0.22450148749999999 0.443359375 0.2117113104166667 0.4384765625 0.17760416666666667 0.4423828125 0.17760416666666667 0.4541015625 0.18755208333333334 0.4609375 0.22165922708333333 0.45703125 0.22734375 0.4521484375 0.22450148749999999 0.443359375
0 0.28177083333333336 0.4130859375 0.28335069375 0.419921875 0.29914930625 0.41796875 0.30546875 0.404296875 0.28177083333333336 0.4130859375
5 0.3684375 0.4228515625 0.371875 0.41015625 0.36671875000000004 0.4013671875 0.35640625 0.40625 0.3546875 0.4189453125 0.3684375 0.4228515625
5 0.30895833333333333 0.2509765625 0.31197916666666664 0.244140625 0.30291666666666667 0.23046875 0.2953645833333333 0.2265625 0.28328125 0.2294921875 0.28177083333333336 0.2373046875 0.29083333333333333 0.248046875 0.296875 0.251953125 0.30895833333333333 0.2509765625
0 0 0.15560189062500002 0.010305060416666668 0.1572265625 0.075 0.146484375 0.06123511875 0.1298828125 0.014434522916666666 0.1279296875 0 0.1279296875 0 0.15560189062500002
2 0.35598958333333336 0.6005859375 0.35598958333333336 0.6123046875 0.36909722291666663 0.6171875 0.38366126458333333 0.6162109375 0.3953125 0.6064453125 0.38803047916666666 0.5986328125 0.35598958333333336 0.6005859375
2 0.5178199395833334 0.701171875 0.5098214291666666 0.701171875 0.5050223208333333 0.703125 0.5050223208333333 0.7041015625 0.5018229166666667 0.7060546875 0.5034226187499999 0.7099609375 0.5082217270833334 0.712890625 0.5146205354166666 0.71484375 0.5210193458333333 0.71484375 0.52421875 0.7109375 0.52421875 0.7080078125 0.5226190479166667 0.70703125 0.5226190479166667 0.7041015625 0.5210193458333333 0.7021484375 0.5178199395833334 0.701171875
4 0.590625 0.7001953125 0.590625 0.6455078125 0.46671146874999997 0.775390625 0.46536458333333336 0.7802734375 0.4707521291666667 0.78125 0.5259744625 0.7626953125 0.5852374541666666 0.708984375 0.590625 0.7001953125