4 0.42057291709183675 0.259765625 0.4765625 0.2919921875 0.5442708329081632 0.31640625 0.56640625 0.3759765625 0.5690104170918368 0.400390625 0.6158854170918368 0.40234375 0.5911458329081632 0.271484375 0.45963541709183675 0.21875 0.41927083290816325 0.2080078125 0.42057291709183675 0.259765625
4 0.43098958290816325 0.2802734375 0.42838541709183675 0.29296875 0.43489583290816325 0.31640625 0.42838541709183675 0.3193359375 0.42838541709183675 0.328125 0.43359375 0.3349609375 0.49479166709183675 0.3623046875 0.5143229170918368 0.4091796875 0.5651041670918368 0.412109375 0.5455729170918368 0.3203125 0.43098958290816325 0.2802734375
4 0.5065104170918368 0.412109375 0.5104166670918368 0.4072265625 0.49348958290816325 0.3623046875 0.46354166709183675 0.349609375 0.43098958290816325 0.3427734375 0.43098958290816325 0.4072265625 0.44010416709183675 0.4111328125 0.5065104170918368 0.412109375
9 0.5078125 0.208984375 0.5078125 0.220703125 0.5221354170918368 0.2314453125 0.53515625 0.2275390625 0.5442708329081632 0.2109375 0.5520833329081632 0.2060546875 0.5455729170918368 0.19921875 0.5364583329081632 0.2041015625 0.5130208329081632 0.205078125 0.5078125 0.208984375
9 0.506953125 0.1738525390625 0.5070572920918367 0.1738525390625 0.5070572920918367 0.1735693359375 0.506953125 0.1735693359375 0.506953125 0.1738525390625
9 0.5234375 0.1884765625 0.5247395829081632 0.185546875 0.5221354170918368 0.1748046875 0.51953125 0.1708984375 0.5065104170918368 0.162109375 0.48697916709183675 0.1318359375 0.48307291709183675 0.1298828125 0.47916666709183675 0.130859375 0.47786458290816325 0.1328125 0.48177083290816325 0.1416015625 0.49348958290816325 0.158203125 0.49609375 0.16796875 0.49348958290816325 0.1728515625 0.49479166709183675 0.18359375 0.5013020829081632 0.1904296875 0.5091145829081632 0.193359375 0.5169270829081632 0.193359375 0.5234375 0.1884765625
9 0.48697916709183675 0.5458984375 0.49479166709183675 0.55078125 0.5052083329081632 0.5498046875 0.5260416670918368 0.529296875 0.5286458329081632 0.5185546875 0.5052083329081632 0.5283203125 0.48828125 0.5302734375 0.484375 0.5361328125 0.48697916709183675 0.5458984375
9 0.484375 0.560546875 0.484375 0.5771484375 0.49869791709183675 0.5810546875 0.5286458329081632 0.5458984375 0.5208333329081632 0.5439453125 0.484375 0.560546875
9 0.5104166670918368 0.4658203125 0.5091145829081632 0.4775390625 0.5143229170918368 0.4833984375 0.5325520829081632 0.4814453125 0.5494791670918368 0.49609375 0.5559895829081632 0.4970703125 0.5572916670918368 0.490234375 0.53515625 0.4736328125 0.5325520829081632 0.466796875 0.5234375 0.4619140625 0.5104166670918368 0.4658203125
9 0.6041666670918368 0.54296875 0.6015625 0.5615234375 0.6184895829081632 0.556640625 0.62109375 0.5390625 0.61328125 0.5361328125 0.6041666670918368 0.54296875
9 0.34895833290816325 0.2958984375 0.35546875 0.2783203125 0.36848958290816325 0.2666015625 0.36197916709183675 0.26171875 0.3177083329081633 0.2802734375 0.31640625 0.294921875 0.33463541709183675 0.3037109375 0.34895833290816325 0.2958984375
9 0.2734375 0.4755859375 0.2734375 0.484375 0.2799479170918367 0.490234375 0.296875 0.4921875 0.3033854170918367 0.4892578125 0.30859375 0.4716796875 0.33333333290816325 0.44921875 0.33203125 0.4423828125 0.3255208329081633 0.4404296875 0.3072916670918367 0.45703125 0.2734375 0.4755859375
9 0.2565104170918367 0.4677734375 0.23958333290816328 0.4892578125 0.23958333290816328 0.494140625 0.24609375 0.4970703125 0.2877604170918367 0.4658203125 0.28515625 0.4541015625 0.2760416670918367 0.44921875 0.2643229170918367 0.44921875 0.2552083329081633 0.4560546875 0.2565104170918367 0.4677734375
9 0.17317708290816328 0.5234375 0.19401041709183672 0.5048828125 0.22526041709183672 0.4970703125 0.23177083290816328 0.4912109375 0.22916666709183672 0.4794921875 0.21875 0.4736328125 0.203125 0.4755859375 0.1953125 0.48828125 0.16276041709183675 0.5166015625 0.17317708290816328 0.5234375
9 0.1953125 0.5478515625 0.19140625 0.5546875 0.20052083290816328 0.55859375 0.21875 0.5478515625 0.22265625 0.5380859375 0.20963541709183672 0.5234375 0.19140625 0.529296875 0.18880208290816328 0.5400390625 0.1953125 0.5478515625
9 0.6953125 0.431640625 0.6861979170918366 0.44921875 0.6888020829081634 0.4541015625 0.703125 0.44140625 0.7018229170918366 0.4296875 0.6953125 0.431640625
9 0.7708333329081634 0.2861328125 0.7708333329081634 0.283203125 0.7760416670918366 0.2763671875 0.7760416670918366 0.2724609375 0.7747395829081634 0.2744140625 0.7721354170918366 0.275390625 0.7721354170918366 0.2763671875 0.7643229170918366 0.2822265625 0.76171875 0.2861328125 0.76171875 0.296875 0.7630208329081634 0.2998046875 0.7643229170918366 0.30078125 0.7669270829081634 0.30078125 0.7682291670918366 0.2998046875 0.7682291670918366 0.296875 0.76953125 0.2958984375 0.76953125 0.287109375 0.7708333329081634 0.2861328125
1 0.49088541709183675 0.2119140625 0.49348958290816325 0.1962890625 0.48177083290816325 0.1845703125 0.47005208290816325 0.1826171875 0.44921875 0.1923828125 0.44921875 0.2021484375 0.46614583290816325 0.21484375 0.49088541709183675 0.2119140625
0 0.45044661479591835 0.1041025390625 0.4500585931122449 0.1241708984375 0.4679596352040816 0.13171484375 0.48691015561224493 0.13022265625 0.48871484438775514 0.1132822265625 0.45044661479591835 0.1041025390625
3 0.54296875 0.19921875 0.5520833329081632 0.20703125 0.56640625 0.2099609375 0.57421875 0.20703125 0.58203125 0.1943359375 0.58203125 0.1845703125 0.5755208329081632 0.1787109375 0.55859375 0.1767578125 0.5442708329081632 0.1884765625 0.54296875 0.19921875
9 0.08463541709183674 0.109375 0.07552083290816326 0.123046875 0.0625 0.12890625 0.06640625 0.134765625 0.08333333290816326 0.1279296875 0.1015625 0.1337890625 0.1171875 0.12890625 0.11979166709183674 0.12109375 0.11197916709183674 0.1123046875 0.09765625 0.107421875 0.08463541709183674 0.109375
1 0.026041667091836734 0.181640625 0.0390625 0.1865234375 0.05078125 0.1796875 0.0546875 0.1689453125 0.04427083290816327 0.1552734375 0.02734375 0.15234375 0.015625 0.1572265625 0.015625 0.171875 0.026041667091836734 0.181640625
0 0.13151041709183675 0.201171875 0.13932291709183675 0.185546875 0.13671875 0.1728515625 0.12630208290816325 0.171875 0.09114583290816326 0.2021484375 0.09114583290816326 0.2099609375 0.09765625 0.2109375 0.13151041709183675 0.201171875
11 0.42057291709183675 0.41015625 0.41796875 0.361328125 0.4140625 0.359375 0.37890625 0.3974609375 0.36848958290816325 0.4580078125 0.36848958290816325 0.4814453125 0.42057291709183675 0.529296875 0.42057291709183675 0.41015625
4 0.2578125 0.7607421875 0.34114583290816325 0.7021484375 0.36588541709183675 0.65625 0.36588541709183675 0.64453125 0.28125 0.6875 0.23177083290816328 0.7197265625 0.18489583290816328 0.7373046875 0.15755208290816325 0.7587890625 0.2578125 0.7607421875
4 0.2546679681122449 0.6871728515625 0.2550195306122449 0.6871728515625 0.2550195306122449 0.6869482421875 0.2546679681122449 0.6869482421875 0.2546679681122449 0.6871728515625
3 0.6067708329081632 0.41015625 0.6028645829081632 0.421875 0.6158854170918368 0.455078125 0.6158854170918368 0.4638671875 0.59375 0.494140625 0.5950520829081632 0.5009765625 0.60546875 0.505859375 0.6158854170918368 0.5029296875 0.6236979170918368 0.4921875 0.6419270829081632 0.431640625 0.6197916670918368 0.40625 0.6067708329081632 0.41015625
7 0.2706953125 0.3369140625 0.29152864540816326 0.357421875 0.30715364540816326 0.38671875 0.31236197959183676 0.390625 0.3253828125 0.3876953125 0.3292890625 0.369140625 0.32277864540816326 0.3466796875 0.2902265625 0.328125 0.27199739540816326 0.3271484375 0.2706953125 0.3369140625
7 0.3020833329081633 0.41796875 0.33203125 0.44140625 0.34505208290816325 0.470703125 0.36067708290816325 0.4697265625 0.36328125 0.451171875 0.35807291709183675 0.4228515625 0.32421875 0.4072265625 0.3098958329081633 0.40625 0.3033854170918367 0.4111328125 0.3020833329081633 0.41796875
0 0 0.412109375 0.03125 0.4326171875 0.06510416709183674 0.4375 0.09244791709183674 0.4345703125 0.08854166709183674 0.4296875 0.05598958290816327 0.423828125 0.00390625 0.40234375 0 0.40234375 0 0.412109375
0 0.022135417091836734 0.50390625 0.014322917091836735 0.5048828125 0.005208332908163265 0.515625 0.0026041670918367345 0.5234375 0.0078125 0.529296875 0.08463541709183674 0.5517578125 0.15755208290816325 0.54296875 0.16666666709183672 0.5390625 0.16927083290816328 0.5322265625 0.16927083290816328 0.5263671875 0.16145833290816325 0.5205078125 0.08463541709183674 0.515625 0.022135417091836734 0.50390625
0 0.14713541709183675 0.599609375 0.078125 0.587890625 0.046875 0.5791015625 0.022135417091836734 0.56640625 0.015625 0.5673828125 0.006510417091836735 0.5771484375 0.006510417091836735 0.5888671875 0.022135417091836734 0.599609375 0.06770833290816326 0.6220703125 0.11197916709183674 0.63671875 0.18619791709183672 0.630859375 0.23046875 0.62109375 0.24609375 0.61328125 0.23697916709183672 0.59765625 0.20963541709183672 0.6025390625 0.14713541709183675 0.599609375
4 0 0.7255859375 0.04296875 0.7734375 0.05989583290816327 0.7802734375 0.09895833290816326 0.787109375 0.16536458290816328 0.7880859375 0.17317708290816328 0.7841796875 0.17447916709183672 0.7685546875 0.08723958290816326 0.7392578125 0.06119791709183673 0.7255859375 0.022135417091836734 0.693359375 0.0078125 0.689453125 0 0.69140625 0 0.7255859375
11 0.6927083329081634 0.5927734375 0.69140625 0.6015625 0.6966145829081634 0.6083984375 0.7239583329081634 0.6123046875 0.7486979170918366 0.5986328125 0.7669270829081634 0.576171875 0.765625 0.5546875 0.7513020829081634 0.53125 0.7239583329081634 0.5126953125 0.7122395829081634 0.5224609375 0.6927083329081634 0.5927734375
11 0.6002604170918368 0.6611328125 0.6588541670918366 0.6494140625 0.6822916670918366 0.6171875 0.6809895829081634 0.59375 0.65625 0.5224609375 0.6471354170918368 0.513671875 0.6380208329081632 0.517578125 0.625 0.5380859375 0.6041666670918368 0.6162109375 0.6002604170918368 0.6611328125
3 0.39713541709183675 0.2548828125 0.38151041709183675 0.2509765625 0.36458333290816325 0.2529296875 0.36458333290816325 0.2626953125 0.37369791709183675 0.2724609375 0.39713541709183675 0.2666015625 0.39713541709183675 0.2548828125
3 0.38411458290816325 0.2958984375 0.3984375 0.2890625 0.39973958290816325 0.2841796875 0.39192708290816325 0.27734375 0.36979166709183675 0.2744140625 0.36458333290816325 0.2841796875 0.37239583290816325 0.294921875 0.38411458290816325 0.2958984375
3 0.39453125 0.359375 0.39973958290816325 0.349609375 0.39713541709183675 0.3427734375 0.37630208290816325 0.3408203125 0.36848958290816325 0.3447265625 0.36979166709183675 0.3583984375 0.38020833290816325 0.3623046875 0.39453125 0.359375
3 0.48828125 0.419921875 0.47395833290816325 0.4140625 0.46354166709183675 0.41796875 0.46614583290816325 0.43359375 0.48567708290816325 0.439453125 0.4921875 0.4326171875 0.48828125 0.419921875
3 0.5182291670918368 0.439453125 0.5234375 0.4326171875 0.51953125 0.421875 0.50390625 0.4150390625 0.49739583290816325 0.4169921875 0.49479166709183675 0.4345703125 0.5026041670918368 0.439453125 0.5182291670918368 0.439453125
3 0.5520833329081632 0.44921875 0.54296875 0.4443359375 0.52734375 0.4462890625 0.5286458329081632 0.462890625 0.5481770829081632 0.466796875 0.5559895829081632 0.45703125 0.5520833329081632 0.44921875
3 0.5859375 0.521484375 0.5963541670918368 0.5107421875 0.5950520829081632 0.505859375 0.57421875 0.4931640625 0.5572916670918368 0.49609375 0.55859375 0.517578125 0.5677083329081632 0.5224609375 0.5859375 0.521484375
3 0.5598958329081632 0.4912109375 0.578125 0.4921875 0.58984375 0.4873046875 0.5950520829081632 0.4794921875 0.5911458329081632 0.4677734375 0.5807291670918368 0.4658203125 0.5572916670918368 0.4697265625 0.5533854170918368 0.482421875 0.5598958329081632 0.4912109375
5 0.42708333290816325 0.455078125 0.43489583290816325 0.4453125 0.43359375 0.4287109375 0.42447916709183675 0.4267578125 0.40234375 0.44140625 0.3984375 0.44921875 0.40364583290816325 0.453125 0.42708333290816325 0.455078125
7 0.5872395829081632 0.5263671875 0.5677083329081632 0.53515625 0.5234375 0.568359375 0.5065104170918368 0.650390625 0.50390625 0.6787109375 0.5104166670918368 0.6806640625 0.5234375 0.67578125 0.5338541670918368 0.6640625 0.5625 0.580078125 0.6158854170918368 0.53125 0.6184895829081632 0.5185546875 0.6145833329081632 0.5087890625 0.6041666670918368 0.509765625 0.5872395829081632 0.5263671875
3 0.7501002602040817 0.348333984375 0.7390976556122448 0.3385634765625 0.7328932295918368 0.35251171875 0.7398085931122449 0.363806640625 0.74575 0.3702041015625 0.7458554681122449 0.3790361328125 0.7383828124999999 0.38530859375 0.7409166670918367 0.39799609375 0.7456328125 0.3990654296875 0.7574739579081633 0.384060546875 0.7591263022959184 0.3600712890625 0.7501002602040817 0.348333984375
3 0.7565104170918366 0.3056640625 0.75 0.298828125 0.7447916670918366 0.2958984375 0.7408854170918366 0.298828125 0.7395833329081634 0.3134765625 0.7434895829081634 0.32421875 0.7513020829081634 0.333984375 0.75 0.349609375 0.7565104170918366 0.361328125 0.7578125 0.361328125 0.7643229170918366 0.3271484375 0.7630208329081634 0.326171875 0.7630208329081634 0.3173828125 0.7565104170918366 0.3056640625
7 0.546875 0.638671875 0.5716145829081632 0.6572265625 0.5807291670918368 0.650390625 0.6002604170918368 0.6142578125 0.6119791670918368 0.5625 0.5859375 0.5625 0.5716145829081632 0.57421875 0.5598958329081632 0.58984375 0.546875 0.6259765625 0.546875 0.638671875
3 0.34765625 0.568359375 0.34505208290816325 0.576171875 0.3515625 0.583984375 0.36848958290816325 0.5849609375 0.37630208290816325 0.5703125 0.34765625 0.568359375
3 0.4609375 0.591796875 0.45963541709183675 0.5888671875 0.43359375 0.5908203125 0.43229166709183675 0.5986328125 0.44270833290816325 0.607421875 0.45442708290816325 0.6025390625 0.4609375 0.591796875
3 0.37890625 0.6494140625 0.375 0.650390625 0.37890625 0.6669921875 0.39583333290816325 0.6689453125 0.40494791709183675 0.6552734375 0.37890625 0.6494140625
0 0.45833333290816325 0.634765625 0.45052083290816325 0.6279296875 0.42708333290816325 0.63671875 0.42708333290816325 0.6484375 0.43359375 0.6552734375 0.45963541709183675 0.64453125 0.45833333290816325 0.634765625
6 0.42447916709183675 0.509765625 0.42447916709183675 0.5234375 0.43880208290816325 0.5263671875 0.44010416709183675 0.513671875 0.43098958290816325 0.5078125 0.42447916709183675 0.509765625
4 0.23697916709183672 0.49609375 0.22786458290816328 0.4990234375 0.21744791709183672 0.509765625 0.21614583290816328 0.5244140625 0.22526041709183672 0.537109375 0.23958333290816328 0.544921875 0.2682291670918367 0.5458984375 0.2825520829081633 0.5400390625 0.29296875 0.529296875 0.2916666670918367 0.5107421875 0.2747395829081633 0.49609375 0.2513020829081633 0.501953125 0.23697916709183672 0.49609375
4 0.21614583290816328 0.5947265625 0.234375 0.5908203125 0.24869791709183672 0.57421875 0.24088541709183672 0.5556640625 0.22005208290816328 0.560546875 0.19140625 0.556640625 0.18489583290816328 0.5654296875 0.18880208290816328 0.583984375 0.21614583290816328 0.5947265625
2 0.1328125 0.421875 0.12890625 0.4306640625 0.13411458290816325 0.4345703125 0.14453125 0.4306640625 0.14583333290816325 0.4248046875 0.1328125 0.421875
2 0.1328125 0.4375 0.12890625 0.431640625 0.11458333290816326 0.435546875 0.11328125 0.439453125 0.11979166709183674 0.443359375 0.12890625 0.4423828125 0.1328125 0.4375
0 0.22005208290816328 0.45703125 0.22526041709183672 0.4521484375 0.22265625 0.443359375 0.2109375 0.4384765625 0.1796875 0.4423828125 0.1796875 0.4541015625 0.18880208290816328 0.4609375 0.22005208290816328 0.45703125
0 0.2981770829081633 0.41796875 0.3033854170918367 0.404296875 0.2838541670918367 0.4130859375 0.28515625 0.419921875 0.2981770829081633 0.41796875
5 0.35807291709183675 0.40625 0.35677083290816325 0.4189453125 0.3671875 0.4228515625 0.36979166709183675 0.41015625 0.36588541709183675 0.4013671875 0.35807291709183675 0.40625
5 0.2916666670918367 0.248046875 0.296875 0.251953125 0.3072916670918367 0.2509765625 0.3098958329081633 0.244140625 0.3020833329081633 0.23046875 0.2955729170918367 0.2265625 0.28515625 0.2294921875 0.2838541670918367 0.2373046875 0.2916666670918367 0.248046875
0 0 0.1552734375 0.01171875 0.1572265625 0.07291666709183674 0.146484375 0.05989583290816327 0.1298828125 0.015625 0.1279296875 0 0.1279296875 0 0.1552734375
2 0.39322916709183675 0.6064453125 0.38671875 0.5986328125 0.35807291709183675 0.6005859375 0.35807291709183675 0.6123046875 0.36979166709183675 0.6171875 0.3828125 0.6162109375 0.39322916709183675 0.6064453125
2 0.5208333329081632 0.7041015625 0.51953125 0.7021484375 0.5169270829081632 0.701171875 0.5104166670918368 0.701171875 0.5065104170918368 0.703125 0.5065104170918368 0.7041015625 0.50390625 0.7060546875 0.5052083329081632 0.7099609375 0.5091145829081632 0.712890625 0.5143229170918368 0.71484375 0.51953125 0.71484375 0.5221354170918368 0.7109375 0.5221354170918368 0.7080078125 0.5208333329081632 0.70703125 0.5208333329081632 0.7041015625
4 0.5260416670918368 0.7626953125 0.5833333329081632 0.708984375 0.5885416670918368 0.7001953125 0.5885416670918368 0.6455078125 0.46875 0.775390625 0.46744791709183675 0.7802734375 0.47265625 0.78125 0.5260416670918368 0.7626953125