4 0.56640625 0.3759765625 0.5690104166666666 0.400390625 0.6158854166666666 0.40234375 0.5911458333333334 0.271484375 0.4596354166666667 0.21875 0.4192708333333333 0.2080078125 0.4205729166666667 0.259765625 0.4765625 0.2919921875 0.5442708333333334 0.31640625 0.56640625 0.3759765625
4 0.4283854166666667 0.328125 0.43359375 0.3349609375 0.4947916666666667 0.3623046875 0.5143229166666666 0.4091796875 0.5651041666666666 0.412109375 0.5455729166666666 0.3203125 0.4309895833333333 0.2802734375 0.4283854166666667 0.29296875 0.4348958333333333 0.31640625 0.4283854166666667 0.3193359375 0.4283854166666667 0.328125
4 0.5104166666666666 0.4072265625 0.4934895833333333 0.3623046875 0.4635416666666667 0.349609375 0.4309895833333333 0.3427734375 0.4309895833333333 0.4072265625 0.4401041666666667 0.4111328125 0.5065104166666666 0.412109375 0.5104166666666666 0.4072265625
9 0.53515625 0.2275390625 0.5442708333333334 0.2109375 0.5520833333333334 0.2060546875 0.5455729166666666 0.19921875 0.5364583333333334 0.2041015625 0.5130208333333334 0.205078125 0.5078125 0.208984375 0.5078125 0.220703125 0.5221354166666666 0.2314453125 0.53515625 0.2275390625
9 0.5070572916666667 0.17356933593749999 0.506953125 0.17356933593749999 0.506953125 0.1738525390625 0.5070572916666667 0.1738525390625 0.5070572916666667 0.17356933593749999
9 0.49609375 0.16796875 0.4934895833333333 0.1728515625 0.4947916666666667 0.18359375 0.5013020833333334 0.1904296875 0.5091145833333334 0.193359375 0.5169270833333334 0.193359375 0.5234375 0.1884765625 0.5247395833333334 0.185546875 0.5221354166666666 0.1748046875 0.51953125 0.1708984375 0.5065104166666666 0.162109375 0.4869791666666667 0.1318359375 0.4830729166666667 0.1298828125 0.4791666666666667 0.130859375 0.4778645833333333 0.1328125 0.4817708333333333 0.1416015625 0.4934895833333333 0.158203125 0.49609375 0.16796875
9 0.5052083333333334 0.5498046875 0.5260416666666666 0.529296875 0.5286458333333334 0.5185546875 0.5052083333333334 0.5283203125 0.48828125 0.5302734375 0.484375 0.5361328125 0.4869791666666667 0.5458984375 0.4947916666666667 0.55078125 0.5052083333333334 0.5498046875
9 0.5208333333333334 0.5439453125 0.484375 0.560546875 0.484375 0.5771484375 0.4986979166666667 0.5810546875 0.5286458333333334 0.5458984375 0.5208333333333334 0.5439453125
9 0.5494791666666666 0.49609375 0.5559895833333334 0.4970703125 0.5572916666666666 0.490234375 0.53515625 0.4736328125 0.5325520833333334 0.466796875 0.5234375 0.4619140625 0.5104166666666666 0.4658203125 0.5091145833333334 0.4775390625 0.5143229166666666 0.4833984375 0.5325520833333334 0.4814453125 0.5494791666666666 0.49609375
9 0.61328125 0.5361328125 0.6041666666666666 0.54296875 0.6015625 0.5615234375 0.6184895833333334 0.556640625 0.62109375 0.5390625 0.61328125 0.5361328125
9 0.35546875 0.2783203125 0.3684895833333333 0.2666015625 0.3619791666666667 0.26171875 0.3177083333333333 0.2802734375 0.31640625 0.294921875 0.3346354166666667 0.3037109375 0.3489583333333333 0.2958984375 0.35546875 0.2783203125
9 0.3033854166666667 0.4892578125 0.30859375 0.4716796875 0.3333333333333333 0.44921875 0.33203125 0.4423828125 0.3255208333333333 0.4404296875 0.3072916666666667 0.45703125 0.2734375 0.4755859375 0.2734375 0.484375 0.2799479166666667 0.490234375 0.296875 0.4921875 0.3033854166666667 0.4892578125
9 0.24609375 0.4970703125 0.2877604166666667 0.4658203125 0.28515625 0.4541015625 0.2760416666666667 0.44921875 0.2643229166666667 0.44921875 0.2552083333333333 0.4560546875 0.2565104166666667 0.4677734375 0.23958333333333334 0.4892578125 0.23958333333333334 0.494140625 0.24609375 0.4970703125
9 0.23177083333333334 0.4912109375 0.22916666666666666 0.4794921875 0.21875 0.4736328125 0.203125 0.4755859375 0.1953125 0.48828125 0.16276041666666666 0.5166015625 0.17317708333333334 0.5234375 0.19401041666666666 0.5048828125 0.22526041666666666 0.4970703125 0.23177083333333334 0.4912109375
9 0.20052083333333334 0.55859375 0.21875 0.5478515625 0.22265625 0.5380859375 0.20963541666666666 0.5234375 0.19140625 0.529296875 0.18880208333333334 0.5400390625 0.1953125 0.5478515625 0.19140625 0.5546875 0.20052083333333334 0.55859375
9 0.7018229166666666 0.4296875 0.6953125 0.431640625 0.6861979166666666 0.44921875 0.6888020833333334 0.4541015625 0.703125 0.44140625 0.7018229166666666 0.4296875
9 0.7643229166666666 0.30078125 0.7669270833333334 0.30078125 0.7682291666666666 0.2998046875 0.7682291666666666 0.296875 0.76953125 0.2958984375 0.76953125 0.287109375 0.7708333333333334 0.2861328125 0.7708333333333334 0.283203125 0.7760416666666666 0.2763671875 0.7760416666666666 0.2724609375 0.7747395833333334 0.2744140625 0.7721354166666666 0.275390625 0.7721354166666666 0.2763671875 0.7643229166666666 0.2822265625 0.76171875 0.2861328125 0.76171875 0.296875 0.7630208333333334 0.2998046875 0.7643229166666666 0.30078125
1 0.4934895833333333 0.1962890625 0.4817708333333333 0.1845703125 0.4700520833333333 0.1826171875 0.44921875 0.1923828125 0.44921875 0.2021484375 0.4661458333333333 0.21484375 0.4908854166666667 0.2119140625 0.4934895833333333 0.1962890625
0 0.48871484375 0.1132822265625 0.4504466145833333 0.1041025390625 0.45005859374999996 0.1241708984375 0.46795963541666663 0.13171484375 0.48691015624999995 0.13022265625 0.48871484375 0.1132822265625
3 0.57421875 0.20703125 0.58203125 0.1943359375 0.58203125 0.1845703125 0.5755208333333334 0.1787109375 0.55859375 0.1767578125 0.5442708333333334 0.1884765625 0.54296875 0.19921875 0.5520833333333334 0.20703125 0.56640625 0.2099609375 0.57421875 0.20703125
9 0.08333333333333333 0.1279296875 0.1015625 0.1337890625 0.1171875 0.12890625 0.11979166666666667 0.12109375 0.11197916666666667 0.1123046875 0.09765625 0.107421875 0.08463541666666667 0.109375 0.07552083333333333 0.123046875 0.0625 0.12890625 0.06640625 0.134765625 0.08333333333333333 0.1279296875
1 0.05078125 0.1796875 0.0546875 0.1689453125 0.044270833333333336 0.1552734375 0.02734375 0.15234375 0.015625 0.1572265625 0.015625 0.171875 0.026041666666666668 0.181640625 0.0390625 0.1865234375 0.05078125 0.1796875
0 0.13932291666666666 0.185546875 0.13671875 0.1728515625 0.12630208333333334 0.171875 0.09114583333333333 0.2021484375 0.09114583333333333 0.2099609375 0.09765625 0.2109375 0.13151041666666666 0.201171875 0.13932291666666666 0.185546875
11 0.41796875 0.361328125 0.4140625 0.359375 0.37890625 0.3974609375 0.3684895833333333 0.4580078125 0.3684895833333333 0.4814453125 0.4205729166666667 0.529296875 0.4205729166666667 0.41015625 0.41796875 0.361328125
4 0.3658854166666667 0.65625 0.3658854166666667 0.64453125 0.28125 0.6875 0.23177083333333334 0.7197265625 0.18489583333333334 0.7373046875 0.15755208333333334 0.7587890625 0.2578125 0.7607421875 0.3411458333333333 0.7021484375 0.3658854166666667 0.65625
4 0.25501953125 0.6869482421875001 0.25466796875 0.6869482421875001 0.25466796875 0.6871728515625 0.25501953125 0.6871728515625 0.25501953125 0.6869482421875001
3 0.5950520833333334 0.5009765625 0.60546875 0.505859375 0.6158854166666666 0.5029296875 0.6236979166666666 0.4921875 0.6419270833333334 0.431640625 0.6197916666666666 0.40625 0.6067708333333334 0.41015625 0.6028645833333334 0.421875 0.6158854166666666 0.455078125 0.6158854166666666 0.4638671875 0.59375 0.494140625 0.5950520833333334 0.5009765625
7 0.3123619791666667 0.390625 0.3253828125 0.3876953125 0.3292890625 0.369140625 0.3227786458333333 0.3466796875 0.2902265625 0.328125 0.2719973958333333 0.3271484375 0.2706953125 0.3369140625 0.2915286458333333 0.357421875 0.3071536458333333 0.38671875 0.3123619791666667 0.390625
7 0.3606770833333333 0.4697265625 0.36328125 0.451171875 0.3580729166666667 0.4228515625 0.32421875 0.4072265625 0.3098958333333333 0.40625 0.3033854166666667 0.4111328125 0.3020833333333333 0.41796875 0.33203125 0.44140625 0.3450520833333333 0.470703125 0.3606770833333333 0.4697265625
0 0 0.412109375 0.03125 0.4326171875 0.06510416666666667 0.4375 0.09244791666666667 0.4345703125 0.08854166666666667 0.4296875 0.055989583333333336 0.423828125 0.00390625 0.40234375 0 0.40234375 0 0.412109375
0 0.15755208333333334 0.54296875 0.16666666666666666 0.5390625 0.16927083333333334 0.5322265625 0.16927083333333334 0.5263671875 0.16145833333333334 0.5205078125 0.08463541666666667 0.515625 0.022135416666666668 0.50390625 0.014322916666666666 0.5048828125 0.005208333333333333 0.515625 0.0026041666666666665 0.5234375 0.0078125 0.529296875 0.08463541666666667 0.5517578125 0.15755208333333334 0.54296875
0 0.11197916666666667 0.63671875 0.18619791666666666 0.630859375 0.23046875 0.62109375 0.24609375 0.61328125 0.23697916666666666 0.59765625 0.20963541666666666 0.6025390625 0.14713541666666666 0.599609375 0.078125 0.587890625 0.046875 0.5791015625 0.022135416666666668 0.56640625 0.015625 0.5673828125 0.006510416666666667 0.5771484375 0.006510416666666667 0.5888671875 0.022135416666666668 0.599609375 0.06770833333333333 0.6220703125 0.11197916666666667 0.63671875
4 0 0.7255859375 0.04296875 0.7734375 0.059895833333333336 0.7802734375 0.09895833333333333 0.787109375 0.16536458333333334 0.7880859375 0.17317708333333334 0.7841796875 0.17447916666666666 0.7685546875 0.08723958333333333 0.7392578125 0.061197916666666664 0.7255859375 0.022135416666666668 0.693359375 0.0078125 0.689453125 0 0.69140625 0 0.7255859375
11 0.7486979166666666 0.5986328125 0.7669270833333334 0.576171875 0.765625 0.5546875 0.7513020833333334 0.53125 0.7239583333333334 0.5126953125 0.7122395833333334 0.5224609375 0.6927083333333334 0.5927734375 0.69140625 0.6015625 0.6966145833333334 0.6083984375 0.7239583333333334 0.6123046875 0.7486979166666666 0.5986328125
11 0.6809895833333334 0.59375 0.65625 0.5224609375 0.6471354166666666 0.513671875 0.6380208333333334 0.517578125 0.625 0.5380859375 0.6041666666666666 0.6162109375 0.6002604166666666 0.6611328125 0.6588541666666666 0.6494140625 0.6822916666666666 0.6171875 0.6809895833333334 0.59375
3 0.3971354166666667 0.2548828125 0.3815104166666667 0.2509765625 0.3645833333333333 0.2529296875 0.3645833333333333 0.2626953125 0.3736979166666667 0.2724609375 0.3971354166666667 0.2666015625 0.3971354166666667 0.2548828125
3 0.3984375 0.2890625 0.3997395833333333 0.2841796875 0.3919270833333333 0.27734375 0.3697916666666667 0.2744140625 0.3645833333333333 0.2841796875 0.3723958333333333 0.294921875 0.3841145833333333 0.2958984375 0.3984375 0.2890625
3 0.3997395833333333 0.349609375 0.3971354166666667 0.3427734375 0.3763020833333333 0.3408203125 0.3684895833333333 0.3447265625 0.3697916666666667 0.3583984375 0.3802083333333333 0.3623046875 0.39453125 0.359375 0.3997395833333333 0.349609375
3 0.48828125 0.419921875 0.4739583333333333 0.4140625 0.4635416666666667 0.41796875 0.4661458333333333 0.43359375 0.4856770833333333 0.439453125 0.4921875 0.4326171875 0.48828125 0.419921875
3 0.5234375 0.4326171875 0.51953125 0.421875 0.50390625 0.4150390625 0.4973958333333333 0.4169921875 0.4947916666666667 0.4345703125 0.5026041666666666 0.439453125 0.5182291666666666 0.439453125 0.5234375 0.4326171875
3 0.5520833333333334 0.44921875 0.54296875 0.4443359375 0.52734375 0.4462890625 0.5286458333333334 0.462890625 0.5481770833333334 0.466796875 0.5559895833333334 0.45703125 0.5520833333333334 0.44921875
3 0.5963541666666666 0.5107421875 0.5950520833333334 0.505859375 0.57421875 0.4931640625 0.5572916666666666 0.49609375 0.55859375 0.517578125 0.5677083333333334 0.5224609375 0.5859375 0.521484375 0.5963541666666666 0.5107421875
3 0.58984375 0.4873046875 0.5950520833333334 0.4794921875 0.5911458333333334 0.4677734375 0.5807291666666666 0.4658203125 0.5572916666666666 0.4697265625 0.5533854166666666 0.482421875 0.5598958333333334 0.4912109375 0.578125 0.4921875 0.58984375 0.4873046875
5 0.4348958333333333 0.4453125 0.43359375 0.4287109375 0.4244791666666667 0.4267578125 0.40234375 0.44140625 0.3984375 0.44921875 0.4036458333333333 0.453125 0.4270833333333333 0.455078125 0.4348958333333333 0.4453125
7 0.5338541666666666 0.6640625 0.5625 0.580078125 0.6158854166666666 0.53125 0.6184895833333334 0.5185546875 0.6145833333333334 0.5087890625 0.6041666666666666 0.509765625 0.5872395833333334 0.5263671875 0.5677083333333334 0.53515625 0.5234375 0.568359375 0.5065104166666666 0.650390625 0.50390625 0.6787109375 0.5104166666666666 0.6806640625 0.5234375 0.67578125 0.5338541666666666 0.6640625
3 0.74585546875 0.3790361328125 0.7383828124999999 0.38530859375 0.7409166666666667 0.39799609375 0.7456328125 0.3990654296875 0.7574739583333333 0.384060546875 0.7591263020833333 0.3600712890625 0.7501002604166668 0.348333984375 0.73909765625 0.33856347656249997 0.7328932291666667 0.35251171875 0.73980859375 0.363806640625 0.7457499999999999 0.3702041015625 0.74585546875 0.3790361328125
3 0.75 0.349609375 0.7565104166666666 0.361328125 0.7578125 0.361328125 0.7643229166666666 0.3271484375 0.7630208333333334 0.326171875 0.7630208333333334 0.3173828125 0.7565104166666666 0.3056640625 0.75 0.298828125 0.7447916666666666 0.2958984375 0.7408854166666666 0.298828125 0.7395833333333334 0.3134765625 0.7434895833333334 0.32421875 0.7513020833333334 0.333984375 0.75 0.349609375
7 0.6002604166666666 0.6142578125 0.6119791666666666 0.5625 0.5859375 0.5625 0.5716145833333334 0.57421875 0.5598958333333334 0.58984375 0.546875 0.6259765625 0.546875 0.638671875 0.5716145833333334 0.6572265625 0.5807291666666666 0.650390625 0.6002604166666666 0.6142578125
3 0.3763020833333333 0.5703125 0.34765625 0.568359375 0.3450520833333333 0.576171875 0.3515625 0.583984375 0.3684895833333333 0.5849609375 0.3763020833333333 0.5703125
3 0.4609375 0.591796875 0.4596354166666667 0.5888671875 0.43359375 0.5908203125 0.4322916666666667 0.5986328125 0.4427083333333333 0.607421875 0.4544270833333333 0.6025390625 0.4609375 0.591796875
3 0.4049479166666667 0.6552734375 0.37890625 0.6494140625 0.375 0.650390625 0.37890625 0.6669921875 0.3958333333333333 0.6689453125 0.4049479166666667 0.6552734375
0 0.4583333333333333 0.634765625 0.4505208333333333 0.6279296875 0.4270833333333333 0.63671875 0.4270833333333333 0.6484375 0.43359375 0.6552734375 0.4596354166666667 0.64453125 0.4583333333333333 0.634765625
6 0.4309895833333333 0.5078125 0.4244791666666667 0.509765625 0.4244791666666667 0.5234375 0.4388020833333333 0.5263671875 0.4401041666666667 0.513671875 0.4309895833333333 0.5078125
4 0.2682291666666667 0.5458984375 0.2825520833333333 0.5400390625 0.29296875 0.529296875 0.2916666666666667 0.5107421875 0.2747395833333333 0.49609375 0.2513020833333333 0.501953125 0.23697916666666666 0.49609375 0.22786458333333334 0.4990234375 0.21744791666666666 0.509765625 0.21614583333333334 0.5244140625 0.22526041666666666 0.537109375 0.23958333333333334 0.544921875 0.2682291666666667 0.5458984375
4 0.24869791666666666 0.57421875 0.24088541666666666 0.5556640625 0.22005208333333334 0.560546875 0.19140625 0.556640625 0.18489583333333334 0.5654296875 0.18880208333333334 0.583984375 0.21614583333333334 0.5947265625 0.234375 0.5908203125 0.24869791666666666 0.57421875
2 0.14583333333333334 0.4248046875 0.1328125 0.421875 0.12890625 0.4306640625 0.13411458333333334 0.4345703125 0.14453125 0.4306640625 0.14583333333333334 0.4248046875
2 0.1328125 0.4375 0.12890625 0.431640625 0.11458333333333333 0.435546875 0.11328125 0.439453125 0.11979166666666667 0.443359375 0.12890625 0.4423828125 0.1328125 0.4375
0 0.22526041666666666 0.4521484375 0.22265625 0.443359375 0.2109375 0.4384765625 0.1796875 0.4423828125 0.1796875 0.4541015625 0.18880208333333334 0.4609375 0.22005208333333334 0.45703125 0.22526041666666666 0.4521484375
0 0.2838541666666667 0.4130859375 0.28515625 0.419921875 0.2981770833333333 0.41796875 0.3033854166666667 0.404296875 0.2838541666666667 0.4130859375
5 0.3658854166666667 0.4013671875 0.3580729166666667 0.40625 0.3567708333333333 0.4189453125 0.3671875 0.4228515625 0.3697916666666667 0.41015625 0.3658854166666667 0.4013671875
5 0.3072916666666667 0.2509765625 0.3098958333333333 0.244140625 0.3020833333333333 0.23046875 0.2955729166666667 0.2265625 0.28515625 0.2294921875 0.2838541666666667 0.2373046875 0.2916666666666667 0.248046875 0.296875 0.251953125 0.3072916666666667 0.2509765625
0 0 0.1552734375 0.01171875 0.1572265625 0.07291666666666667 0.146484375 0.059895833333333336 0.1298828125 0.015625 0.1279296875 0 0.1279296875 0 0.1552734375
2 0.3932291666666667 0.6064453125 0.38671875 0.5986328125 0.3580729166666667 0.6005859375 0.3580729166666667 0.6123046875 0.3697916666666667 0.6171875 0.3828125 0.6162109375 0.3932291666666667 0.6064453125
2 0.5091145833333334 0.712890625 0.5143229166666666 0.71484375 0.51953125 0.71484375 0.5221354166666666 0.7109375 0.5221354166666666 0.7080078125 0.5208333333333334 0.70703125 0.5208333333333334 0.7041015625 0.51953125 0.7021484375 0.5169270833333334 0.701171875 0.5104166666666666 0.701171875 0.5065104166666666 0.703125 0.5065104166666666 0.7041015625 0.50390625 0.7060546875 0.5052083333333334 0.7099609375 0.5091145833333334 0.712890625
4 0.5833333333333334 0.708984375 0.5885416666666666 0.7001953125 0.5885416666666666 0.6455078125 0.46875 0.775390625 0.4674479166666667 0.7802734375 0.47265625 0.78125 0.5260416666666666 0.7626953125 0.5833333333333334 0.708984375