10 0.6953125 0.390625 0.671875 0.3720703125 0.609375 0.34765625 0.51953125 0.3330078125 0.4609375 0.337890625 0.44661458290816325 0.34765625 0.43880208290816325 0.365234375 0.43489583290816325 0.4326171875 0.43880208290816325 0.4404296875 0.45833333290816325 0.4541015625 0.5572916670918368 0.4970703125 0.5872395829081632 0.505859375 0.6588541670918366 0.5107421875 0.6796875 0.5009765625 0.6966145829081634 0.4716796875 0.703125 0.4150390625 0.6953125 0.390625
4 0.8229166670918366 0.4609375 0.7630208329081634 0.4443359375 0.7291666670918366 0.4423828125 0.7122395829081634 0.4541015625 0.6510416670918368 0.5595703125 0.65234375 0.5732421875 0.6692708329081634 0.5830078125 0.7955729170918366 0.6005859375 0.8138020829081634 0.599609375 0.8346354170918366 0.5869140625 0.859375 0.556640625 0.8932291670918366 0.5068359375 0.8958333329081634 0.494140625 0.87890625 0.48046875 0.8229166670918366 0.4609375
4 0.91796875 0.6611328125 0.91796875 0.6455078125 0.9049479170918366 0.6298828125 0.8619791670918366 0.5966796875 0.8489583329081634 0.58984375 0.8359375 0.58984375 0.7903645829081634 0.6181640625 0.72265625 0.6708984375 0.6471354170918368 0.7060546875 0.60546875 0.732421875 0.59765625 0.7421875 0.59765625 0.7607421875 0.6080729170918368 0.779296875 0.65234375 0.82421875 0.6979166670918366 0.859375 0.71875 0.8671875 0.734375 0.8681640625 0.76953125 0.84375 0.8489583329081634 0.7578125 0.9075520829081634 0.681640625 0.91796875 0.6611328125
3 0.9830729170918366 0.5283203125 0.95703125 0.5322265625 0.9049479170918366 0.544921875 0.8841145829081634 0.556640625 0.8684895829081634 0.5791015625 0.8684895829081634 0.5859375 0.8776041670918366 0.59375 0.9010416670918366 0.603515625 0.9583333329081634 0.6064453125 0.9778645829081634 0.595703125 0.9908854170918366 0.57421875 0.99609375 0.5439453125 0.9934895829081634 0.5322265625 0.9830729170918366 0.5283203125
1 0.7057291670918366 0.314453125 0.7044270829081634 0.3232421875 0.7109375 0.3291015625 0.7447916670918366 0.3388671875 0.7708333329081634 0.3349609375 0.7890625 0.3232421875 0.7799479170918366 0.3017578125 0.7669270829081634 0.2919921875 0.7552083329081634 0.2890625 0.7278645829081634 0.2919921875 0.7057291670918366 0.314453125
1 0.81640625 0.2509765625 0.8203125 0.2548828125 0.8580729170918366 0.2646484375 0.8919270829081634 0.2548828125 0.8958333329081634 0.248046875 0.8854166670918366 0.2275390625 0.8606770829081634 0.216796875 0.8359375 0.2216796875 0.8190104170918366 0.23828125 0.81640625 0.2509765625
1 0.11588541709183674 0.330078125 0.12109375 0.3427734375 0.13020833290816325 0.3486328125 0.140625 0.34765625 0.15885416709183675 0.33203125 0.16276041709183675 0.3203125 0.13802083290816325 0.3076171875 0.125 0.310546875 0.11848958290816326 0.3173828125 0.11588541709183674 0.330078125
1 0.35677083290816325 0.2265625 0.37630208290816325 0.2373046875 0.39322916709183675 0.216796875 0.39453125 0.2021484375 0.37890625 0.1904296875 0.3671875 0.19140625 0.35546875 0.19921875 0.3515625 0.21484375 0.35677083290816325 0.2265625
1 0.140625 0.26953125 0.15885416709183675 0.2607421875 0.171875 0.244140625 0.16796875 0.236328125 0.1484375 0.228515625 0.13671875 0.2314453125 0.12760416709183675 0.2421875 0.12890625 0.26171875 0.140625 0.26953125
1 0.19921875 0.1337890625 0.203125 0.140625 0.21484375 0.142578125 0.23046875 0.1357421875 0.23958333290816328 0.125 0.2421875 0.1123046875 0.2265625 0.103515625 0.21484375 0.1025390625 0.20182291709183672 0.11328125 0.19921875 0.1337890625
9 0.49088541709183675 0.1298828125 0.49348958290816325 0.140625 0.51953125 0.1298828125 0.5455729170918368 0.1328125 0.5598958329081632 0.1259765625 0.5611979170918368 0.1162109375 0.546875 0.1064453125 0.5260416670918368 0.10546875 0.5104166670918368 0.1142578125 0.5078125 0.1240234375 0.49088541709183675 0.1298828125
9 0.16927083290816328 0.1298828125 0.16927083290816328 0.1220703125 0.16145833290816325 0.1162109375 0.15364583290816325 0.1162109375 0.13932291709183675 0.12890625 0.13802083290816325 0.1396484375 0.14973958290816325 0.140625 0.16927083290816328 0.1298828125
9 0.34895833290816325 0.552734375 0.3515625 0.5751953125 0.359375 0.5791015625 0.37630208290816325 0.5751953125 0.38802083290816325 0.5595703125 0.38671875 0.5390625 0.39713541709183675 0.51953125 0.38671875 0.5166015625 0.375 0.5341796875 0.35677083290816325 0.5419921875 0.34895833290816325 0.552734375
9 0.25 0.57421875 0.2513020829081633 0.580078125 0.2838541670918367 0.564453125 0.2955729170918367 0.548828125 0.2903645829081633 0.5341796875 0.2734375 0.53515625 0.2604166670918367 0.5439453125 0.2604166670918367 0.560546875 0.25 0.57421875
9 0.9205729170918366 0.4228515625 0.9205729170918366 0.4423828125 0.8776041670918366 0.4765625 0.8932291670918366 0.48828125 0.93359375 0.45703125 0.9596354170918366 0.4521484375 0.9713541670918366 0.443359375 0.9700520829081634 0.4306640625 0.9596354170918366 0.4208984375 0.9348958329081634 0.4169921875 0.9205729170918366 0.4228515625
9 0.8151041670918366 0.205078125 0.7825520829081634 0.208984375 0.7721354170918366 0.216796875 0.7721354170918366 0.2275390625 0.7799479170918366 0.234375 0.7955729170918366 0.240234375 0.8138020829081634 0.2392578125 0.8255208329081634 0.2294921875 0.8268229170918366 0.2138671875 0.8606770829081634 0.197265625 0.86328125 0.1923828125 0.8489583329081634 0.1875 0.8151041670918366 0.205078125
0 0.390625 0.5146484375 0.3984375 0.51953125 0.40885416709183675 0.51953125 0.42447916709183675 0.5087890625 0.43489583290816325 0.490234375 0.43098958290816325 0.486328125 0.41536458290816325 0.4853515625 0.40104166709183675 0.48828125 0.38932291709183675 0.498046875 0.390625 0.5146484375
7 0.5078125 0.4755859375 0.49348958290816325 0.47265625 0.46875 0.474609375 0.45572916709183675 0.4794921875 0.4375 0.4970703125 0.44661458290816325 0.546875 0.453125 0.5546875 0.47265625 0.560546875 0.49348958290816325 0.560546875 0.515625 0.5537109375 0.5299479170918368 0.5439453125 0.5377604170918368 0.53125 0.5364583329081632 0.5068359375 0.5260416670918368 0.486328125 0.5078125 0.4755859375
7 0.3020833329081633 0.2685546875 0.2721354170918367 0.291015625 0.2708333329081633 0.302734375 0.2786458329081633 0.3115234375 0.3203125 0.3232421875 0.32942708290816325 0.3203125 0.34505208290816325 0.3095703125 0.359375 0.2900390625 0.359375 0.2568359375 0.34895833290816325 0.2509765625 0.33463541709183675 0.2529296875 0.3020833329081633 0.2685546875
7 0.5091145829081632 0.2685546875 0.46354166709183675 0.2353515625 0.43619791709183675 0.2216796875 0.4140625 0.22265625 0.40885416709183675 0.2265625 0.40885416709183675 0.240234375 0.41666666709183675 0.267578125 0.41927083290816325 0.3095703125 0.42578125 0.3212890625 0.44010416709183675 0.3232421875 0.5104166670918368 0.2939453125 0.5169270829081632 0.2880859375 0.5169270829081632 0.279296875 0.5091145829081632 0.2685546875
5 0.36848958290816325 0.3037109375 0.3828125 0.3310546875 0.3984375 0.3349609375 0.41145833290816325 0.3291015625 0.41927083290816325 0.3193359375 0.40494791709183675 0.23046875 0.39713541709183675 0.2294921875 0.38411458290816325 0.2353515625 0.36588541709183675 0.2587890625 0.36848958290816325 0.3037109375
3 0.45963541709183675 0.1962890625 0.44791666709183675 0.2080078125 0.44661458290816325 0.2216796875 0.45963541709183675 0.2275390625 0.5208333329081632 0.22265625 0.5833333329081632 0.2255859375 0.5989583329081632 0.2158203125 0.5872395829081632 0.19140625 0.5690104170918368 0.1845703125 0.5481770829081632 0.1826171875 0.484375 0.1884765625 0.45963541709183675 0.1962890625
3 0.8528645829081634 0.1845703125 0.8567708329081634 0.1884765625 0.8723958329081634 0.1923828125 0.8997395829081634 0.185546875 0.9075520829081634 0.16015625 0.9036458329081634 0.150390625 0.8723958329081634 0.146484375 0.8619791670918366 0.1494140625 0.85546875 0.158203125 0.8528645829081634 0.1845703125
7 0.57421875 0.7783203125 0.5807291670918368 0.783203125 0.5859375 0.779296875 0.6380208329081632 0.572265625 0.5403645829081632 0.4951171875 0.5377604170918368 0.50390625 0.5690104170918368 0.74609375 0.57421875 0.7783203125
11 0.265625 0.5791015625 0.2421875 0.58203125 0.1640625 0.6123046875 0.14192708290816325 0.6318359375 0.09375 0.6962890625 0.09375 0.7099609375 0.16536458290816328 0.7763671875 0.2578125 0.822265625 0.30859375 0.8359375 0.32421875 0.8330078125 0.34505208290816325 0.806640625 0.3671875 0.7666015625 0.37369791709183675 0.6796875 0.3125 0.5888671875 0.265625 0.5791015625
3 0.37760416709183675 0.6259765625 0.40104166709183675 0.650390625 0.40755208290816325 0.6513671875 0.42447916709183675 0.6416015625 0.43098958290816325 0.623046875 0.41536458290816325 0.611328125 0.40234375 0.60546875 0.39192708290816325 0.60546875 0.37760416709183675 0.615234375 0.37760416709183675 0.6259765625
3 0.46744791709183675 0.7568359375 0.46614583290816325 0.775390625 0.4921875 0.7998046875 0.5169270829081632 0.796875 0.5325520829081632 0.7841796875 0.5377604170918368 0.7685546875 0.5338541670918368 0.7568359375 0.5260416670918368 0.7509765625 0.4921875 0.74609375 0.47395833290816325 0.7509765625 0.46744791709183675 0.7568359375
3 0.21354166709183672 0.431640625 0.21484375 0.4755859375 0.22005208290816328 0.4794921875 0.24088541709183672 0.4775390625 0.2552083329081633 0.4697265625 0.2721354170918367 0.4453125 0.2682291670918367 0.4287109375 0.2513020829081633 0.4150390625 0.23307291709183672 0.4130859375 0.2265625 0.4140625 0.21354166709183672 0.431640625
3 0.48177083290816325 0.8623046875 0.48697916709183675 0.8720703125 0.5026041670918368 0.8837890625 0.515625 0.8857421875 0.5338541670918368 0.876953125 0.5364583329081632 0.8544921875 0.5325520829081632 0.8486328125 0.5078125 0.8447265625 0.484375 0.8486328125 0.48177083290816325 0.8623046875
3 0.26953125 0.3408203125 0.26171875 0.357421875 0.2591145829081633 0.40234375 0.2682291670918367 0.4130859375 0.2825520829081633 0.4140625 0.3033854170918367 0.4052734375 0.3138020829081633 0.39453125 0.32421875 0.3740234375 0.32421875 0.3544921875 0.3072916670918367 0.3369140625 0.2825520829081633 0.333984375 0.26953125 0.3408203125
3 0.16015625 0.4765625 0.16927083290816328 0.4912109375 0.18880208290816328 0.509765625 0.19791666709183672 0.509765625 0.21223958290816328 0.4873046875 0.20963541709183672 0.4658203125 0.18619791709183672 0.447265625 0.17447916709183672 0.4482421875 0.16145833290816325 0.46484375 0.16015625 0.4765625
3 0.13020833290816325 0.5 0.12890625 0.515625 0.13411458290816325 0.5244140625 0.15625 0.5478515625 0.16666666709183672 0.546875 0.1796875 0.5166015625 0.17317708290816328 0.5 0.1640625 0.490234375 0.15234375 0.4853515625 0.13932291709183675 0.4873046875 0.13020833290816325 0.5
3 0.08463541709183674 0.56640625 0.09244791709183674 0.587890625 0.10026041709183674 0.595703125 0.11588541709183674 0.5966796875 0.1328125 0.583984375 0.140625 0.560546875 0.11588541709183674 0.5302734375 0.09765625 0.5341796875 0.0859375 0.5498046875 0.08463541709183674 0.56640625
3 0.11328125 0.82421875 0.0859375 0.8388671875 0.07161458290816326 0.8544921875 0.0703125 0.865234375 0.08072916709183674 0.884765625 0.10026041709183674 0.9052734375 0.11328125 0.9052734375 0.1328125 0.888671875 0.15364583290816325 0.853515625 0.15755208290816325 0.8427734375 0.15364583290816325 0.8173828125 0.13932291709183675 0.814453125 0.11328125 0.82421875
3 0.08072916709183674 0.966796875 0.08072916709183674 0.984375 0.08984375 0.9990234375 0.15364583290816325 0.9990234375 0.171875 0.9609375 0.17317708290816328 0.935546875 0.16796875 0.9248046875 0.15625 0.9208984375 0.12890625 0.931640625 0.09895833290816326 0.94921875 0.08072916709183674 0.966796875
3 0.2799479170918367 0.6611328125 0.29296875 0.6640625 0.3046875 0.658203125 0.3072916670918367 0.650390625 0.296875 0.63671875 0.2799479170918367 0.63671875 0.2708333329081633 0.6435546875 0.26953125 0.65234375 0.2799479170918367 0.6611328125
5 0.37630208290816325 0.712890625 0.41666666709183675 0.76953125 0.42447916709183675 0.7724609375 0.45963541709183675 0.7451171875 0.4609375 0.7373046875 0.42708333290816325 0.7080078125 0.40755208290816325 0.671875 0.39973958290816325 0.673828125 0.375 0.6962890625 0.37630208290816325 0.712890625
9 0.01171875 0.658203125 0.0234375 0.6455078125 0.026041667091836734 0.6279296875 0.0390625 0.623046875 0.0390625 0.619140625 0.024739582908163266 0.6171875 0.00390625 0.6376953125 0.0026041670918367345 0.6552734375 0.01171875 0.658203125
9 0.1015625 0.6279296875 0.10286458290816326 0.59765625 0.09114583290816326 0.5947265625 0.07942708290816326 0.61328125 0.05989583290816327 0.6318359375 0.05989583290816327 0.650390625 0.0703125 0.654296875 0.1015625 0.6279296875
9 0.028645832908163266 0.685546875 0.018229167091836734 0.6845703125 0.010416667091836735 0.6953125 0.0078125 0.720703125 0.02734375 0.7138671875 0.03255208290816326 0.6904296875 0.028645832908163266 0.685546875
0 0.28125 0.775390625 0.2760416670918367 0.771484375 0.2513020829081633 0.7685546875 0.24739583290816328 0.779296875 0.2552083329081633 0.79296875 0.2630208329081633 0.7958984375 0.28125 0.775390625
0 0.22395833290816328 0.59765625 0.2265625 0.6044921875 0.24088541709183672 0.607421875 0.2760416670918367 0.5947265625 0.24479166709183672 0.58984375 0.22395833290816328 0.59765625
0 0.15234375 0.6826171875 0.15104166709183675 0.6962890625 0.16145833290816325 0.7041015625 0.17838541709183672 0.6748046875 0.16666666709183672 0.673828125 0.15234375 0.6826171875
7 0.2708333329081633 0.30859375 0.2682291670918367 0.294921875 0.30078125 0.26171875 0.31640625 0.1416015625 0.3111979170918367 0.123046875 0.2994791670918367 0.1220703125 0.265625 0.1298828125 0.21614583290816328 0.15625 0.19401041709183672 0.193359375 0.1875 0.234375 0.17708333290816328 0.259765625 0.17447916709183672 0.29296875 0.16276041709183675 0.328125 0.16145833290816325 0.34765625 0.17447916709183672 0.3720703125 0.18880208290816328 0.3798828125 0.2565104170918367 0.3583984375 0.2734375 0.3349609375 0.2825520829081633 0.330078125 0.2864583329081633 0.3203125 0.2708333329081633 0.30859375
4 0.0703125 0.3544921875 0.109375 0.34765625 0.1171875 0.3427734375 0.12109375 0.310546875 0.0703125 0.2734375 0.06380208290816326 0.271484375 0.05859375 0.2783203125 0.05989583290816327 0.318359375 0.0703125 0.3544921875
4 0.08463541709183674 0.279296875 0.11588541709183674 0.275390625 0.12760416709183675 0.265625 0.12630208290816325 0.2431640625 0.08854166709183674 0.1904296875 0.07942708290816326 0.1962890625 0.07552083290816326 0.2275390625 0.07682291709183674 0.275390625 0.08463541709183674 0.279296875
8 0.11067708290816326 0.1572265625 0.1015625 0.171875 0.1015625 0.189453125 0.11197916709183674 0.208984375 0.12369791709183674 0.2216796875 0.140625 0.2275390625 0.1796875 0.197265625 0.19661458290816328 0.169921875 0.19791666709183672 0.1474609375 0.18619791709183672 0.138671875 0.1328125 0.14453125 0.11067708290816326 0.1572265625
0 0.3515625 0.1904296875 0.3203125 0.177734375 0.30859375 0.208984375 0.3072916670918367 0.216796875 0.3177083329081633 0.216796875 0.3515625 0.1953125 0.3515625 0.1904296875
11 0.08723958290816326 0.4794921875 0.08463541709183674 0.546875 0.08984375 0.5380859375 0.109375 0.52734375 0.12630208290816325 0.5107421875 0.234375 0.38671875 0.24739583290816328 0.365234375 0.17838541709183672 0.3828125 0.15104166709183675 0.39453125 0.10546875 0.4326171875 0.08723958290816326 0.4794921875
2 0.0703125 0.556640625 0.05989583290816327 0.5546875 0.04947916709183673 0.55859375 0.04947916709183673 0.5673828125 0.05598958290816327 0.572265625 0.06510416709183674 0.5673828125 0.0703125 0.556640625
3 0.40364583290816325 0.146484375 0.40755208290816325 0.16796875 0.42838541709183675 0.18359375 0.44921875 0.1865234375 0.47135416709183675 0.1845703125 0.48697916709183675 0.1787109375 0.49479166709183675 0.169921875 0.49088541709183675 0.138671875 0.47135416709183675 0.125 0.45052083290816325 0.125 0.40364583290816325 0.146484375
5 0.5416666670918368 0.837890625 0.55078125 0.8486328125 0.640625 0.9287109375 0.65234375 0.9267578125 0.6848958329081634 0.900390625 0.6783854170918366 0.8876953125 0.58203125 0.8134765625 0.5677083329081632 0.8134765625 0.54296875 0.83203125 0.5416666670918368 0.837890625