8 0.6640141458333333 0.2953125 0.6472148541666667 0.2875 0.6286472145833333 0.290625 0.6162687895833333 0.3015625 0.6012378416666666 0.3359375 0.5968169770833334 0.35625 0.5994694958333333 0.3984375 0.6180371354166667 0.4359375 0.6286472145833333 0.446875 0.6436781604166666 0.453125 0.6684350125 0.4484375 0.6861184791666666 0.4328125 0.6993810791666667 0.4046875 0.701149425 0.371875 0.69849690625 0.35 0.6816976125 0.3140625 0.6640141458333333 0.2953125
8 0.12820512916666668 0.10625 0.11405835624999999 0.1171875 0.09549071666666667 0.1484375 0.09637488958333333 0.19375 0.11494252916666667 0.24375 0.12555260833333332 0.2578125 0.1423519 0.26875 0.16710875416666668 0.2703125 0.20247568541666666 0.24375 0.2051282041666667 0.209375 0.19982316458333335 0.1734375 0.18656056666666665 0.1359375 0.16710875416666668 0.109375 0.15384615416666667 0.1 0.12820512916666668 0.10625
8 0.9027409375000001 0.603125 0.9009725916666667 0.6421875 0.91865605625 0.646875 0.93545535 0.634375 0.9504862958333333 0.609375 0.961096375 0.565625 0.961096375 0.51875 0.9708222812499999 0.4734375 0.9504862958333333 0.43125 0.92219275 0.3953125 0.896551725 0.3796875 0.86030061875 0.378125 0.8364279395833333 0.3890625 0.8160919541666666 0.421875 0.8045977020833334 0.4765625 0.8037135270833333 0.51875 0.8090185666666667 0.559375 0.82139699375 0.5921875 0.8435013270833333 0.6296875 0.856763925 0.640625 0.8647214854166666 0.6390625 0.86648983125 0.6125 0.87356321875 0.5859375 0.8815207770833333 0.575 0.8885941645833333 0.575 0.8947833770833333 0.58125 0.9027409375000001 0.603125
0 0.63925729375 0.58125 0.6684350125 0.6015625 0.6843501333333334 0.6015625 0.6931918645833334 0.590625 0.6958443854166667 0.5796875 0.6931918645833334 0.5671875 0.6357206020833334 0.5015625 0.623342175 0.4984375 0.6180371354166667 0.5140625 0.6215738291666667 0.553125 0.63925729375 0.58125
0 0.3050397875 0.4078125 0.3262599479166666 0.4078125 0.33598585416666665 0.3921875 0.33421750625 0.3640625 0.3262599479166666 0.3515625 0.29973474791666666 0.353125 0.29000884166666663 0.359375 0.28824049583333333 0.36875 0.29266136249999997 0.3875 0.3050397875 0.4078125
6 0.22988505833333334 0.340625 0.24314765625 0.36875 0.26348364375 0.378125 0.2749778958333333 0.3625 0.27674624166666667 0.325 0.27144120208333333 0.3046875 0.26436781666666664 0.29375 0.2528735625 0.284375 0.24226348333333333 0.284375 0.234305925 0.29375 0.22988505833333334 0.309375 0.22988505833333334 0.340625
6 0.71087533125 0.53125 0.7020335979166668 0.5546875 0.7029177729166667 0.5828125 0.7073386374999999 0.5984375 0.7329796645833333 0.6453125 0.7506631291666667 0.659375 0.7692307687500001 0.6609375 0.7869142354166667 0.6421875 0.7913351020833334 0.6203125 0.7869142354166667 0.5890625 0.7612732104166666 0.540625 0.7462422624999999 0.528125 0.7197170645833334 0.525 0.71087533125 0.53125
6 0.65870910625 0.0671875 0.64014146875 0.065625 0.6259946958333333 0.078125 0.6109637479166667 0.10625 0.6030061895833333 0.134375 0.6021220166666666 0.1640625 0.6091954020833333 0.2015625 0.6189213083333333 0.2234375 0.6383731208333334 0.2453125 0.6631299729166666 0.2484375 0.6861184791666666 0.234375 0.7002652520833333 0.2125 0.7073386374999999 0.1828125 0.7073386374999999 0.1546875 0.6993810791666667 0.125 0.6808134395833334 0.0890625 0.65870910625 0.0671875
6 0.23961096458333334 0 0.23784261666666667 0.0046875 0.23784261666666667 0.05625 0.2546419104166667 0.103125 0.26525198958333335 0.1109375 0.28381962916666664 0.1125 0.3006189208333333 0.0953125 0.30415561458333334 0.075 0.30327144166666664 0.04375 0.29000884166666663 0 0.23961096458333334 0
8 0.26083112291666666 0.1625 0.25022104375 0.1921875 0.24933687083333334 0.23125 0.2537577375 0.2515625 0.26525198958333335 0.271875 0.28205128125 0.284375 0.29531388125 0.284375 0.31741821458333336 0.2625 0.3200707333333333 0.2515625 0.31741821458333336 0.2015625 0.3006189208333333 0.1625 0.28647214791666664 0.15 0.27674624166666667 0.15 0.26083112291666666 0.1625
4 0.7391688770833333 0.075 0.727674625 0.090625 0.714412025 0.178125 0.7170645437500001 0.2125 0.7409372229166666 0.24375 0.7780725020833333 0.26875 0.8107869145833334 0.275 0.82139699375 0.271875 0.8337754208333333 0.2546875 0.8505747125 0.184375 0.8532272333333334 0.153125 0.8381962875000001 0.13125 0.7931034479166666 0.0984375 0.7550839958333333 0.0765625 0.7391688770833333 0.075