8 0.6984969056122449 0.35 0.6816976122448979 0.3140625 0.6640141466836734 0.2953125 0.6472148545918367 0.2875 0.6286472142857144 0.290625 0.6162687882653061 0.3015625 0.6012378431122449 0.3359375 0.5968169757653061 0.35625 0.5994694961734693 0.3984375 0.6180371352040817 0.4359375 0.6286472142857144 0.446875 0.6436781607142857 0.453125 0.668435012755102 0.4484375 0.6861184795918367 0.4328125 0.6993810790816326 0.4046875 0.7011494247448979 0.371875 0.6984969056122449 0.35
8 0.1671087538265306 0.109375 0.1538461543367347 0.1 0.12820512882653062 0.10625 0.11405835586734694 0.1171875 0.09549071556122449 0.1484375 0.09637488903061224 0.19375 0.11494252933673468 0.24375 0.12555260841836735 0.2578125 0.14235190051020408 0.26875 0.1671087538265306 0.2703125 0.2024756849489796 0.24375 0.20512820535714285 0.209375 0.19982316581632653 0.1734375 0.18656056632653062 0.1359375 0.1671087538265306 0.109375
8 0.8885941645408163 0.575 0.8947833775510204 0.58125 0.9027409375 0.603125 0.9009725905612246 0.6421875 0.918656056122449 0.646875 0.9354553494897958 0.634375 0.9504862959183673 0.609375 0.961096375 0.565625 0.961096375 0.51875 0.970822280612245 0.4734375 0.9504862959183673 0.43125 0.9221927499999999 0.3953125 0.8965517244897959 0.3796875 0.860300618622449 0.378125 0.8364279400510204 0.3890625 0.8160919540816327 0.421875 0.8045977015306123 0.4765625 0.8037135280612244 0.51875 0.8090185676020409 0.559375 0.821396993622449 0.5921875 0.8435013265306122 0.6296875 0.8567639260204081 0.640625 0.8647214859693877 0.6390625 0.866489831632653 0.6125 0.8735632181122449 0.5859375 0.8815207780612245 0.575 0.8885941645408163 0.575
0 0.6180371352040817 0.5140625 0.6215738290816326 0.553125 0.6392572946428572 0.58125 0.668435012755102 0.6015625 0.6843501326530612 0.6015625 0.6931918660714285 0.590625 0.6958443852040817 0.5796875 0.6931918660714285 0.5671875 0.6357206007653061 0.5015625 0.623342174744898 0.4984375 0.6180371352040817 0.5140625
0 0.28824049489795917 0.36875 0.29266136224489797 0.3875 0.30503978826530614 0.4078125 0.3262599464285714 0.4078125 0.3359858533163265 0.3921875 0.334217506377551 0.3640625 0.3262599464285714 0.3515625 0.2997347474489796 0.353125 0.2900088418367347 0.359375 0.28824049489795917 0.36875
6 0.23430592346938775 0.29375 0.22988505739795917 0.309375 0.22988505739795917 0.340625 0.24314765688775508 0.36875 0.2634836428571429 0.378125 0.27497789540816325 0.3625 0.2767462423469388 0.325 0.27144120280612244 0.3046875 0.2643678163265306 0.29375 0.2528735637755102 0.284375 0.24226348341836734 0.284375 0.23430592346938775 0.29375
6 0.7462422640306122 0.528125 0.7197170650510205 0.525 0.7108753316326532 0.53125 0.7020335982142858 0.5546875 0.7029177716836735 0.5828125 0.7073386377551021 0.5984375 0.7329796645408164 0.6453125 0.7506631301020409 0.659375 0.769230769132653 0.6609375 0.7869142346938774 0.6421875 0.7913351020408163 0.6203125 0.7869142346938774 0.5890625 0.7612732091836735 0.540625 0.7462422640306122 0.528125
6 0.6993810790816326 0.125 0.6808134400510204 0.0890625 0.6587091071428572 0.0671875 0.6401414681122448 0.065625 0.6259946951530612 0.078125 0.6109637487244898 0.10625 0.6030061887755102 0.134375 0.6021220153061225 0.1640625 0.6091954017857143 0.2015625 0.6189213086734694 0.2234375 0.6383731211734694 0.2453125 0.6631299732142858 0.2484375 0.6861184795918367 0.234375 0.7002652525510205 0.2125 0.7073386377551021 0.1828125 0.7073386377551021 0.1546875 0.6993810790816326 0.125
6 0.2396109642857143 0 0.2378426173469388 0.0046875 0.2378426173469388 0.05625 0.2546419094387755 0.103125 0.26525198979591835 0.1109375 0.2838196288265306 0.1125 0.30061892091836734 0.0953125 0.30415561479591835 0.075 0.3032714413265306 0.04375 0.2900088418367347 0 0.2396109642857143 0
8 0.2864721479591837 0.15 0.2767462423469388 0.15 0.2608311224489796 0.1625 0.2502210433673469 0.1921875 0.2493368698979592 0.23125 0.2537577359693878 0.2515625 0.26525198979591835 0.271875 0.28205128188775513 0.284375 0.29531388137755105 0.284375 0.3174182142857143 0.2625 0.32007073341836734 0.2515625 0.3174182142857143 0.2015625 0.30061892091836734 0.1625 0.2864721479591837 0.15
4 0.7931034477040816 0.0984375 0.7550839961734694 0.0765625 0.7391688775510205 0.075 0.7276746237244898 0.090625 0.7144120242346939 0.178125 0.7170645446428571 0.2125 0.7409372232142857 0.24375 0.7780725025510203 0.26875 0.8107869145408163 0.275 0.821396993622449 0.271875 0.8337754196428572 0.2546875 0.8505747130102042 0.184375 0.8532272321428572 0.153125 0.838196286989796 0.13125 0.7931034477040816 0.0984375