11 0 0.8740234375 0.04947916709183673 0.8740234375 0.2890625 0.859375 0.2955729170918367 0.6328125 0.2890625 0.6279296875 0.10677083290816326 0.630859375 0.11197916709183674 0.640625 0.014322917091836735 0.6923828125 0 0.6923828125 0 0.8740234375
6 0.3177083329081633 0.287109375 0.296875 0.2724609375 0.2760416670918367 0.2666015625 0.25390625 0.265625 0.22916666709183672 0.271484375 0.21354166709183672 0.279296875 0.19791666709183672 0.298828125 0.19661458290816328 0.3173828125 0.20572916709183672 0.3349609375 0.21875 0.345703125 0.24739583290816328 0.3564453125 0.2825520829081633 0.3544921875 0.3033854170918367 0.3486328125 0.3177083329081633 0.3369140625 0.32682291709183675 0.3203125 0.3255208329081633 0.30078125 0.3177083329081633 0.287109375
6 0.2903645829081633 0.361328125 0.27734375 0.3583984375 0.2526041670918367 0.3603515625 0.23828125 0.3662109375 0.22265625 0.3798828125 0.22005208290816328 0.3994140625 0.22395833290816328 0.4111328125 0.23046875 0.4189453125 0.25 0.4287109375 0.2825520829081633 0.4326171875 0.3033854170918367 0.42578125 0.3190104170918367 0.4111328125 0.3216145829081633 0.3876953125 0.3177083329081633 0.3779296875 0.2903645829081633 0.361328125
9 0.5390625 0.1962890625 0.53515625 0.1962890625 0.5065104170918368 0.20703125 0.5052083329081632 0.2080078125 0.5052083329081632 0.2109375 0.5065104170918368 0.212890625 0.5078125 0.2138671875 0.51171875 0.2138671875 0.5390625 0.205078125 0.54296875 0.2021484375 0.5416666670918368 0.201171875 0.5416666670918368 0.1982421875 0.5390625 0.1962890625
9 0.5572916670918368 0.2353515625 0.5546875 0.2333984375 0.5494791670918368 0.2333984375 0.51953125 0.240234375 0.5182291670918368 0.2412109375 0.5182291670918368 0.24609375 0.5208333329081632 0.248046875 0.52734375 0.248046875 0.5520833329081632 0.2421875 0.5533854170918368 0.2412109375 0.5572916670918368 0.2412109375 0.55859375 0.240234375 0.55859375 0.23828125 0.5572916670918368 0.2353515625
9 0.8684895829081634 0.3056640625 0.86328125 0.3046875 0.8346354170918366 0.326171875 0.8333333329081634 0.33203125 0.8385416670918366 0.3330078125 0.8645833329081634 0.3134765625 0.8684895829081634 0.3056640625
9 0.9270833329081634 0.33984375 0.9270833329081634 0.345703125 0.9361979170918366 0.341796875 0.9440104170918366 0.33203125 0.94140625 0.326171875 0.9270833329081634 0.33984375
9 0.8736979170918366 0.6083984375 0.8776041670918366 0.6240234375 0.9010416670918366 0.611328125 0.8997395829081634 0.6005859375 0.8958333329081634 0.59765625 0.8736979170918366 0.6083984375
9 0.8684895829081634 0.640625 0.87109375 0.6455078125 0.8932291670918366 0.634765625 0.8971354170918366 0.6298828125 0.89453125 0.623046875 0.8684895829081634 0.640625
9 0.828125 0.6591796875 0.8255208329081634 0.6689453125 0.8489583329081634 0.658203125 0.8515625 0.6533203125 0.84765625 0.6494140625 0.828125 0.6591796875
9 0.6380208329081632 0.5849609375 0.6315104170918368 0.583984375 0.6015625 0.5986328125 0.5989583329081632 0.60546875 0.60546875 0.6064453125 0.63671875 0.591796875 0.6380208329081632 0.5849609375
9 0.5833333329081632 0.619140625 0.58203125 0.6259765625 0.5859375 0.626953125 0.6119791670918368 0.6142578125 0.6015625 0.611328125 0.5833333329081632 0.619140625
9 0.33463541709183675 0.5947265625 0.3138020829081633 0.5859375 0.28515625 0.6025390625 0.2890625 0.619140625 0.33463541709183675 0.5947265625
9 0.3138020829081633 0.5634765625 0.28125 0.5810546875 0.2838541670918367 0.5888671875 0.3229166670918367 0.5712890625 0.3216145829081633 0.56640625 0.3138020829081633 0.5634765625
9 0.6432291670918368 0.421875 0.63671875 0.4169921875 0.6119791670918368 0.42578125 0.6119791670918368 0.431640625 0.6184895829081632 0.43359375 0.6432291670918368 0.42578125 0.6432291670918368 0.421875
9 0.3828125 0.7490234375 0.36848958290816325 0.7578125 0.35026041709183675 0.7802734375 0.34895833290816325 0.7861328125 0.35807291709183675 0.7880859375 0.390625 0.7509765625 0.3828125 0.7490234375
9 0.19140625 0.390625 0.19010416709183672 0.3935546875 0.20052083290816328 0.3974609375 0.22005208290816328 0.3759765625 0.20963541709183672 0.373046875 0.19140625 0.390625
8 0.23697916709183672 0.5458984375 0.22135416709183672 0.53125 0.1953125 0.521484375 0.1640625 0.521484375 0.14453125 0.5283203125 0.12890625 0.5390625 0.1171875 0.556640625 0.11588541709183674 0.5732421875 0.12239583290816326 0.5908203125 0.13671875 0.603515625 0.16145833290816325 0.6123046875 0.18489583290816328 0.61328125 0.21223958290816328 0.60546875 0.23046875 0.5927734375 0.24088541709183672 0.576171875 0.2421875 0.560546875 0.23697916709183672 0.5458984375
1 0.39192708290816325 0.2861328125 0.39713541709183675 0.29296875 0.40494791709183675 0.2939453125 0.41536458290816325 0.2822265625 0.41796875 0.26953125 0.40364583290816325 0.263671875 0.390625 0.2646484375 0.38802083290816325 0.2763671875 0.39192708290816325 0.2861328125
1 0.6197916670918368 0.30859375 0.6171875 0.31640625 0.6223958329081632 0.3271484375 0.6341145829081632 0.3330078125 0.6419270829081632 0.3095703125 0.6197916670918368 0.30859375
1 0.58203125 0.37109375 0.5872395829081632 0.3896484375 0.5989583329081632 0.3955078125 0.60546875 0.3857421875 0.6067708329081632 0.37109375 0.58203125 0.37109375
1 0.94140625 0.34375 0.94140625 0.3505859375 0.953125 0.3642578125 0.9609375 0.3447265625 0.9557291670918366 0.341796875 0.94140625 0.34375
1 0.9739583329081634 0.43359375 0.9817708329081634 0.4130859375 0.9635416670918366 0.4130859375 0.9661458329081634 0.4296875 0.9739583329081634 0.43359375
8 0.024739582908163266 0.328125 0.11328125 0.3271484375 0.12369791709183674 0.3095703125 0.12239583290816326 0.30078125 0.09765625 0.2841796875 0.03255208290816326 0.2841796875 0.010416667091836735 0.298828125 0.015625 0.3232421875 0.024739582908163266 0.328125
1 0.08854166709183674 0.3515625 0.07161458290816326 0.345703125 0.05208333290816327 0.3486328125 0.05338541709183673 0.3671875 0.06770833290816326 0.3779296875 0.07682291709183674 0.376953125 0.08854166709183674 0.3515625
3 0.23177083290816328 0.625 0.25390625 0.6259765625 0.28125 0.6142578125 0.2838541670918367 0.6083984375 0.27734375 0.6025390625 0.25 0.6005859375 0.2265625 0.61328125 0.22526041709183672 0.619140625 0.23177083290816328 0.625
3 0.19661458290816328 0.505859375 0.21484375 0.50390625 0.23177083290816328 0.4951171875 0.2265625 0.486328125 0.19921875 0.4814453125 0.1875 0.4833984375 0.17447916709183672 0.4921875 0.17838541709183672 0.5009765625 0.19661458290816328 0.505859375
3 0.23046875 0.4853515625 0.25 0.4775390625 0.24739583290816328 0.4716796875 0.234375 0.4677734375 0.21354166709183672 0.47265625 0.20703125 0.48046875 0.21744791709183672 0.484375 0.23046875 0.4853515625
3 0.2864583329081633 0.453125 0.2786458329081633 0.4462890625 0.23697916709183672 0.4501953125 0.234375 0.462890625 0.24348958290816328 0.4697265625 0.265625 0.466796875 0.2864583329081633 0.453125
3 0.16536458290816328 0.4267578125 0.17838541709183672 0.4228515625 0.17578125 0.416015625 0.15104166709183675 0.4111328125 0.125 0.4169921875 0.12239583290816326 0.423828125 0.13411458290816325 0.4267578125 0.16536458290816328 0.4267578125
3 0.17057291709183672 0.4150390625 0.19010416709183672 0.412109375 0.19921875 0.40625 0.19921875 0.400390625 0.17838541709183672 0.3876953125 0.16536458290816328 0.388671875 0.14583333290816325 0.4013671875 0.14583333290816325 0.41015625 0.17057291709183672 0.4150390625
8 0.6393229170918368 0.3857421875 0.63671875 0.4033203125 0.6471354170918368 0.4228515625 0.6848958329081634 0.42578125 0.7109375 0.41796875 0.7174479170918366 0.412109375 0.7213541670918366 0.376953125 0.7096354170918366 0.36328125 0.6809895829081634 0.3642578125 0.6497395829081632 0.376953125 0.6393229170918368 0.3857421875
7 0.41276041709183675 0.341796875 0.43359375 0.3720703125 0.45703125 0.3818359375 0.484375 0.3837890625 0.4921875 0.37109375 0.47265625 0.345703125 0.43229166709183675 0.3193359375 0.42317708290816325 0.3203125 0.4140625 0.3271484375 0.41276041709183675 0.341796875
4 0.6236979170918368 0.2685546875 0.59765625 0.2587890625 0.5611979170918368 0.2568359375 0.5338541670918368 0.2607421875 0.49348958290816325 0.2548828125 0.48307291709183675 0.259765625 0.48046875 0.271484375 0.484375 0.27734375 0.5052083329081632 0.287109375 0.5364583329081632 0.287109375 0.5520833329081632 0.2822265625 0.5807291670918368 0.283203125 0.6497395829081632 0.30078125 0.6640625 0.29296875 0.6588541670918366 0.275390625 0.6236979170918368 0.2685546875
4 0.5859375 0.255859375 0.6197916670918368 0.2646484375 0.65234375 0.251953125 0.6484375 0.232421875 0.6197916670918368 0.2197265625 0.5677083329081632 0.2197265625 0.55859375 0.2236328125 0.5611979170918368 0.2412109375 0.5859375 0.255859375
8 0.859375 0.2509765625 0.8515625 0.2607421875 0.8515625 0.2841796875 0.8671875 0.3046875 0.8932291670918366 0.3154296875 0.9153645829081634 0.30859375 0.9270833329081634 0.2880859375 0.92578125 0.26953125 0.9157981772959184 0.2581376953125 0.9036458329081634 0.25 0.8723958329081634 0.2451171875 0.859375 0.2509765625
3 0.9479166670918366 0.330078125 0.97265625 0.33203125 0.98046875 0.32421875 0.9830729170918366 0.310546875 0.9765625 0.302734375 0.953125 0.302734375 0.9388020829081634 0.3115234375 0.9388020829081634 0.32421875 0.9479166670918366 0.330078125
3 0.89453125 0.3798828125 0.90234375 0.3681640625 0.8971354170918366 0.353515625 0.87890625 0.3466796875 0.8606770829081634 0.3505859375 0.859375 0.3623046875 0.8658854170918366 0.373046875 0.89453125 0.3798828125
3 0.94140625 0.6435546875 0.9505208329081634 0.63671875 0.9544270829081634 0.619140625 0.94921875 0.6171875 0.921875 0.625 0.91796875 0.6279296875 0.9205729170918366 0.6376953125 0.94140625 0.6435546875
0 0.86328125 0.5927734375 0.8619791670918366 0.5966796875 0.86328125 0.5986328125 0.8684895829081634 0.6025390625 0.8723958329081634 0.603515625 0.8776041670918366 0.603515625 0.8815104170918366 0.6005859375 0.8828125 0.5927734375 0.8802083329081634 0.5908203125 0.8684895829081634 0.5908203125 0.86328125 0.5927734375
2 0.7552083329081634 0.650390625 0.7552083329081634 0.66015625 0.765625 0.662109375 0.7682291670918366 0.6513671875 0.7630208329081634 0.6484375 0.7552083329081634 0.650390625
2 0.73046875 0.66015625 0.7369791670918366 0.6533203125 0.7356770829081634 0.6474609375 0.7265625 0.6416015625 0.7161458329081634 0.64453125 0.7161458329081634 0.6572265625 0.72265625 0.6611328125 0.73046875 0.66015625
2 0.6809895829081634 0.6826171875 0.68359375 0.6962890625 0.6966145829081634 0.6962890625 0.69921875 0.6806640625 0.6888020829081634 0.677734375 0.6809895829081634 0.6826171875
2 0.7057291670918366 0.7333984375 0.7057291670918366 0.7451171875 0.7161458329081634 0.7470703125 0.7213541670918366 0.7421875 0.7200520829081634 0.73046875 0.7057291670918366 0.7333984375
3 0.5520833329081632 0.6318359375 0.5598958329081632 0.63671875 0.5729166670918368 0.63671875 0.5807291670918368 0.62890625 0.58203125 0.6103515625 0.5677083329081632 0.60546875 0.55078125 0.61328125 0.5481770829081632 0.6240234375 0.5520833329081632 0.6318359375
3 0.6002604170918368 0.5947265625 0.5885416670918368 0.591796875 0.5768229170918368 0.59765625 0.5755208329081632 0.6044921875 0.5859375 0.6142578125 0.5911458329081632 0.61328125 0.6002604170918368 0.5947265625
3 0.6966145829081634 0.5146484375 0.6888020829081634 0.5126953125 0.6770833329081634 0.517578125 0.67578125 0.529296875 0.6848958329081634 0.5341796875 0.6927083329081634 0.5322265625 0.6966145829081634 0.5146484375
3 0.6861979170918366 0.5126953125 0.69921875 0.5146484375 0.70703125 0.5107421875 0.7096354170918366 0.498046875 0.7057291670918366 0.4892578125 0.6901041670918366 0.48828125 0.6809895829081634 0.494140625 0.6796875 0.50390625 0.6861979170918366 0.5126953125
3 0.7252604170918366 0.4765625 0.7174479170918366 0.4716796875 0.7083333329081634 0.4736328125 0.69921875 0.48046875 0.69921875 0.486328125 0.7161458329081634 0.49609375 0.7252604170918366 0.4765625
3 0.58984375 0.203125 0.5768229170918368 0.189453125 0.54296875 0.1953125 0.54296875 0.2001953125 0.5598958329081632 0.2099609375 0.578125 0.2109375 0.58984375 0.203125
11 0.42578125 0.671875 0.41666666709183675 0.6767578125 0.359375 0.74609375 0.35677083290816325 0.751953125 0.36067708290816325 0.7548828125 0.38541666709183675 0.7587890625 0.38151041709183675 0.7685546875 0.3984375 0.7734375 0.5364583329081632 0.841796875 0.546875 0.8349609375 0.5950520829081632 0.765625 0.5559895829081632 0.740234375 0.42578125 0.671875
7 0.43229166709183675 0.4853515625 0.41015625 0.47265625 0.390625 0.48046875 0.39192708290816325 0.5009765625 0.42708333290816325 0.5419921875 0.4609375 0.5947265625 0.48046875 0.6162109375 0.49479166709183675 0.6240234375 0.5078125 0.6240234375 0.5169270829081632 0.6142578125 0.515625 0.6015625 0.45442708290816325 0.5361328125 0.43229166709183675 0.4853515625
7 0.39583333290816325 0.34375 0.37890625 0.3486328125 0.3828125 0.37109375 0.42708333290816325 0.4423828125 0.44791666709183675 0.5146484375 0.46354166709183675 0.529296875 0.4765625 0.5302734375 0.484375 0.525390625 0.48567708290816325 0.51171875 0.4609375 0.4482421875 0.40885416709183675 0.3525390625 0.39583333290816325 0.34375
7 0.7356770829081634 0.50390625 0.7330729170918366 0.5224609375 0.7526041670918366 0.5849609375 0.7578125 0.6396484375 0.7760416670918366 0.65234375 0.7877604170918366 0.6416015625 0.7877604170918366 0.6201171875 0.7682291670918366 0.5263671875 0.7552083329081634 0.501953125 0.7421875 0.5 0.7356770829081634 0.50390625
7 0.7890625 0.5615234375 0.7799479170918366 0.5625 0.80078125 0.6669921875 0.8033854170918366 0.7060546875 0.8059895829081634 0.712890625 0.8203125 0.71875 0.8307291670918366 0.7119140625 0.83203125 0.6943359375 0.8138020829081634 0.6416015625 0.8072916670918366 0.5888671875 0.796875 0.5654296875 0.7890625 0.5615234375
7 0.7447916670918366 0.716796875 0.70703125 0.78125 0.7096354170918366 0.802734375 0.7174479170918366 0.8076171875 0.7330729170918366 0.8056640625 0.765625 0.7587890625 0.7916666670918366 0.69921875 0.796875 0.6669921875 0.7864583329081634 0.6572265625 0.7734375 0.65625 0.76171875 0.666015625 0.7447916670918366 0.716796875
10 0.90625 0.65234375 0.88671875 0.6533203125 0.8528645829081634 0.67578125 0.8515625 0.68359375 0.8580729170918366 0.6923828125 0.9388020829081634 0.7216796875 0.9557291670918366 0.7314453125 0.9661458329081634 0.7294921875 0.9700520829081634 0.71875 0.9661458329081634 0.6943359375 0.9505208329081634 0.67578125 0.9205729170918366 0.6572265625 0.90625 0.65234375
10 0.88671875 0.7021484375 0.85546875 0.701171875 0.8333333329081634 0.71875 0.8307291670918366 0.7333984375 0.8450520829081634 0.74609375 0.8736979170918366 0.7451171875 0.9231770829081634 0.755859375 0.9427083329081634 0.7509765625 0.9440104170918366 0.740234375 0.9348958329081634 0.7216796875 0.9283854170918366 0.716796875 0.8932291670918366 0.7080078125 0.88671875 0.7021484375
4 0.7825520829081634 0.794921875 0.7669270829081634 0.798828125 0.7643229170918366 0.8154296875 0.7682291670918366 0.8212890625 0.7903645829081634 0.830078125 0.82421875 0.828125 0.8346354170918366 0.82421875 0.8528645829081634 0.8056640625 0.8515625 0.7958984375 0.8424479170918366 0.7890625 0.8059895829081634 0.798828125 0.7825520829081634 0.794921875
3 0.66015625 0.814453125 0.671875 0.8076171875 0.6796875 0.7880859375 0.6731770829081634 0.7841796875 0.66015625 0.7841796875 0.6497395829081632 0.7861328125 0.6432291670918368 0.79296875 0.6432291670918368 0.8076171875 0.66015625 0.814453125
3 0.7981770829081634 0.46484375 0.8216145829081634 0.466796875 0.8333333329081634 0.462890625 0.8268229170918366 0.4423828125 0.8190104170918366 0.4365234375 0.8059895829081634 0.4345703125 0.7890625 0.4423828125 0.78515625 0.455078125 0.7981770829081634 0.46484375
3 0.85546875 0.455078125 0.84765625 0.4501953125 0.8372395829081634 0.451171875 0.8359375 0.4638671875 0.8411458329081634 0.466796875 0.85546875 0.46484375 0.85546875 0.455078125
4 0.8776041670918366 0.404296875 0.9036458329081634 0.412109375 0.9244791670918366 0.4091796875 0.9244791670918366 0.3974609375 0.9036458329081634 0.384765625 0.8697916670918366 0.376953125 0.8580729170918366 0.3828125 0.8580729170918366 0.392578125 0.8776041670918366 0.404296875
3 0.47395833290816325 0.220703125 0.48828125 0.23046875 0.49869791709183675 0.216796875 0.49348958290816325 0.205078125 0.453125 0.1904296875 0.44661458290816325 0.1923828125 0.44270833290816325 0.2099609375 0.44270833290816325 0.22265625 0.47395833290816325 0.220703125
3 0.45963541709183675 0.2529296875 0.47395833290816325 0.259765625 0.49088541709183675 0.2529296875 0.48828125 0.232421875 0.48046875 0.2236328125 0.46614583290816325 0.2216796875 0.44140625 0.2255859375 0.44010416709183675 0.23828125 0.45963541709183675 0.2529296875
0 0.5416666670918368 0.6259765625 0.5390625 0.6123046875 0.5325520829081632 0.611328125 0.51953125 0.625 0.5026041670918368 0.6318359375 0.50390625 0.6416015625 0.52734375 0.640625 0.5416666670918368 0.6259765625
0 0.38932291709183675 0.625 0.40755208290816325 0.626953125 0.41536458290816325 0.623046875 0.41536458290816325 0.6162109375 0.39453125 0.607421875 0.38671875 0.599609375 0.37760416709183675 0.6015625 0.37630208290816325 0.611328125 0.38932291709183675 0.625