7 0.4036458333333333 0.3251953125 0.4283854166666667 0.3154296875 0.44921875 0.3154296875 0.4583333333333333 0.3095703125 0.4635416666666667 0.298828125 0.484375 0.2939453125 0.4986979166666667 0.283203125 0.4947916666666667 0.248046875 0.4088541666666667 0.2529296875 0.3893229166666667 0.2978515625 0.3841145833333333 0.3154296875 0.3841145833333333 0.32421875 0.3893229166666667 0.326171875 0.4036458333333333 0.3251953125
4 0.46484375 0.3203125 0.453125 0.3232421875 0.4401041666666667 0.31640625 0.4166666666666667 0.3193359375 0.4010416666666667 0.328125 0.3932291666666667 0.3466796875 0.3684895833333333 0.3505859375 0.3645833333333333 0.3544921875 0.3515625 0.4033203125 0.4401041666666667 0.3916015625 0.44921875 0.3798828125 0.46484375 0.3203125
10 0.3997395833333333 0.4794921875 0.4088541666666667 0.466796875 0.41796875 0.4638671875 0.44140625 0.4423828125 0.4388020833333333 0.404296875 0.42578125 0.40234375 0.34765625 0.4140625 0.3411458333333333 0.419921875 0.3229166666666667 0.46875 0.3190104166666667 0.48046875 0.3190104166666667 0.4931640625 0.3229166666666667 0.4951171875 0.3997395833333333 0.4794921875
3 0.546875 0.2646484375 0.5403645833333334 0.26171875 0.5325520833333334 0.263671875 0.5286458333333334 0.2666015625 0.53125 0.2744140625 0.5442708333333334 0.2763671875 0.546875 0.2646484375
1 0.578125 0.3056640625 0.57421875 0.2900390625 0.5651041666666666 0.2861328125 0.5520833333333334 0.2890625 0.54296875 0.30078125 0.5598958333333334 0.3125 0.57421875 0.30859375 0.578125 0.3056640625
1 0.5989583333333334 0.4140625 0.6028645833333334 0.4033203125 0.5924479166666666 0.3955078125 0.5807291666666666 0.3955078125 0.5677083333333334 0.408203125 0.5794270833333334 0.41796875 0.5872395833333334 0.4189453125 0.5989583333333334 0.4140625
1 0.6809895833333334 0.3388671875 0.6783854166666666 0.3291015625 0.6692708333333334 0.3251953125 0.6614583333333334 0.3251953125 0.6484375 0.333984375 0.6497395833333334 0.341796875 0.6640625 0.349609375 0.67578125 0.3466796875 0.6809895833333334 0.3388671875
1 0.5182291666666666 0.4931640625 0.5169270833333334 0.4765625 0.5052083333333334 0.4736328125 0.4921875 0.4814453125 0.4934895833333333 0.494140625 0.5013020833333334 0.501953125 0.5104166666666666 0.5009765625 0.5182291666666666 0.4931640625
1 0.90625 0.3212890625 0.9010416666666666 0.30859375 0.8880208333333334 0.306640625 0.8828125 0.310546875 0.8763020833333334 0.3212890625 0.8880208333333334 0.328125 0.8932291666666666 0.3291015625 0.90625 0.3212890625
1 0.91796875 0.392578125 0.9114583333333334 0.38671875 0.9010416666666666 0.38671875 0.8932291666666666 0.3916015625 0.88671875 0.400390625 0.9010416666666666 0.4072265625 0.91796875 0.400390625 0.91796875 0.392578125
1 0.23046875 0.4462890625 0.23958333333333334 0.439453125 0.24088541666666666 0.4208984375 0.2265625 0.4140625 0.20963541666666666 0.4208984375 0.20833333333333334 0.4326171875 0.21354166666666666 0.4423828125 0.22135416666666666 0.447265625 0.23046875 0.4462890625
1 0.20963541666666666 0.4833984375 0.20703125 0.47265625 0.18880208333333334 0.46875 0.17447916666666666 0.4765625 0.17708333333333334 0.494140625 0.1875 0.501953125 0.19921875 0.4990234375 0.20963541666666666 0.4833984375
1 0.16536458333333334 0.51953125 0.16666666666666666 0.5 0.14583333333333334 0.49609375 0.1328125 0.501953125 0.13541666666666666 0.5205078125 0.14713541666666666 0.529296875 0.15364583333333334 0.5283203125 0.16536458333333334 0.51953125
1 0.19791666666666666 0.5556640625 0.20703125 0.546875 0.20833333333333334 0.5322265625 0.18880208333333334 0.5263671875 0.17317708333333334 0.533203125 0.17317708333333334 0.5478515625 0.18098958333333334 0.556640625 0.19140625 0.55859375 0.19791666666666666 0.5556640625
3 0.2265625 0.4111328125 0.23307291666666666 0.4013671875 0.22395833333333334 0.38671875 0.19661458333333334 0.3779296875 0.16927083333333334 0.3828125 0.15885416666666666 0.3974609375 0.16145833333333334 0.416015625 0.18619791666666666 0.421875 0.20833333333333334 0.419921875 0.2265625 0.4111328125
3 0.1875 0.4638671875 0.18880208333333334 0.44921875 0.16927083333333334 0.4326171875 0.12630208333333334 0.43359375 0.11458333333333333 0.44140625 0.11197916666666667 0.455078125 0.12890625 0.470703125 0.17578125 0.470703125 0.1875 0.4638671875
3 0.125 0.5087890625 0.12109375 0.5009765625 0.11067708333333333 0.4990234375 0.09635416666666667 0.5 0.08723958333333333 0.505859375 0.08723958333333333 0.5126953125 0.10286458333333333 0.5205078125 0.11588541666666667 0.5185546875 0.125 0.5087890625
3 0.10026041666666667 0.59375 0.13932291666666666 0.578125 0.140625 0.5556640625 0.12760416666666666 0.5458984375 0.10677083333333333 0.544921875 0.08463541666666667 0.552734375 0.07291666666666667 0.5615234375 0.06901041666666667 0.5712890625 0.06770833333333333 0.5859375 0.07421875 0.5927734375 0.08333333333333333 0.595703125 0.10026041666666667 0.59375
3 0.078125 0.5478515625 0.08723958333333333 0.5361328125 0.08072916666666667 0.5283203125 0.06510416666666667 0.5244140625 0.03125 0.533203125 0.028645833333333332 0.541015625 0.03515625 0.546875 0.05859375 0.5546875 0.078125 0.5478515625
3 0.3307291666666667 0.6103515625 0.359375 0.6005859375 0.37109375 0.58984375 0.3736979166666667 0.578125 0.36328125 0.564453125 0.34765625 0.560546875 0.30859375 0.583984375 0.2994791666666667 0.59765625 0.30078125 0.60546875 0.3072916666666667 0.609375 0.3307291666666667 0.6103515625
3 0.22395833333333334 0.61328125 0.23177083333333334 0.603515625 0.22395833333333334 0.5927734375 0.20572916666666666 0.59375 0.19921875 0.59765625 0.19401041666666666 0.6064453125 0.19921875 0.6123046875 0.2109375 0.615234375 0.22395833333333334 0.61328125
3 0.2724466145833333 0.60412109375 0.27114453125 0.60021484375 0.2581236979166667 0.59728515625 0.23859244791666667 0.59826171875 0.23598828125000001 0.60998046875 0.24770703125000001 0.61779296875 0.2581236979166667 0.61681640625 0.2724466145833333 0.60412109375
9 0.24479166666666666 0.3828125 0.23177083333333334 0.3896484375 0.23307291666666666 0.39453125 0.23697916666666666 0.3984375 0.24088541666666666 0.3974609375 0.25 0.390625 0.26171875 0.384765625 0.265625 0.3837890625 0.2721354166666667 0.3857421875 0.28515625 0.384765625 0.2890625 0.3837890625 0.2942708333333333 0.3798828125 0.296875 0.3759765625 0.296875 0.369140625 0.2942708333333333 0.365234375 0.2825520833333333 0.3544921875 0.2760416666666667 0.353515625 0.2734375 0.3544921875 0.2708333333333333 0.3603515625 0.2643229166666667 0.365234375 0.2604166666666667 0.3720703125 0.24479166666666666 0.3828125
9 0.3190104166666667 0.537109375 0.32421875 0.53125 0.33203125 0.53125 0.34375 0.5283203125 0.3489583333333333 0.5205078125 0.3489583333333333 0.517578125 0.3450520833333333 0.51171875 0.33984375 0.5078125 0.33203125 0.5068359375 0.32421875 0.509765625 0.3190104166666667 0.515625 0.31640625 0.5263671875 0.2877604166666667 0.546875 0.2864583333333333 0.5498046875 0.2890625 0.552734375 0.2890625 0.556640625 0.3190104166666667 0.537109375
9 0.3177083333333333 0.564453125 0.3125 0.56640625 0.3125 0.572265625 0.3138020833333333 0.5751953125 0.31640625 0.576171875 0.3216145833333333 0.57421875 0.3463541666666667 0.5576171875 0.35546875 0.5537109375 0.3619791666666667 0.552734375 0.3658854166666667 0.548828125 0.3671875 0.541015625 0.3645833333333333 0.5361328125 0.359375 0.5322265625 0.3450520833333333 0.53125 0.3385416666666667 0.5361328125 0.3372395833333333 0.5478515625 0.3346354166666667 0.5537109375 0.3216145833333333 0.560546875 0.3177083333333333 0.564453125
9 0.3893229166666667 0.5625 0.4049479166666667 0.5595703125 0.40625 0.55859375 0.41015625 0.55859375 0.41796875 0.5498046875 0.41796875 0.544921875 0.4153645833333333 0.5419921875 0.40625 0.5380859375 0.3958333333333333 0.5380859375 0.390625 0.5400390625 0.38671875 0.548828125 0.38671875 0.5517578125 0.3854166666666667 0.552734375 0.3854166666666667 0.5595703125 0.3893229166666667 0.5625
9 0.37890625 0.6357421875 0.3854166666666667 0.6298828125 0.38671875 0.6162109375 0.4036458333333333 0.6044921875 0.4127604166666667 0.5947265625 0.4075520833333333 0.58984375 0.38498307291666667 0.6057939453125 0.3697916666666667 0.61328125 0.3658854166666667 0.61328125 0.3580729166666667 0.619140625 0.3567708333333333 0.623046875 0.3580729166666667 0.630859375 0.3671875 0.63671875 0.37890625 0.6357421875
9 0.46484375 0.6298828125 0.4674479166666667 0.630859375 0.4713541666666667 0.630859375 0.47265625 0.6318359375 0.4778645833333333 0.630859375 0.48046875 0.62890625 0.48046875 0.6259765625 0.484375 0.62109375 0.484375 0.6162109375 0.4908854166666667 0.607421875 0.4908854166666667 0.60546875 0.4869791666666667 0.6025390625 0.4869791666666667 0.6015625 0.4830729166666667 0.603515625 0.4778645833333333 0.6103515625 0.4713541666666667 0.6123046875 0.4700520833333333 0.611328125 0.46484375 0.6142578125 0.4635416666666667 0.6142578125 0.4622395833333333 0.6162109375 0.4622395833333333 0.626953125 0.46484375 0.62890625 0.46484375 0.6298828125
9 0.49609375 0.646484375 0.4986979166666667 0.6455078125 0.50390625 0.640625 0.50390625 0.634765625 0.51171875 0.6201171875 0.51953125 0.6103515625 0.5260416666666666 0.60546875 0.5182291666666666 0.603515625 0.50390625 0.615234375 0.5 0.6201171875 0.4921875 0.6240234375 0.48828125 0.6240234375 0.4817708333333333 0.630859375 0.48046875 0.6376953125 0.4830729166666667 0.642578125 0.4895833333333333 0.646484375 0.49609375 0.646484375
9 0.54296875 0.642578125 0.546875 0.642578125 0.5520833333333334 0.640625 0.5572916666666666 0.63671875 0.5572916666666666 0.6337890625 0.55859375 0.6328125 0.55859375 0.625 0.5625 0.6181640625 0.5716145833333334 0.609375 0.5716145833333334 0.6015625 0.5677083333333334 0.6005859375 0.5598958333333334 0.6064453125 0.5572916666666666 0.6103515625 0.5403645833333334 0.6220703125 0.53515625 0.626953125 0.53515625 0.6298828125 0.5338541666666666 0.630859375 0.53515625 0.6376953125 0.54296875 0.642578125
9 0.578125 0.2529296875 0.5911458333333334 0.2529296875 0.5950520833333334 0.2470703125 0.5924479166666666 0.2373046875 0.58203125 0.2314453125 0.5716145833333334 0.2333984375 0.5638020833333334 0.25 0.546875 0.2646484375 0.5455729166666666 0.2724609375 0.5533854166666666 0.271484375 0.5677083333333334 0.2578125 0.578125 0.2529296875
9 0.7109375 0.3291015625 0.7122395833333334 0.330078125 0.71484375 0.3291015625 0.71875 0.326171875 0.71875 0.3251953125 0.7265625 0.3203125 0.7291666666666666 0.3193359375 0.7317708333333334 0.3193359375 0.7330729166666666 0.3203125 0.7369791666666666 0.3203125 0.7395833333333334 0.3193359375 0.7421875 0.3173828125 0.7421875 0.3154296875 0.7434895833333334 0.314453125 0.7434895833333334 0.3095703125 0.7421875 0.30859375 0.7408854166666666 0.3046875 0.734375 0.2998046875 0.7278645833333334 0.2998046875 0.7239583333333334 0.302734375 0.72265625 0.3134765625 0.70703125 0.32421875 0.70703125 0.326171875 0.7057291666666666 0.3271484375 0.7083333333333334 0.3291015625 0.7109375 0.3291015625
9 0.8684895833333334 0.4677734375 0.8684895833333334 0.4560546875 0.8763020833333334 0.4482421875 0.8684895833333334 0.447265625 0.84375 0.4580078125 0.8450520833333334 0.4677734375 0.8528645833333334 0.4736328125 0.8619791666666666 0.4736328125 0.8684895833333334 0.4677734375
9 0.859375 0.2763671875 0.859375 0.2783203125 0.8658854166666666 0.283203125 0.8684895833333334 0.283203125 0.8854166666666666 0.265625 0.8854166666666666 0.2607421875 0.8841145833333334 0.259765625 0.8828125 0.2548828125 0.875 0.251953125 0.8684895833333334 0.251953125 0.8658854166666666 0.25390625 0.8658854166666666 0.255859375 0.8645833333333334 0.2568359375 0.8645833333333334 0.263671875 0.8658854166666666 0.2646484375 0.8658854166666666 0.2666015625 0.859375 0.2763671875
9 0.8854166666666666 0.2666015625 0.8815104166666666 0.26953125 0.8815104166666666 0.2705078125 0.8763020833333334 0.275390625 0.8763020833333334 0.2822265625 0.8802083333333334 0.2802734375 0.8828125 0.28125 0.8828125 0.2802734375 0.88671875 0.27734375 0.88671875 0.2763671875 0.8997395833333334 0.2666015625 0.9075520833333334 0.263671875 0.9088541666666666 0.259765625 0.91015625 0.2587890625 0.91015625 0.25390625 0.9088541666666666 0.251953125 0.9010416666666666 0.24609375 0.8984375 0.24609375 0.8971354166666666 0.2451171875 0.890625 0.24609375 0.88671875 0.2490234375 0.8854166666666666 0.2529296875 0.8841145833333334 0.25390625 0.8854166666666666 0.255859375 0.8854166666666666 0.2587890625 0.8880208333333334 0.2626953125 0.8854166666666666 0.2666015625
9 0.953125 0.234375 0.9622395833333334 0.234375 0.9661458333333334 0.2314453125 0.9661458333333334 0.224609375 0.9635416666666666 0.220703125 0.95703125 0.2177734375 0.94921875 0.21875 0.9466145833333334 0.2216796875 0.9466145833333334 0.2236328125 0.9440104166666666 0.2275390625 0.9440104166666666 0.23046875 0.94140625 0.232421875 0.94140625 0.2333984375 0.9388020833333334 0.234375 0.9388020833333334 0.2353515625 0.93359375 0.23828125 0.9322916666666666 0.240234375 0.9309895833333334 0.2451171875 0.9322916666666666 0.2451171875 0.9348958333333334 0.2470703125 0.953125 0.234375
7 0.859375 0.6689453125 0.8984375 0.5498046875 0.8919270833333334 0.5458984375 0.8880208333333334 0.548828125 0.8802083333333334 0.5478515625 0.8736979166666666 0.541015625 0.8697916666666666 0.5439453125 0.8541666666666666 0.58984375 0.859375 0.60986328125 0.8411458333333334 0.6328125 0.8333333333333334 0.6513671875 0.8333333333333334 0.666015625 0.8502604166666666 0.671875 0.859375 0.6689453125
7 0.9075520833333334 0.5244140625 0.9296875 0.4619140625 0.9348958333333334 0.4306640625 0.9140625 0.419921875 0.90234375 0.4462890625 0.8763020833333334 0.5263671875 0.8880208333333334 0.51953125 0.90234375 0.52734375 0.9075520833333334 0.5244140625
7 0.87109375 0.7109375 0.8763020833333334 0.7099609375 0.89453125 0.6572265625 0.91015625 0.5849609375 0.921875 0.568359375 0.94140625 0.5029296875 0.921875 0.501953125 0.91015625 0.5244140625 0.8971354166666666 0.5791015625 0.8567708333333334 0.6904296875 0.8567708333333334 0.69921875 0.87109375 0.7109375
7 0.7877604166666666 0.642578125 0.7682291666666666 0.7001953125 0.765625 0.703125 0.76171875 0.7001953125 0.76171875 0.70703125 0.77734375 0.7138671875 0.78515625 0.7138671875 0.7916666666666666 0.705078125 0.82421875 0.59765625 0.8307291666666666 0.58984375 0.8528645833333334 0.5205078125 0.8541666666666666 0.5048828125 0.8385416666666666 0.4921875 0.8333333333333334 0.4921875 0.828125 0.50390625 0.8203125 0.5458984375 0.796875 0.615234375 0.7877604166666666 0.62890625 0.7877604166666666 0.642578125
7 0.8333333333333334 0.6435546875 0.8463541666666666 0.6162109375 0.84375 0.59375 0.8346354166666666 0.59375 0.8268229166666666 0.5986328125 0.7526041666666666 0.810546875 0.75390625 0.82421875 0.7643229166666666 0.828125 0.7760416666666666 0.82421875 0.8333333333333334 0.6435546875
7 0.5716145833333334 0.8291015625 0.5716145833333334 0.81640625 0.6080729166666666 0.7236328125 0.7044270833333334 0.4931640625 0.7057291666666666 0.4833984375 0.69140625 0.4716796875 0.6848958333333334 0.4736328125 0.6627604166666666 0.51953125 0.58203125 0.7158203125 0.5794270833333334 0.7373046875 0.5611979166666666 0.7646484375 0.5325520833333334 0.833984375 0.5325520833333334 0.8408203125 0.5546875 0.8408203125 0.56640625 0.837890625 0.5716145833333334 0.8291015625
7 0.6119791666666666 0.60546875 0.6171875 0.5693359375 0.6106770833333334 0.5439453125 0.5963541666666666 0.521484375 0.5924479166666666 0.5166015625 0.5872395833333334 0.5166015625 0.5611979166666666 0.5322265625 0.55859375 0.54296875 0.5690104166666666 0.5966796875 0.5768229166666666 0.6015625 0.6119791666666666 0.60546875
7 0.6484375 0.4697265625 0.6328125 0.4697265625 0.6315104166666666 0.4775390625 0.6380208333333334 0.484375 0.6380208333333334 0.4931640625 0.6536458333333334 0.5009765625 0.6614583333333334 0.5009765625 0.6770833333333334 0.484375 0.6901041666666666 0.4560546875 0.6861979166666666 0.4228515625 0.6783854166666666 0.4150390625 0.64453125 0.404296875 0.6380208333333334 0.4072265625 0.6380208333333334 0.4296875 0.6536458333333334 0.4423828125 0.6549479166666666 0.4619140625 0.6484375 0.4697265625
0 0.6028645833333334 0.494140625 0.5911458333333334 0.4873046875 0.58984375 0.509765625 0.5950520833333334 0.5126953125 0.6028645833333334 0.50390625 0.6028645833333334 0.494140625
7 0.69921875 0.384765625 0.6966145833333334 0.3720703125 0.6783854166666666 0.3486328125 0.6705729166666666 0.35546875 0.6692708333333334 0.3671875 0.6848958333333334 0.4013671875 0.6927083333333334 0.4072265625 0.69921875 0.384765625
0 0.7239583333333334 0.341796875 0.7057291666666666 0.3271484375 0.6861979166666666 0.3203125 0.6783854166666666 0.3212890625 0.6796875 0.328125 0.7122395833333334 0.3564453125 0.7291666666666666 0.3564453125 0.7239583333333334 0.341796875
0 0.8671875 0.30078125 0.8697916666666666 0.2880859375 0.8580729166666666 0.27734375 0.8489583333333334 0.27734375 0.8346354166666666 0.28125 0.8190104166666666 0.29296875 0.8177083333333334 0.302734375 0.82421875 0.30859375 0.8450520833333334 0.3115234375 0.8671875 0.30078125
10 0.9596354166666666 0.3955078125 0.9791666666666666 0.404296875 0.9986979166666666 0.4189453125 0.9986979166666666 0.3828125 0.953125 0.361328125 0.9140625 0.3603515625 0.9140625 0.37890625 0.9270833333333334 0.3935546875 0.9427083333333334 0.3984375 0.9596354166666666 0.3955078125
3 0.8984375 0.435546875 0.890625 0.431640625 0.8697916666666666 0.4345703125 0.8684895833333334 0.443359375 0.8802083333333334 0.453125 0.8997395833333334 0.44140625 0.8984375 0.435546875
7 0.7122395833333334 0.654296875 0.7369791666666666 0.6591796875 0.7486979166666666 0.65234375 0.7552083333333334 0.640625 0.76953125 0.58984375 0.7799479166666666 0.568359375 0.7799479166666666 0.5498046875 0.7708333333333334 0.541015625 0.7565104166666666 0.53515625 0.7200520833333334 0.5361328125 0.7044270833333334 0.546875 0.69140625 0.5771484375 0.6809895833333334 0.611328125 0.6822916666666666 0.6279296875 0.69140625 0.640625 0.7122395833333334 0.654296875
7 0.7825520833333334 0.654296875 0.78125 0.6494140625 0.7578125 0.642578125 0.74609375 0.6640625 0.6927083333333334 0.814453125 0.6927083333333334 0.8310546875 0.71484375 0.828125 0.7252604166666666 0.8173828125 0.7825520833333334 0.654296875
7 0.7747395833333334 0.6181640625 0.78515625 0.625 0.79296875 0.62109375 0.8125 0.5634765625 0.82421875 0.54296875 0.82421875 0.5224609375 0.8059895833333334 0.509765625 0.7994791666666666 0.5146484375 0.7916666666666666 0.53515625 0.7838541666666666 0.56640625 0.7643229166666666 0.61328125 0.765625 0.6201171875 0.7747395833333334 0.6181640625
0 0.6731770833333334 0.62890625 0.6653645833333334 0.6240234375 0.6588541666666666 0.6240234375 0.6549479166666666 0.62890625 0.6536458333333334 0.6455078125 0.6705729166666666 0.650390625 0.67578125 0.640625 0.6731770833333334 0.62890625
2 0.6497395833333334 0.6025390625 0.6432291666666666 0.6015625 0.63671875 0.60546875 0.6354166666666666 0.6123046875 0.6510416666666666 0.6142578125 0.6536458333333334 0.60546875 0.6497395833333334 0.6025390625
3 0.4544270833333333 0.580078125 0.4283854166666667 0.5625 0.4205729166666667 0.56640625 0.4114583333333333 0.58203125 0.41015625 0.5888671875 0.41796875 0.5947265625 0.45703125 0.5986328125 0.4544270833333333 0.580078125
3 0.4635416666666667 0.5595703125 0.4635416666666667 0.5439453125 0.4557291666666667 0.5341796875 0.4479166666666667 0.5322265625 0.44140625 0.53515625 0.4283854166666667 0.548828125 0.4296875 0.564453125 0.4557291666666667 0.5791015625 0.4557291666666667 0.5703125 0.4635416666666667 0.5595703125
11 0 0.869140625 0.06380208333333333 0.8984375 0.07291666666666667 0.8935546875 0.07682291666666667 0.900390625 0.07942708333333333 0.896484375 0.09114583333333333 0.900390625 0.12239583333333333 0.89453125 0.13020833333333334 0.849609375 0.140625 0.828125 0.15885416666666666 0.7548828125 0.15755208333333334 0.7451171875 0.15234375 0.7421875 0.13671875 0.7470703125 0 0.8056640625 0 0.869140625
4 0.21614583333333334 0.7509765625 0.21744791666666666 0.7333984375 0.21223958333333334 0.7294921875 0.17708333333333334 0.73046875 0.16015625 0.7353515625 0.15885416666666666 0.7470703125 0.16666666666666666 0.7568359375 0.203125 0.7548828125 0.21614583333333334 0.7509765625
0 0.9466145833333334 0.2763671875 0.9518229166666666 0.271484375 0.9479166666666666 0.26171875 0.9153645833333334 0.2607421875 0.91015625 0.263671875 0.9088541666666666 0.2734375 0.9127604166666666 0.2783203125 0.93359375 0.2744140625 0.9466145833333334 0.2763671875
0 0.9114583333333334 0.2548828125 0.9153645833333334 0.2587890625 0.9283854166666666 0.2587890625 0.9322916666666666 0.255859375 0.93359375 0.251953125 0.9348958333333334 0.2509765625 0.93359375 0.2470703125 0.9283854166666666 0.2451171875 0.9270833333333334 0.24609375 0.9166666666666666 0.2451171875 0.9114583333333334 0.2470703125 0.91015625 0.2490234375 0.91015625 0.251953125 0.9114583333333334 0.2529296875 0.9114583333333334 0.2548828125
2 0.4609375 0.6298828125 0.4505208333333333 0.6328125 0.4466145833333333 0.6416015625 0.4583333333333333 0.6455078125 0.4674479166666667 0.634765625 0.4609375 0.6298828125
2 0.38671875 0.5634765625 0.3723958333333333 0.5615234375 0.3671875 0.5634765625 0.3723958333333333 0.5732421875 0.38671875 0.57421875 0.38671875 0.5634765625
2 0.5559895833333334 0.5205078125 0.5455729166666666 0.521484375 0.5442708333333334 0.5283203125 0.5481770833333334 0.53125 0.5572916666666666 0.5302734375 0.5559895833333334 0.5205078125
10 0.2708333333333333 0.7431640625 0.2981770833333333 0.74609375 0.30859375 0.76953125 0.3216145833333333 0.7763671875 0.3372395833333333 0.7802734375 0.3802083333333333 0.7783203125 0.3802083333333333 0.76171875 0.3541666666666667 0.697265625 0.2734375 0.6845703125 0.2513020833333333 0.6845703125 0.24739583333333334 0.6884765625 0.25 0.6982421875 0.2643229166666667 0.736328125 0.2708333333333333 0.7431640625
11 0.4231770833333333 0.8408203125 0.4557291666666667 0.8359375 0.46484375 0.8310546875 0.4778645833333333 0.79296875 0.4778645833333333 0.7783203125 0.3841145833333333 0.779296875 0.3723958333333333 0.7880859375 0.3203125 0.849609375 0.3177083333333333 0.8583984375 0.3229166666666667 0.861328125 0.3984375 0.8662109375 0.4231770833333333 0.8408203125
3 0.30859375 0.865234375 0.3111979166666667 0.857421875 0.3059895833333333 0.849609375 0.2890625 0.8505859375 0.2760416666666667 0.8408203125 0.26171875 0.8447265625 0.2604166666666667 0.869140625 0.26953125 0.8759765625 0.29296875 0.876953125 0.30859375 0.865234375
4 0.3515625 0.8623046875 0.3880208333333333 0.865234375 0.3984375 0.8623046875 0.39453125 0.84375 0.3893229166666667 0.8388671875 0.3268229166666667 0.8447265625 0.3255208333333333 0.853515625 0.3372395833333333 0.859375 0.3502604166666667 0.8583984375 0.3515625 0.8623046875
5 0.22786458333333334 0.837890625 0.21875 0.8349609375 0.19791666666666666 0.8388671875 0.18489583333333334 0.8701171875 0.21614583333333334 0.8720703125 0.23177083333333334 0.8525390625 0.22786458333333334 0.837890625
5 0.2565104166666667 0.8720703125 0.2630208333333333 0.8583984375 0.2591145833333333 0.8486328125 0.24088541666666666 0.8427734375 0.23307291666666666 0.84765625 0.23046875 0.8603515625 0.22135416666666666 0.873046875 0.24088541666666666 0.875 0.2565104166666667 0.8720703125
4 0.7044270833333334 0.65234375 0.6888020833333334 0.6513671875 0.6328125 0.6845703125 0.625 0.693359375 0.62109375 0.7099609375 0.6223958333333334 0.7265625 0.66015625 0.728515625 0.703125 0.66796875 0.7044270833333334 0.65234375
4 0.546875 0.7314453125 0.578125 0.7216796875 0.57421875 0.701171875 0.5638020833333334 0.6875 0.4921875 0.671875 0.48046875 0.6748046875 0.4765625 0.68359375 0.4856770833333333 0.6953125 0.5234375 0.7138671875 0.546875 0.7314453125
4 0.5638020833333334 0.7529296875 0.5729166666666666 0.7333984375 0.5638020833333334 0.7294921875 0.5520833333333334 0.732421875 0.48046875 0.771484375 0.48046875 0.7900390625 0.484375 0.7958984375 0.5169270833333334 0.796875 0.5638020833333334 0.7529296875
2 0.2721354166666667 0.6708984375 0.265625 0.6669921875 0.2513020833333333 0.6689453125 0.2513020833333333 0.681640625 0.2565104166666667 0.6845703125 0.2669270833333333 0.68359375 0.2721354166666667 0.6708984375
8 0.9752604166666666 0.630859375 0.9739583333333334 0.6220703125 0.9505208333333334 0.6025390625 0.93359375 0.5966796875 0.91796875 0.5966796875 0.9114583333333334 0.6015625 0.8971354166666666 0.6435546875 0.8958333333333334 0.6572265625 0.9140625 0.6552734375 0.9700520833333334 0.6376953125 0.9752604166666666 0.630859375
3 0.9205729166666666 0.720703125 0.9322916666666666 0.701171875 0.9322916666666666 0.6953125 0.921875 0.69140625 0.8932291666666666 0.693359375 0.8828125 0.697265625 0.8893229166666666 0.7099609375 0.9036458333333334 0.7197265625 0.9153645833333334 0.7216796875 0.9205729166666666 0.720703125
4 0.94921875 0.8046875 0.9700520833333334 0.8046875 0.9752604166666666 0.8017578125 0.9895833333333334 0.7763671875 0.98828125 0.767578125 0.9635416666666666 0.759765625 0.91796875 0.765625 0.9140625 0.7685546875 0.9153645833333334 0.779296875 0.9309895833333334 0.8017578125 0.94921875 0.8046875
2 0.9752604166666666 0.521484375 0.97265625 0.5283203125 0.98046875 0.5322265625 0.9830729166666666 0.525390625 0.9752604166666666 0.521484375
0 0.2799479166666667 0.5869140625 0.2903645833333333 0.5556640625 0.2825520833333333 0.552734375 0.2578125 0.5615234375 0.234375 0.5771484375 0.234375 0.583984375 0.25 0.59375 0.2721354166666667 0.5966796875 0.2799479166666667 0.5869140625