7 0.49869791709183675 0.283203125 0.49479166709183675 0.248046875 0.40885416709183675 0.2529296875 0.38932291709183675 0.2978515625 0.38411458290816325 0.3154296875 0.38411458290816325 0.32421875 0.38932291709183675 0.326171875 0.40364583290816325 0.3251953125 0.42838541709183675 0.3154296875 0.44921875 0.3154296875 0.45833333290816325 0.3095703125 0.46354166709183675 0.298828125 0.484375 0.2939453125 0.49869791709183675 0.283203125
4 0.36848958290816325 0.3505859375 0.36458333290816325 0.3544921875 0.3515625 0.4033203125 0.44010416709183675 0.3916015625 0.44921875 0.3798828125 0.46484375 0.3203125 0.453125 0.3232421875 0.44010416709183675 0.31640625 0.41666666709183675 0.3193359375 0.40104166709183675 0.328125 0.39322916709183675 0.3466796875 0.36848958290816325 0.3505859375
10 0.34765625 0.4140625 0.34114583290816325 0.419921875 0.3229166670918367 0.46875 0.3190104170918367 0.48046875 0.3190104170918367 0.4931640625 0.3229166670918367 0.4951171875 0.39973958290816325 0.4794921875 0.40885416709183675 0.466796875 0.41796875 0.4638671875 0.44140625 0.4423828125 0.43880208290816325 0.404296875 0.42578125 0.40234375 0.34765625 0.4140625
3 0.546875 0.2646484375 0.5403645829081632 0.26171875 0.5325520829081632 0.263671875 0.5286458329081632 0.2666015625 0.53125 0.2744140625 0.5442708329081632 0.2763671875 0.546875 0.2646484375
1 0.57421875 0.30859375 0.578125 0.3056640625 0.57421875 0.2900390625 0.5651041670918368 0.2861328125 0.5520833329081632 0.2890625 0.54296875 0.30078125 0.5598958329081632 0.3125 0.57421875 0.30859375
1 0.5872395829081632 0.4189453125 0.5989583329081632 0.4140625 0.6028645829081632 0.4033203125 0.5924479170918368 0.3955078125 0.5807291670918368 0.3955078125 0.5677083329081632 0.408203125 0.5794270829081632 0.41796875 0.5872395829081632 0.4189453125
1 0.6640625 0.349609375 0.67578125 0.3466796875 0.6809895829081634 0.3388671875 0.6783854170918366 0.3291015625 0.6692708329081634 0.3251953125 0.6614583329081634 0.3251953125 0.6484375 0.333984375 0.6497395829081632 0.341796875 0.6640625 0.349609375
1 0.5104166670918368 0.5009765625 0.5182291670918368 0.4931640625 0.5169270829081632 0.4765625 0.5052083329081632 0.4736328125 0.4921875 0.4814453125 0.49348958290816325 0.494140625 0.5013020829081632 0.501953125 0.5104166670918368 0.5009765625
1 0.8932291670918366 0.3291015625 0.90625 0.3212890625 0.9010416670918366 0.30859375 0.8880208329081634 0.306640625 0.8828125 0.310546875 0.8763020829081634 0.3212890625 0.8880208329081634 0.328125 0.8932291670918366 0.3291015625
1 0.91796875 0.400390625 0.91796875 0.392578125 0.9114583329081634 0.38671875 0.9010416670918366 0.38671875 0.8932291670918366 0.3916015625 0.88671875 0.400390625 0.9010416670918366 0.4072265625 0.91796875 0.400390625
1 0.21354166709183672 0.4423828125 0.22135416709183672 0.447265625 0.23046875 0.4462890625 0.23958333290816328 0.439453125 0.24088541709183672 0.4208984375 0.2265625 0.4140625 0.20963541709183672 0.4208984375 0.20833333290816328 0.4326171875 0.21354166709183672 0.4423828125
1 0.19921875 0.4990234375 0.20963541709183672 0.4833984375 0.20703125 0.47265625 0.18880208290816328 0.46875 0.17447916709183672 0.4765625 0.17708333290816328 0.494140625 0.1875 0.501953125 0.19921875 0.4990234375
1 0.15364583290816325 0.5283203125 0.16536458290816328 0.51953125 0.16666666709183672 0.5 0.14583333290816325 0.49609375 0.1328125 0.501953125 0.13541666709183675 0.5205078125 0.14713541709183675 0.529296875 0.15364583290816325 0.5283203125
1 0.18098958290816328 0.556640625 0.19140625 0.55859375 0.19791666709183672 0.5556640625 0.20703125 0.546875 0.20833333290816328 0.5322265625 0.18880208290816328 0.5263671875 0.17317708290816328 0.533203125 0.17317708290816328 0.5478515625 0.18098958290816328 0.556640625
3 0.16145833290816325 0.416015625 0.18619791709183672 0.421875 0.20833333290816328 0.419921875 0.2265625 0.4111328125 0.23307291709183672 0.4013671875 0.22395833290816328 0.38671875 0.19661458290816328 0.3779296875 0.16927083290816328 0.3828125 0.15885416709183675 0.3974609375 0.16145833290816325 0.416015625
3 0.12890625 0.470703125 0.17578125 0.470703125 0.1875 0.4638671875 0.18880208290816328 0.44921875 0.16927083290816328 0.4326171875 0.12630208290816325 0.43359375 0.11458333290816326 0.44140625 0.11197916709183674 0.455078125 0.12890625 0.470703125
3 0.10286458290816326 0.5205078125 0.11588541709183674 0.5185546875 0.125 0.5087890625 0.12109375 0.5009765625 0.11067708290816326 0.4990234375 0.09635416709183674 0.5 0.08723958290816326 0.505859375 0.08723958290816326 0.5126953125 0.10286458290816326 0.5205078125
3 0.07291666709183674 0.5615234375 0.06901041709183674 0.5712890625 0.06770833290816326 0.5859375 0.07421875 0.5927734375 0.08333333290816326 0.595703125 0.10026041709183674 0.59375 0.13932291709183675 0.578125 0.140625 0.5556640625 0.12760416709183675 0.5458984375 0.10677083290816326 0.544921875 0.08463541709183674 0.552734375 0.07291666709183674 0.5615234375
3 0.03515625 0.546875 0.05859375 0.5546875 0.078125 0.5478515625 0.08723958290816326 0.5361328125 0.08072916709183674 0.5283203125 0.06510416709183674 0.5244140625 0.03125 0.533203125 0.028645832908163266 0.541015625 0.03515625 0.546875
3 0.30859375 0.583984375 0.2994791670918367 0.59765625 0.30078125 0.60546875 0.3072916670918367 0.609375 0.33072916709183675 0.6103515625 0.359375 0.6005859375 0.37109375 0.58984375 0.37369791709183675 0.578125 0.36328125 0.564453125 0.34765625 0.560546875 0.30859375 0.583984375
3 0.19921875 0.6123046875 0.2109375 0.615234375 0.22395833290816328 0.61328125 0.23177083290816328 0.603515625 0.22395833290816328 0.5927734375 0.20572916709183672 0.59375 0.19921875 0.59765625 0.19401041709183672 0.6064453125 0.19921875 0.6123046875
3 0.2581236977040816 0.61681640625 0.27244661479591836 0.60412109375 0.2711445306122449 0.60021484375 0.2581236977040816 0.59728515625 0.23859244770408164 0.59826171875 0.2359882818877551 0.60998046875 0.24770703061224492 0.61779296875 0.2581236977040816 0.61681640625
9 0.26171875 0.384765625 0.265625 0.3837890625 0.2721354170918367 0.3857421875 0.28515625 0.384765625 0.2890625 0.3837890625 0.2942708329081633 0.3798828125 0.296875 0.3759765625 0.296875 0.369140625 0.2942708329081633 0.365234375 0.2825520829081633 0.3544921875 0.2760416670918367 0.353515625 0.2734375 0.3544921875 0.2708333329081633 0.3603515625 0.2643229170918367 0.365234375 0.2604166670918367 0.3720703125 0.24479166709183672 0.3828125 0.23177083290816328 0.3896484375 0.23307291709183672 0.39453125 0.23697916709183672 0.3984375 0.24088541709183672 0.3974609375 0.25 0.390625 0.26171875 0.384765625
9 0.34505208290816325 0.51171875 0.33984375 0.5078125 0.33203125 0.5068359375 0.32421875 0.509765625 0.3190104170918367 0.515625 0.31640625 0.5263671875 0.2877604170918367 0.546875 0.2864583329081633 0.5498046875 0.2890625 0.552734375 0.2890625 0.556640625 0.3190104170918367 0.537109375 0.32421875 0.53125 0.33203125 0.53125 0.34375 0.5283203125 0.34895833290816325 0.5205078125 0.34895833290816325 0.517578125 0.34505208290816325 0.51171875
9 0.34635416709183675 0.5576171875 0.35546875 0.5537109375 0.36197916709183675 0.552734375 0.36588541709183675 0.548828125 0.3671875 0.541015625 0.36458333290816325 0.5361328125 0.359375 0.5322265625 0.34505208290816325 0.53125 0.33854166709183675 0.5361328125 0.33723958290816325 0.5478515625 0.33463541709183675 0.5537109375 0.3216145829081633 0.560546875 0.3177083329081633 0.564453125 0.3125 0.56640625 0.3125 0.572265625 0.3138020829081633 0.5751953125 0.31640625 0.576171875 0.3216145829081633 0.57421875 0.34635416709183675 0.5576171875
9 0.41536458290816325 0.5419921875 0.40625 0.5380859375 0.39583333290816325 0.5380859375 0.390625 0.5400390625 0.38671875 0.548828125 0.38671875 0.5517578125 0.38541666709183675 0.552734375 0.38541666709183675 0.5595703125 0.38932291709183675 0.5625 0.40494791709183675 0.5595703125 0.40625 0.55859375 0.41015625 0.55859375 0.41796875 0.5498046875 0.41796875 0.544921875 0.41536458290816325 0.5419921875
9 0.3849830727040816 0.6057939453125 0.36979166709183675 0.61328125 0.36588541709183675 0.61328125 0.35807291709183675 0.619140625 0.35677083290816325 0.623046875 0.35807291709183675 0.630859375 0.3671875 0.63671875 0.37890625 0.6357421875 0.38541666709183675 0.6298828125 0.38671875 0.6162109375 0.40364583290816325 0.6044921875 0.41276041709183675 0.5947265625 0.40755208290816325 0.58984375 0.3849830727040816 0.6057939453125
9 0.48046875 0.6259765625 0.484375 0.62109375 0.484375 0.6162109375 0.49088541709183675 0.607421875 0.49088541709183675 0.60546875 0.48697916709183675 0.6025390625 0.48697916709183675 0.6015625 0.48307291709183675 0.603515625 0.47786458290816325 0.6103515625 0.47135416709183675 0.6123046875 0.47005208290816325 0.611328125 0.46484375 0.6142578125 0.46354166709183675 0.6142578125 0.46223958290816325 0.6162109375 0.46223958290816325 0.626953125 0.46484375 0.62890625 0.46484375 0.6298828125 0.46744791709183675 0.630859375 0.47135416709183675 0.630859375 0.47265625 0.6318359375 0.47786458290816325 0.630859375 0.48046875 0.62890625 0.48046875 0.6259765625
9 0.5260416670918368 0.60546875 0.5182291670918368 0.603515625 0.50390625 0.615234375 0.5 0.6201171875 0.4921875 0.6240234375 0.48828125 0.6240234375 0.48177083290816325 0.630859375 0.48046875 0.6376953125 0.48307291709183675 0.642578125 0.48958333290816325 0.646484375 0.49609375 0.646484375 0.49869791709183675 0.6455078125 0.50390625 0.640625 0.50390625 0.634765625 0.51171875 0.6201171875 0.51953125 0.6103515625 0.5260416670918368 0.60546875
9 0.55859375 0.625 0.5625 0.6181640625 0.5716145829081632 0.609375 0.5716145829081632 0.6015625 0.5677083329081632 0.6005859375 0.5598958329081632 0.6064453125 0.5572916670918368 0.6103515625 0.5403645829081632 0.6220703125 0.53515625 0.626953125 0.53515625 0.6298828125 0.5338541670918368 0.630859375 0.53515625 0.6376953125 0.54296875 0.642578125 0.546875 0.642578125 0.5520833329081632 0.640625 0.5572916670918368 0.63671875 0.5572916670918368 0.6337890625 0.55859375 0.6328125 0.55859375 0.625
9 0.5638020829081632 0.25 0.546875 0.2646484375 0.5455729170918368 0.2724609375 0.5533854170918368 0.271484375 0.5677083329081632 0.2578125 0.578125 0.2529296875 0.5911458329081632 0.2529296875 0.5950520829081632 0.2470703125 0.5924479170918368 0.2373046875 0.58203125 0.2314453125 0.5716145829081632 0.2333984375 0.5638020829081632 0.25
9 0.7291666670918366 0.3193359375 0.7317708329081634 0.3193359375 0.7330729170918366 0.3203125 0.7369791670918366 0.3203125 0.7395833329081634 0.3193359375 0.7421875 0.3173828125 0.7421875 0.3154296875 0.7434895829081634 0.314453125 0.7434895829081634 0.3095703125 0.7421875 0.30859375 0.7408854170918366 0.3046875 0.734375 0.2998046875 0.7278645829081634 0.2998046875 0.7239583329081634 0.302734375 0.72265625 0.3134765625 0.70703125 0.32421875 0.70703125 0.326171875 0.7057291670918366 0.3271484375 0.7083333329081634 0.3291015625 0.7109375 0.3291015625 0.7122395829081634 0.330078125 0.71484375 0.3291015625 0.71875 0.326171875 0.71875 0.3251953125 0.7265625 0.3203125 0.7291666670918366 0.3193359375
9 0.8528645829081634 0.4736328125 0.8619791670918366 0.4736328125 0.8684895829081634 0.4677734375 0.8684895829081634 0.4560546875 0.8763020829081634 0.4482421875 0.8684895829081634 0.447265625 0.84375 0.4580078125 0.8450520829081634 0.4677734375 0.8528645829081634 0.4736328125
9 0.8841145829081634 0.259765625 0.8828125 0.2548828125 0.875 0.251953125 0.8684895829081634 0.251953125 0.8658854170918366 0.25390625 0.8658854170918366 0.255859375 0.8645833329081634 0.2568359375 0.8645833329081634 0.263671875 0.8658854170918366 0.2646484375 0.8658854170918366 0.2666015625 0.859375 0.2763671875 0.859375 0.2783203125 0.8658854170918366 0.283203125 0.8684895829081634 0.283203125 0.8854166670918366 0.265625 0.8854166670918366 0.2607421875 0.8841145829081634 0.259765625
9 0.8828125 0.28125 0.8828125 0.2802734375 0.88671875 0.27734375 0.88671875 0.2763671875 0.8997395829081634 0.2666015625 0.9075520829081634 0.263671875 0.9088541670918366 0.259765625 0.91015625 0.2587890625 0.91015625 0.25390625 0.9088541670918366 0.251953125 0.9010416670918366 0.24609375 0.8984375 0.24609375 0.8971354170918366 0.2451171875 0.890625 0.24609375 0.88671875 0.2490234375 0.8854166670918366 0.2529296875 0.8841145829081634 0.25390625 0.8854166670918366 0.255859375 0.8854166670918366 0.2587890625 0.8880208329081634 0.2626953125 0.8854166670918366 0.2666015625 0.8815104170918366 0.26953125 0.8815104170918366 0.2705078125 0.8763020829081634 0.275390625 0.8763020829081634 0.2822265625 0.8802083329081634 0.2802734375 0.8828125 0.28125
9 0.94921875 0.21875 0.9466145829081634 0.2216796875 0.9466145829081634 0.2236328125 0.9440104170918366 0.2275390625 0.9440104170918366 0.23046875 0.94140625 0.232421875 0.94140625 0.2333984375 0.9388020829081634 0.234375 0.9388020829081634 0.2353515625 0.93359375 0.23828125 0.9322916670918366 0.240234375 0.9309895829081634 0.2451171875 0.9322916670918366 0.2451171875 0.9348958329081634 0.2470703125 0.953125 0.234375 0.9622395829081634 0.234375 0.9661458329081634 0.2314453125 0.9661458329081634 0.224609375 0.9635416670918366 0.220703125 0.95703125 0.2177734375 0.94921875 0.21875
7 0.8697916670918366 0.5439453125 0.8541666670918366 0.58984375 0.859375 0.60986328125 0.8411458329081634 0.6328125 0.8333333329081634 0.6513671875 0.8333333329081634 0.666015625 0.8502604170918366 0.671875 0.859375 0.6689453125 0.8984375 0.5498046875 0.8919270829081634 0.5458984375 0.8880208329081634 0.548828125 0.8802083329081634 0.5478515625 0.8736979170918366 0.541015625 0.8697916670918366 0.5439453125
7 0.8880208329081634 0.51953125 0.90234375 0.52734375 0.9075520829081634 0.5244140625 0.9296875 0.4619140625 0.9348958329081634 0.4306640625 0.9140625 0.419921875 0.90234375 0.4462890625 0.8763020829081634 0.5263671875 0.8880208329081634 0.51953125
7 0.921875 0.501953125 0.91015625 0.5244140625 0.8971354170918366 0.5791015625 0.8567708329081634 0.6904296875 0.8567708329081634 0.69921875 0.87109375 0.7109375 0.8763020829081634 0.7099609375 0.89453125 0.6572265625 0.91015625 0.5849609375 0.921875 0.568359375 0.94140625 0.5029296875 0.921875 0.501953125
7 0.78515625 0.7138671875 0.7916666670918366 0.705078125 0.82421875 0.59765625 0.8307291670918366 0.58984375 0.8528645829081634 0.5205078125 0.8541666670918366 0.5048828125 0.8385416670918366 0.4921875 0.8333333329081634 0.4921875 0.828125 0.50390625 0.8203125 0.5458984375 0.796875 0.615234375 0.7877604170918366 0.62890625 0.7877604170918366 0.642578125 0.7682291670918366 0.7001953125 0.765625 0.703125 0.76171875 0.7001953125 0.76171875 0.70703125 0.77734375 0.7138671875 0.78515625 0.7138671875
7 0.75390625 0.82421875 0.7643229170918366 0.828125 0.7760416670918366 0.82421875 0.8333333329081634 0.6435546875 0.8463541670918366 0.6162109375 0.84375 0.59375 0.8346354170918366 0.59375 0.8268229170918366 0.5986328125 0.7526041670918366 0.810546875 0.75390625 0.82421875
7 0.6848958329081634 0.4736328125 0.6627604170918366 0.51953125 0.58203125 0.7158203125 0.5794270829081632 0.7373046875 0.5611979170918368 0.7646484375 0.5325520829081632 0.833984375 0.5325520829081632 0.8408203125 0.5546875 0.8408203125 0.56640625 0.837890625 0.5716145829081632 0.8291015625 0.5716145829081632 0.81640625 0.6080729170918368 0.7236328125 0.7044270829081634 0.4931640625 0.7057291670918366 0.4833984375 0.69140625 0.4716796875 0.6848958329081634 0.4736328125
7 0.5611979170918368 0.5322265625 0.55859375 0.54296875 0.5690104170918368 0.5966796875 0.5768229170918368 0.6015625 0.6119791670918368 0.60546875 0.6171875 0.5693359375 0.6106770829081632 0.5439453125 0.5963541670918368 0.521484375 0.5924479170918368 0.5166015625 0.5872395829081632 0.5166015625 0.5611979170918368 0.5322265625
7 0.6614583329081634 0.5009765625 0.6770833329081634 0.484375 0.6901041670918366 0.4560546875 0.6861979170918366 0.4228515625 0.6783854170918366 0.4150390625 0.64453125 0.404296875 0.6380208329081632 0.4072265625 0.6380208329081632 0.4296875 0.6536458329081634 0.4423828125 0.6549479170918366 0.4619140625 0.6484375 0.4697265625 0.6328125 0.4697265625 0.6315104170918368 0.4775390625 0.6380208329081632 0.484375 0.6380208329081632 0.4931640625 0.6536458329081634 0.5009765625 0.6614583329081634 0.5009765625
0 0.5911458329081632 0.4873046875 0.58984375 0.509765625 0.5950520829081632 0.5126953125 0.6028645829081632 0.50390625 0.6028645829081632 0.494140625 0.5911458329081632 0.4873046875
7 0.6927083329081634 0.4072265625 0.69921875 0.384765625 0.6966145829081634 0.3720703125 0.6783854170918366 0.3486328125 0.6705729170918366 0.35546875 0.6692708329081634 0.3671875 0.6848958329081634 0.4013671875 0.6927083329081634 0.4072265625
0 0.7291666670918366 0.3564453125 0.7239583329081634 0.341796875 0.7057291670918366 0.3271484375 0.6861979170918366 0.3203125 0.6783854170918366 0.3212890625 0.6796875 0.328125 0.7122395829081634 0.3564453125 0.7291666670918366 0.3564453125
0 0.8177083329081634 0.302734375 0.82421875 0.30859375 0.8450520829081634 0.3115234375 0.8671875 0.30078125 0.8697916670918366 0.2880859375 0.8580729170918366 0.27734375 0.8489583329081634 0.27734375 0.8346354170918366 0.28125 0.8190104170918366 0.29296875 0.8177083329081634 0.302734375
10 0.9140625 0.37890625 0.9270833329081634 0.3935546875 0.9427083329081634 0.3984375 0.9596354170918366 0.3955078125 0.9791666670918366 0.404296875 0.9986979170918366 0.4189453125 0.9986979170918366 0.3828125 0.953125 0.361328125 0.9140625 0.3603515625 0.9140625 0.37890625
3 0.8984375 0.435546875 0.890625 0.431640625 0.8697916670918366 0.4345703125 0.8684895829081634 0.443359375 0.8802083329081634 0.453125 0.8997395829081634 0.44140625 0.8984375 0.435546875
7 0.7799479170918366 0.5498046875 0.7708333329081634 0.541015625 0.7565104170918366 0.53515625 0.7200520829081634 0.5361328125 0.7044270829081634 0.546875 0.69140625 0.5771484375 0.6809895829081634 0.611328125 0.6822916670918366 0.6279296875 0.69140625 0.640625 0.7122395829081634 0.654296875 0.7369791670918366 0.6591796875 0.7486979170918366 0.65234375 0.7552083329081634 0.640625 0.76953125 0.58984375 0.7799479170918366 0.568359375 0.7799479170918366 0.5498046875
7 0.71484375 0.828125 0.7252604170918366 0.8173828125 0.7825520829081634 0.654296875 0.78125 0.6494140625 0.7578125 0.642578125 0.74609375 0.6640625 0.6927083329081634 0.814453125 0.6927083329081634 0.8310546875 0.71484375 0.828125
7 0.8059895829081634 0.509765625 0.7994791670918366 0.5146484375 0.7916666670918366 0.53515625 0.7838541670918366 0.56640625 0.7643229170918366 0.61328125 0.765625 0.6201171875 0.7747395829081634 0.6181640625 0.78515625 0.625 0.79296875 0.62109375 0.8125 0.5634765625 0.82421875 0.54296875 0.82421875 0.5224609375 0.8059895829081634 0.509765625
0 0.67578125 0.640625 0.6731770829081634 0.62890625 0.6653645829081634 0.6240234375 0.6588541670918366 0.6240234375 0.6549479170918366 0.62890625 0.6536458329081634 0.6455078125 0.6705729170918366 0.650390625 0.67578125 0.640625
2 0.6497395829081632 0.6025390625 0.6432291670918368 0.6015625 0.63671875 0.60546875 0.6354166670918368 0.6123046875 0.6510416670918368 0.6142578125 0.6536458329081634 0.60546875 0.6497395829081632 0.6025390625
3 0.45703125 0.5986328125 0.45442708290816325 0.580078125 0.42838541709183675 0.5625 0.42057291709183675 0.56640625 0.41145833290816325 0.58203125 0.41015625 0.5888671875 0.41796875 0.5947265625 0.45703125 0.5986328125
3 0.4296875 0.564453125 0.45572916709183675 0.5791015625 0.45572916709183675 0.5703125 0.46354166709183675 0.5595703125 0.46354166709183675 0.5439453125 0.45572916709183675 0.5341796875 0.44791666709183675 0.5322265625 0.44140625 0.53515625 0.42838541709183675 0.548828125 0.4296875 0.564453125
11 0 0.869140625 0.06380208290816326 0.8984375 0.07291666709183674 0.8935546875 0.07682291709183674 0.900390625 0.07942708290816326 0.896484375 0.09114583290816326 0.900390625 0.12239583290816326 0.89453125 0.13020833290816325 0.849609375 0.140625 0.828125 0.15885416709183675 0.7548828125 0.15755208290816325 0.7451171875 0.15234375 0.7421875 0.13671875 0.7470703125 0 0.8056640625 0 0.869140625
4 0.16666666709183672 0.7568359375 0.203125 0.7548828125 0.21614583290816328 0.7509765625 0.21744791709183672 0.7333984375 0.21223958290816328 0.7294921875 0.17708333290816328 0.73046875 0.16015625 0.7353515625 0.15885416709183675 0.7470703125 0.16666666709183672 0.7568359375
0 0.9127604170918366 0.2783203125 0.93359375 0.2744140625 0.9466145829081634 0.2763671875 0.9518229170918366 0.271484375 0.9479166670918366 0.26171875 0.9153645829081634 0.2607421875 0.91015625 0.263671875 0.9088541670918366 0.2734375 0.9127604170918366 0.2783203125
0 0.93359375 0.2470703125 0.9283854170918366 0.2451171875 0.9270833329081634 0.24609375 0.9166666670918366 0.2451171875 0.9114583329081634 0.2470703125 0.91015625 0.2490234375 0.91015625 0.251953125 0.9114583329081634 0.2529296875 0.9114583329081634 0.2548828125 0.9153645829081634 0.2587890625 0.9283854170918366 0.2587890625 0.9322916670918366 0.255859375 0.93359375 0.251953125 0.9348958329081634 0.2509765625 0.93359375 0.2470703125
2 0.45052083290816325 0.6328125 0.44661458290816325 0.6416015625 0.45833333290816325 0.6455078125 0.46744791709183675 0.634765625 0.4609375 0.6298828125 0.45052083290816325 0.6328125
2 0.37239583290816325 0.5615234375 0.3671875 0.5634765625 0.37239583290816325 0.5732421875 0.38671875 0.57421875 0.38671875 0.5634765625 0.37239583290816325 0.5615234375
2 0.5455729170918368 0.521484375 0.5442708329081632 0.5283203125 0.5481770829081632 0.53125 0.5572916670918368 0.5302734375 0.5559895829081632 0.5205078125 0.5455729170918368 0.521484375
10 0.38020833290816325 0.76171875 0.35416666709183675 0.697265625 0.2734375 0.6845703125 0.2513020829081633 0.6845703125 0.24739583290816328 0.6884765625 0.25 0.6982421875 0.2643229170918367 0.736328125 0.2708333329081633 0.7431640625 0.2981770829081633 0.74609375 0.30859375 0.76953125 0.3216145829081633 0.7763671875 0.33723958290816325 0.7802734375 0.38020833290816325 0.7783203125 0.38020833290816325 0.76171875
11 0.37239583290816325 0.7880859375 0.3203125 0.849609375 0.3177083329081633 0.8583984375 0.3229166670918367 0.861328125 0.3984375 0.8662109375 0.42317708290816325 0.8408203125 0.45572916709183675 0.8359375 0.46484375 0.8310546875 0.47786458290816325 0.79296875 0.47786458290816325 0.7783203125 0.38411458290816325 0.779296875 0.37239583290816325 0.7880859375
3 0.2604166670918367 0.869140625 0.26953125 0.8759765625 0.29296875 0.876953125 0.30859375 0.865234375 0.3111979170918367 0.857421875 0.3059895829081633 0.849609375 0.2890625 0.8505859375 0.2760416670918367 0.8408203125 0.26171875 0.8447265625 0.2604166670918367 0.869140625
4 0.3255208329081633 0.853515625 0.33723958290816325 0.859375 0.35026041709183675 0.8583984375 0.3515625 0.8623046875 0.38802083290816325 0.865234375 0.3984375 0.8623046875 0.39453125 0.84375 0.38932291709183675 0.8388671875 0.32682291709183675 0.8447265625 0.3255208329081633 0.853515625
5 0.22786458290816328 0.837890625 0.21875 0.8349609375 0.19791666709183672 0.8388671875 0.18489583290816328 0.8701171875 0.21614583290816328 0.8720703125 0.23177083290816328 0.8525390625 0.22786458290816328 0.837890625
5 0.22135416709183672 0.873046875 0.24088541709183672 0.875 0.2565104170918367 0.8720703125 0.2630208329081633 0.8583984375 0.2591145829081633 0.8486328125 0.24088541709183672 0.8427734375 0.23307291709183672 0.84765625 0.23046875 0.8603515625 0.22135416709183672 0.873046875
4 0.66015625 0.728515625 0.703125 0.66796875 0.7044270829081634 0.65234375 0.6888020829081634 0.6513671875 0.6328125 0.6845703125 0.625 0.693359375 0.62109375 0.7099609375 0.6223958329081632 0.7265625 0.66015625 0.728515625
4 0.4765625 0.68359375 0.48567708290816325 0.6953125 0.5234375 0.7138671875 0.546875 0.7314453125 0.578125 0.7216796875 0.57421875 0.701171875 0.5638020829081632 0.6875 0.4921875 0.671875 0.48046875 0.6748046875 0.4765625 0.68359375
4 0.484375 0.7958984375 0.5169270829081632 0.796875 0.5638020829081632 0.7529296875 0.5729166670918368 0.7333984375 0.5638020829081632 0.7294921875 0.5520833329081632 0.732421875 0.48046875 0.771484375 0.48046875 0.7900390625 0.484375 0.7958984375
2 0.2721354170918367 0.6708984375 0.265625 0.6669921875 0.2513020829081633 0.6689453125 0.2513020829081633 0.681640625 0.2565104170918367 0.6845703125 0.2669270829081633 0.68359375 0.2721354170918367 0.6708984375
8 0.8971354170918366 0.6435546875 0.8958333329081634 0.6572265625 0.9140625 0.6552734375 0.9700520829081634 0.6376953125 0.9752604170918366 0.630859375 0.9739583329081634 0.6220703125 0.9505208329081634 0.6025390625 0.93359375 0.5966796875 0.91796875 0.5966796875 0.9114583329081634 0.6015625 0.8971354170918366 0.6435546875
3 0.8893229170918366 0.7099609375 0.9036458329081634 0.7197265625 0.9153645829081634 0.7216796875 0.9205729170918366 0.720703125 0.9322916670918366 0.701171875 0.9322916670918366 0.6953125 0.921875 0.69140625 0.8932291670918366 0.693359375 0.8828125 0.697265625 0.8893229170918366 0.7099609375
4 0.91796875 0.765625 0.9140625 0.7685546875 0.9153645829081634 0.779296875 0.9309895829081634 0.8017578125 0.94921875 0.8046875 0.9700520829081634 0.8046875 0.9752604170918366 0.8017578125 0.9895833329081634 0.7763671875 0.98828125 0.767578125 0.9635416670918366 0.759765625 0.91796875 0.765625
2 0.98046875 0.5322265625 0.9830729170918366 0.525390625 0.9752604170918366 0.521484375 0.97265625 0.5283203125 0.98046875 0.5322265625
0 0.25 0.59375 0.2721354170918367 0.5966796875 0.2799479170918367 0.5869140625 0.2903645829081633 0.5556640625 0.2825520829081633 0.552734375 0.2578125 0.5615234375 0.234375 0.5771484375 0.234375 0.583984375 0.25 0.59375