7 0.40767045416666664 0.2529296875 0.38742897708333335 0.2978515625 0.38203125 0.3154296875 0.38203125 0.32421875 0.38742897708333335 0.326171875 0.40227272708333334 0.3251953125 0.42791193125 0.3154296875 0.44950284166666665 0.3154296875 0.45894886458333334 0.3095703125 0.46434659166666664 0.298828125 0.4859375 0.2939453125 0.50078125 0.283203125 0.49673295416666663 0.248046875 0.40767045416666664 0.2529296875
4 0.3494791666666667 0.4033203125 0.44127753750000004 0.3916015625 0.45072737083333336 0.3798828125 0.4669270833333333 0.3203125 0.45477729791666666 0.3232421875 0.44127753750000004 0.31640625 0.41697796875000004 0.3193359375 0.40077825624999996 0.328125 0.39267840000000004 0.3466796875 0.36702885625000004 0.3505859375 0.36297892708333335 0.3544921875 0.3494791666666667 0.4033203125
10 0.3209663125 0.46875 0.31692708333333336 0.48046875 0.31692708333333336 0.4931640625 0.3209663125 0.4951171875 0.4004044770833334 0.4794921875 0.40982934375 0.466796875 0.41925421041666666 0.4638671875 0.4434895833333333 0.4423828125 0.44079676458333333 0.404296875 0.42733266875000003 0.40234375 0.34654809375 0.4140625 0.33981604583333336 0.419921875 0.3209663125 0.46875
3 0.5313616062500001 0.263671875 0.5265625 0.2666015625 0.5297619041666667 0.2744140625 0.5457589291666667 0.2763671875 0.5489583333333333 0.2646484375 0.5409598208333333 0.26171875 0.5313616062500001 0.263671875
1 0.5758391208333333 0.2900390625 0.5656442895833333 0.2861328125 0.5510802479166668 0.2890625 0.5408854166666667 0.30078125 0.5598186729166666 0.3125 0.5758391208333333 0.30859375 0.5802083333333333 0.3056640625 0.5758391208333333 0.2900390625
1 0.6049479166666667 0.4033203125 0.5932966812499999 0.3955078125 0.58018904375 0.3955078125 0.565625 0.408203125 0.5787326395833333 0.41796875 0.5874710645833333 0.4189453125 0.6005787041666667 0.4140625 0.6049479166666667 0.4033203125
1 0.6830729166666667 0.3388671875 0.6801354166666667 0.3291015625 0.6698541666666666 0.3251953125 0.6610416666666666 0.3251953125 0.6463541666666667 0.333984375 0.6478229166666666 0.341796875 0.6639791666666667 0.349609375 0.6771979166666667 0.3466796875 0.6830729166666667 0.3388671875
1 0.5188020833333333 0.4765625 0.5052083333333334 0.4736328125 0.4901041666666667 0.4814453125 0.4916145833333333 0.494140625 0.5006770833333333 0.501953125 0.51125 0.5009765625 0.5203125 0.4931640625 0.5188020833333333 0.4765625
1 0.9024003625 0.30859375 0.8875679354166667 0.306640625 0.8816349645833333 0.310546875 0.87421875 0.3212890625 0.8875679354166667 0.328125 0.89350090625 0.3291015625 0.9083333333333333 0.3212890625 0.9024003625 0.30859375
1 0.9126736104166666 0.38671875 0.90086805625 0.38671875 0.8920138895833334 0.3916015625 0.8846354166666667 0.400390625 0.90086805625 0.4072265625 0.9200520833333333 0.400390625 0.9200520833333333 0.392578125 0.9126736104166666 0.38671875
1 0.23121875 0.4462890625 0.2415 0.439453125 0.24296875 0.4208984375 0.2268125 0.4140625 0.20771875 0.4208984375 0.20625 0.4326171875 0.21212499999999998 0.4423828125 0.22093749999999998 0.447265625 0.23121875 0.4462890625
1 0.20880594166666666 0.47265625 0.18841628124999998 0.46875 0.17239583333333333 0.4765625 0.17530864166666668 0.494140625 0.18695987708333334 0.501953125 0.20006751458333336 0.4990234375 0.21171875 0.4833984375 0.20880594166666666 0.47265625
1 0.16875 0.5 0.14535256458333334 0.49609375 0.13072916666666667 0.501953125 0.13365384583333334 0.5205078125 0.14681490416666668 0.529296875 0.15412660208333331 0.5283203125 0.16728766041666668 0.51953125 0.16875 0.5
1 0.19876543125 0.5556640625 0.20896026250000002 0.546875 0.21041666666666667 0.5322265625 0.18857060208333334 0.5263671875 0.17109375 0.533203125 0.17109375 0.5478515625 0.179832175 0.556640625 0.19148341041666667 0.55859375 0.19876543125 0.5556640625
3 0.20902777708333334 0.419921875 0.22828033541666667 0.4111328125 0.23515625 0.4013671875 0.22552997083333332 0.38671875 0.19665113333333334 0.3779296875 0.16777229583333333 0.3828125 0.15677083333333333 0.3974609375 0.1595211979166667 0.416015625 0.18564967083333334 0.421875 0.20902777708333334 0.419921875
3 0.1895127125 0.4638671875 0.19088541666666667 0.44921875 0.17029484374999998 0.4326171875 0.12499558541666667 0.43359375 0.11264124375 0.44140625 0.10989583333333333 0.455078125 0.12774099583333334 0.470703125 0.17715836875 0.470703125 0.1895127125 0.4638671875
3 0.12708333333333333 0.5087890625 0.12274604791666667 0.5009765625 0.11117995625 0.4990234375 0.09527658125 0.5 0.08515625 0.505859375 0.08515625 0.5126953125 0.10250538749999999 0.5205078125 0.11696300208333334 0.5185546875 0.12708333333333333 0.5087890625
3 0.065625 0.5859375 0.07250743958333333 0.5927734375 0.08214285625 0.595703125 0.10003720208333333 0.59375 0.14133184583333333 0.578125 0.14270833333333333 0.5556640625 0.12894345208333333 0.5458984375 0.10691964375 0.544921875 0.08351934583333334 0.552734375 0.07113095208333334 0.5615234375 0.0670014875 0.5712890625 0.065625 0.5859375
3 0.07956018541666668 0.5478515625 0.08932291666666667 0.5361328125 0.0823495375 0.5283203125 0.065613425 0.5244140625 0.029351852083333334 0.533203125 0.0265625 0.541015625 0.033535879166666664 0.546875 0.058640045833333335 0.5546875 0.07956018541666668 0.5478515625
3 0.29877101666666667 0.60546875 0.30564692916666664 0.609375 0.33040021875000003 0.6103515625 0.3606542395833333 0.6005859375 0.3730308854166667 0.58984375 0.37578125 0.578125 0.3647797875 0.564453125 0.34827759583333334 0.560546875 0.3070221125 0.583984375 0.29739583333333336 0.59765625 0.29877101666666667 0.60546875
3 0.22517959791666667 0.61328125 0.23385416666666667 0.603515625 0.22517959791666667 0.5927734375 0.2049389375 0.59375 0.19771012916666666 0.59765625 0.19192708333333333 0.6064453125 0.19771012916666666 0.6123046875 0.21072198333333333 0.615234375 0.22517959791666667 0.61328125
3 0.27307905416666667 0.60021484375 0.2585701270833333 0.59728515625 0.23680673333333332 0.59826171875 0.2339049479166667 0.60998046875 0.24696298333333333 0.61779296875 0.2585701270833333 0.61681640625 0.27452994791666663 0.60412109375 0.27307905416666667 0.60021484375
9 0.2726354166666667 0.3857421875 0.2864895833333333 0.384765625 0.2906458333333333 0.3837890625 0.2961875 0.3798828125 0.2989583333333333 0.3759765625 0.2989583333333333 0.369140625 0.2961875 0.365234375 0.28371875 0.3544921875 0.2767916666666667 0.353515625 0.2740208333333333 0.3544921875 0.27125 0.3603515625 0.2643229166666667 0.365234375 0.26016666666666666 0.3720703125 0.24354166666666668 0.3828125 0.2296875 0.3896484375 0.23107291666666668 0.39453125 0.23522916666666666 0.3984375 0.23938541666666666 0.3974609375 0.24908333333333335 0.390625 0.26155208333333335 0.384765625 0.2657083333333333 0.3837890625 0.2726354166666667 0.3857421875
9 0.3329861104166667 0.5068359375 0.32465277708333334 0.509765625 0.31909722291666665 0.515625 0.31631944375000004 0.5263671875 0.2857638895833333 0.546875 0.284375 0.5498046875 0.28715277708333337 0.552734375 0.28715277708333337 0.556640625 0.31909722291666665 0.537109375 0.32465277708333334 0.53125 0.3329861104166667 0.53125 0.3454861104166667 0.5283203125 0.35104166666666664 0.5205078125 0.35104166666666664 0.517578125 0.346875 0.51171875 0.34131944375 0.5078125 0.3329861104166667 0.5068359375
9 0.363665675 0.552734375 0.36786954375 0.548828125 0.3692708333333333 0.541015625 0.3664682541666667 0.5361328125 0.3608630958333333 0.5322265625 0.3454489083333333 0.53125 0.33844246041666665 0.5361328125 0.33704117083333335 0.5478515625 0.3342385916666667 0.5537109375 0.32022569375000004 0.560546875 0.316021825 0.564453125 0.3104166666666667 0.56640625 0.3104166666666667 0.572265625 0.31181795625 0.5751953125 0.3146205354166666 0.576171875 0.32022569375000004 0.57421875 0.34685019791666666 0.5576171875 0.3566592270833333 0.5537109375 0.363665675 0.552734375
9 0.3950833333333333 0.5380859375 0.3892083333333333 0.5400390625 0.3848020833333334 0.548828125 0.3848020833333334 0.5517578125 0.38333333333333336 0.552734375 0.38333333333333336 0.5595703125 0.38773958333333336 0.5625 0.4053645833333333 0.5595703125 0.4068333333333333 0.55859375 0.4112395833333334 0.55859375 0.4200520833333333 0.5498046875 0.4200520833333333 0.544921875 0.41711458333333334 0.5419921875 0.4068333333333333 0.5380859375 0.3950833333333333 0.5380859375
9 0.3644803770833333 0.61328125 0.35608648333333337 0.619140625 0.3546875 0.623046875 0.35608648333333337 0.630859375 0.3658793604166667 0.63671875 0.37847020416666666 0.6357421875 0.38546511666666666 0.6298828125 0.3868640979166667 0.6162109375 0.4050508729166667 0.6044921875 0.41484375 0.5947265625 0.40924781875 0.58984375 0.3849992541666667 0.6057939453125 0.368677325 0.61328125 0.3644803770833333 0.61328125
9 0.4855113645833333 0.6162109375 0.49296875 0.607421875 0.49296875 0.60546875 0.48849431875 0.6025390625 0.48849431875 0.6015625 0.4840198854166667 0.603515625 0.47805397708333336 0.6103515625 0.4705965916666666 0.6123046875 0.4691051145833333 0.611328125 0.46313920416666665 0.6142578125 0.46164772708333335 0.6142578125 0.46015625 0.6162109375 0.46015625 0.626953125 0.46313920416666665 0.62890625 0.46313920416666665 0.6298828125 0.46612215833333337 0.630859375 0.4705965916666666 0.630859375 0.47208806875 0.6318359375 0.47805397708333336 0.630859375 0.48103693125 0.62890625 0.48103693125 0.6259765625 0.4855113645833333 0.62109375 0.4855113645833333 0.6162109375
9 0.5039657729166667 0.615234375 0.49970238125 0.6201171875 0.4911755958333333 0.6240234375 0.48691220208333336 0.6240234375 0.47980654791666666 0.630859375 0.4783854166666667 0.6376953125 0.48122767916666664 0.642578125 0.48833333333333334 0.646484375 0.4954389875 0.646484375 0.49828125 0.6455078125 0.5039657729166667 0.640625 0.5039657729166667 0.634765625 0.5124925604166667 0.6201171875 0.5210193458333333 0.6103515625 0.528125 0.60546875 0.5195982145833333 0.603515625 0.5039657729166667 0.615234375
9 0.5736979166666667 0.609375 0.5736979166666667 0.6015625 0.5693606312499999 0.6005859375 0.5606860625 0.6064453125 0.5577945395833334 0.6103515625 0.5389996416666667 0.6220703125 0.5332165958333334 0.626953125 0.5332165958333334 0.6298828125 0.5317708333333333 0.630859375 0.5332165958333334 0.6376953125 0.5418911645833333 0.642578125 0.5462284479166667 0.642578125 0.5520114937499999 0.640625 0.5577945395833334 0.63671875 0.5577945395833334 0.6337890625 0.5592403020833333 0.6328125 0.5592403020833333 0.625 0.5635775854166667 0.6181640625 0.5736979166666667 0.609375
9 0.5434895833333333 0.2724609375 0.5519599770833333 0.271484375 0.5674890354166667 0.2578125 0.57878289375 0.2529296875 0.59290021875 0.2529296875 0.5971354166666667 0.2470703125 0.5943119520833334 0.2373046875 0.5830180916666666 0.2314453125 0.5717242333333333 0.2333984375 0.5632538375 0.25 0.5449013166666667 0.2646484375 0.5434895833333333 0.2724609375
9 0.734006825 0.3203125 0.7383441083333333 0.3203125 0.7412356312499999 0.3193359375 0.7441271541666666 0.3173828125 0.7441271541666666 0.3154296875 0.7455729166666667 0.314453125 0.7455729166666667 0.3095703125 0.7441271541666666 0.30859375 0.7426813937500001 0.3046875 0.7354525854166667 0.2998046875 0.7282237791666667 0.2998046875 0.7238864937499999 0.302734375 0.7224407333333333 0.3134765625 0.7050915958333334 0.32421875 0.7050915958333334 0.326171875 0.7036458333333333 0.3271484375 0.7065373562499999 0.3291015625 0.7094288791666667 0.3291015625 0.7108746416666667 0.330078125 0.7137661645833333 0.3291015625 0.7181034479166667 0.326171875 0.7181034479166667 0.3251953125 0.7267780166666667 0.3203125 0.7296695395833334 0.3193359375 0.7325610625 0.3193359375 0.734006825 0.3203125
9 0.8695729166666666 0.4677734375 0.8695729166666666 0.4560546875 0.8783854166666667 0.4482421875 0.8695729166666666 0.447265625 0.8416666666666667 0.4580078125 0.8431354166666666 0.4677734375 0.8519479166666667 0.4736328125 0.8622291666666667 0.4736328125 0.8695729166666666 0.4677734375
9 0.8754166666666666 0.251953125 0.8678645833333333 0.251953125 0.86484375 0.25390625 0.86484375 0.255859375 0.8633333333333333 0.2568359375 0.8633333333333333 0.263671875 0.86484375 0.2646484375 0.86484375 0.2666015625 0.8572916666666667 0.2763671875 0.8572916666666667 0.2783203125 0.86484375 0.283203125 0.8678645833333333 0.283203125 0.8875 0.265625 0.8875 0.2607421875 0.8859895833333333 0.259765625 0.8844791666666667 0.2548828125 0.8754166666666666 0.251953125
9 0.88591746875 0.27734375 0.88591746875 0.2763671875 0.9005408645833334 0.2666015625 0.9093149041666667 0.263671875 0.9107772437499999 0.259765625 0.9122395833333333 0.2587890625 0.9122395833333333 0.25390625 0.9107772437499999 0.251953125 0.9020032041666667 0.24609375 0.899078525 0.24609375 0.8976161854166667 0.2451171875 0.8903044875 0.24609375 0.88591746875 0.2490234375 0.8844551291666666 0.2529296875 0.8829927875 0.25390625 0.8844551291666666 0.255859375 0.8844551291666666 0.2587890625 0.8873798083333334 0.2626953125 0.8844551291666666 0.2666015625 0.8800681083333333 0.26953125 0.8800681083333333 0.2705078125 0.87421875 0.275390625 0.87421875 0.2822265625 0.8786057687500001 0.2802734375 0.8815304479166667 0.28125 0.8815304479166667 0.2802734375 0.88591746875 0.27734375
9 0.9463831020833333 0.2236328125 0.94347029375 0.2275390625 0.94347029375 0.23046875 0.9405574854166667 0.232421875 0.9405574854166667 0.2333984375 0.9376446749999999 0.234375 0.9376446749999999 0.2353515625 0.9318190583333333 0.23828125 0.9303626541666666 0.240234375 0.92890625 0.2451171875 0.9303626541666666 0.2451171875 0.9332754624999999 0.2470703125 0.9536651229166666 0.234375 0.9638599541666667 0.234375 0.9682291666666667 0.2314453125 0.9682291666666667 0.224609375 0.9653163583333334 0.220703125 0.9580343354166666 0.2177734375 0.9492959104166666 0.21875 0.9463831020833333 0.2216796875 0.9463831020833333 0.2236328125
7 0.8589583333333334 0.60986328125 0.8395625 0.6328125 0.83125 0.6513671875 0.83125 0.666015625 0.8492604166666666 0.671875 0.8589583333333334 0.6689453125 0.9005208333333333 0.5498046875 0.8935937500000001 0.5458984375 0.8894375 0.548828125 0.881125 0.5478515625 0.8741979166666667 0.541015625 0.8700416666666667 0.5439453125 0.8534166666666666 0.58984375 0.8589583333333334 0.60986328125
7 0.9076909729166667 0.5244140625 0.9314004625 0.4619140625 0.9369791666666667 0.4306640625 0.9146643520833333 0.419921875 0.9021122687500001 0.4462890625 0.87421875 0.5263671875 0.8867708333333333 0.51953125 0.9021122687500001 0.52734375 0.9076909729166667 0.5244140625
7 0.8970392625 0.5791015625 0.8546875 0.6904296875 0.8546875 0.69921875 0.8697155458333333 0.7109375 0.8751802875 0.7099609375 0.8943068916666667 0.6572265625 0.9107011208333333 0.5849609375 0.9229967958333333 0.568359375 0.9434895833333333 0.5029296875 0.9229967958333333 0.501953125 0.9107011208333333 0.5244140625 0.8970392625 0.5791015625
7 0.82495231875 0.59765625 0.8317561625 0.58984375 0.85488923125 0.5205078125 0.85625 0.5048828125 0.839920775 0.4921875 0.8344777000000001 0.4921875 0.829034625 0.50390625 0.8208700125 0.5458984375 0.7963761729166666 0.615234375 0.7868507916666666 0.62890625 0.7868507916666666 0.642578125 0.7664392604166667 0.7001953125 0.7637177229166666 0.703125 0.7596354166666667 0.7001953125 0.7596354166666667 0.70703125 0.7759646416666667 0.7138671875 0.7841292541666667 0.7138671875 0.7909330979166668 0.705078125 0.82495231875 0.59765625
7 0.775 0.82421875 0.8348379625 0.6435546875 0.8484375 0.6162109375 0.8457175916666666 0.59375 0.8361979166666667 0.59375 0.82803819375 0.5986328125 0.7505208333333333 0.810546875 0.7518807875 0.82421875 0.7627604166666667 0.828125 0.775 0.82421875
7 0.5811383937500001 0.7158203125 0.57847156875 0.7373046875 0.55980380625 0.7646484375 0.53046875 0.833984375 0.53046875 0.8408203125 0.5531367479166666 0.8408203125 0.5651374520833333 0.837890625 0.5704711 0.8291015625 0.5704711 0.81640625 0.607806625 0.7236328125 0.7064790875 0.4931640625 0.7078125 0.4833984375 0.6931449708333334 0.4716796875 0.6864779124999999 0.4736328125 0.6638099145833334 0.51953125 0.5811383937500001 0.7158203125
7 0.5676678249999999 0.5966796875 0.5760358791666668 0.6015625 0.6136921291666667 0.60546875 0.6192708333333333 0.5693359375 0.6122974541666667 0.5439453125 0.5969560187499999 0.521484375 0.5927719916666666 0.5166015625 0.5871932875 0.5166015625 0.55929976875 0.5322265625 0.5565104166666667 0.54296875 0.5676678249999999 0.5966796875
7 0.6921875 0.4560546875 0.6880034729166666 0.4228515625 0.6796354166666667 0.4150390625 0.6433738416666667 0.404296875 0.6364004624999999 0.4072265625 0.6364004624999999 0.4296875 0.653136575 0.4423828125 0.65453125 0.4619140625 0.6475578708333334 0.4697265625 0.6308217583333333 0.4697265625 0.6294270833333333 0.4775390625 0.6364004624999999 0.484375 0.6364004624999999 0.4931640625 0.653136575 0.5009765625 0.6615046291666666 0.5009765625 0.6782407416666667 0.484375 0.6921875 0.4560546875
0 0.5946354166666666 0.5126953125 0.6049479166666667 0.50390625 0.6049479166666667 0.494140625 0.5894791666666667 0.4873046875 0.5877604166666667 0.509765625 0.5946354166666666 0.5126953125
7 0.6983355979166667 0.3720703125 0.6775702 0.3486328125 0.66867074375 0.35546875 0.6671875 0.3671875 0.6849864125 0.4013671875 0.69388586875 0.4072265625 0.7013020833333333 0.384765625 0.6983355979166667 0.3720703125
0 0.7058894229166667 0.3271484375 0.6847556083333333 0.3203125 0.6763020833333333 0.3212890625 0.6777110041666667 0.328125 0.7129340270833333 0.3564453125 0.73125 0.3564453125 0.7256143166666666 0.341796875 0.7058894229166667 0.3271484375
0 0.84515625 0.3115234375 0.8690625 0.30078125 0.871875 0.2880859375 0.85921875 0.27734375 0.849375 0.27734375 0.83390625 0.28125 0.81703125 0.29296875 0.815625 0.302734375 0.82265625 0.30859375 0.84515625 0.3115234375
10 1 0.38246147812500003 0.95296474375 0.361328125 0.9119791666666667 0.3603515625 0.9119791666666667 0.37890625 0.9256410249999999 0.3935546875 0.94203525625 0.3984375 0.9597956729166667 0.3955078125 0.9802884625 0.404296875 1 0.41838686718749996 1 0.38246147812500003
3 0.8678819437499999 0.4345703125 0.86640625 0.443359375 0.8796875 0.453125 0.9018229166666667 0.44140625 0.9003472229166667 0.435546875 0.8914930562500001 0.431640625 0.8678819437499999 0.4345703125
7 0.7576069083333333 0.53515625 0.7196134875 0.5361328125 0.7033305916666667 0.546875 0.6897615125000001 0.5771484375 0.67890625 0.611328125 0.6802631583333334 0.6279296875 0.6897615125000001 0.640625 0.7114720395833333 0.654296875 0.7372532895833334 0.6591796875 0.7494654604166667 0.65234375 0.75625 0.640625 0.7711759874999999 0.58984375 0.78203125 0.568359375 0.78203125 0.5498046875 0.77253289375 0.541015625 0.7576069083333333 0.53515625
7 0.7846354166666667 0.654296875 0.7832729458333334 0.6494140625 0.7587484895833333 0.642578125 0.7464862624999999 0.6640625 0.690625 0.814453125 0.690625 0.8310546875 0.7137869875 0.828125 0.7246867458333334 0.8173828125 0.7846354166666667 0.654296875
7 0.79148550625 0.53515625 0.7831295291666667 0.56640625 0.7622395833333333 0.61328125 0.7636322458333333 0.6201171875 0.7733808875 0.6181640625 0.7845221916666667 0.625 0.7928781708333333 0.62109375 0.8137681166666667 0.5634765625 0.8263020833333333 0.54296875 0.8263020833333333 0.5224609375 0.8068048 0.509765625 0.7998414854166668 0.5146484375 0.79148550625 0.53515625
0 0.6654871333333333 0.6240234375 0.657751225 0.6240234375 0.6531096812499999 0.62890625 0.6515625 0.6455078125 0.6716758583333333 0.650390625 0.6778645833333333 0.640625 0.6747702208333333 0.62890625 0.6654871333333333 0.6240234375
2 0.6349330354166667 0.60546875 0.6333333333333333 0.6123046875 0.6525297625 0.6142578125 0.6557291666666667 0.60546875 0.6509300604166667 0.6025390625 0.6429315479166667 0.6015625 0.6349330354166667 0.60546875
3 0.4279224541666667 0.5625 0.41941550833333335 0.56640625 0.40949074166666666 0.58203125 0.4080729166666667 0.5888671875 0.41657986041666667 0.5947265625 0.4591145833333333 0.5986328125 0.4562789354166667 0.580078125 0.4279224541666667 0.5625
3 0.456886575 0.5703125 0.465625 0.5595703125 0.465625 0.5439453125 0.456886575 0.5341796875 0.44814814791666663 0.5322265625 0.44086612708333334 0.53515625 0.42630208333333336 0.548828125 0.4277584875 0.564453125 0.456886575 0.5791015625 0.456886575 0.5703125
11 0 0.8700728062499999 0.06339224791666667 0.8984375 0.07274590208333334 0.8935546875 0.07675461041666667 0.900390625 0.07942708333333333 0.896484375 0.09145321041666667 0.900390625 0.12352288333333333 0.89453125 0.1315403 0.849609375 0.14223019166666667 0.828125 0.1609375 0.7548828125 0.15960126458333335 0.7451171875 0.15425631874999998 0.7421875 0.13822148125 0.7470703125 0 0.8047940265625 0 0.8700728062499999
4 0.218136575 0.7509765625 0.21953125 0.7333984375 0.2139525458333333 0.7294921875 0.1762962958333333 0.73046875 0.15816550833333334 0.7353515625 0.15677083333333333 0.7470703125 0.16513888958333334 0.7568359375 0.20418981458333332 0.7548828125 0.218136575 0.7509765625
0 0.9481928666666666 0.2763671875 0.95390625 0.271484375 0.9496212125 0.26171875 0.9139125625 0.2607421875 0.9081991791666667 0.263671875 0.9067708333333333 0.2734375 0.9110558708333334 0.2783203125 0.9339094062500001 0.2744140625 0.9481928666666666 0.2763671875
0 0.9278508770833334 0.24609375 0.915679825 0.2451171875 0.9095942979166666 0.2470703125 0.9080729166666667 0.2490234375 0.9080729166666667 0.251953125 0.9095942979166666 0.2529296875 0.9095942979166666 0.2548828125 0.91415844375 0.2587890625 0.9293722583333334 0.2587890625 0.9339364041666667 0.255859375 0.9354577854166667 0.251953125 0.9369791666666667 0.2509765625 0.9354577854166667 0.2470703125 0.9293722583333334 0.2451171875 0.9278508770833334 0.24609375
2 0.45859375 0.6455078125 0.46953125 0.634765625 0.46171875 0.6298828125 0.44921875 0.6328125 0.44453125 0.6416015625 0.45859375 0.6455078125
2 0.37142361041666666 0.5732421875 0.3888020833333333 0.57421875 0.3888020833333333 0.5634765625 0.37142361041666666 0.5615234375 0.3651041666666667 0.5634765625 0.37142361041666666 0.5732421875
2 0.54734375 0.53125 0.559375 0.5302734375 0.5576562500000001 0.5205078125 0.5439062499999999 0.521484375 0.5421875 0.5283203125 0.54734375 0.53125
10 0.27217116041666667 0.6845703125 0.24934130000000002 0.6845703125 0.2453125 0.6884765625 0.24799836666666666 0.6982421875 0.26277062916666666 0.736328125 0.26948529374999997 0.7431640625 0.2976868875 0.74609375 0.30843035208333336 0.76953125 0.32185968125000003 0.7763671875 0.3379748770833333 0.7802734375 0.38229166666666664 0.7783203125 0.38229166666666664 0.76171875 0.35543300625 0.697265625 0.27217116041666667 0.6845703125
11 0.315625 0.8583984375 0.3209688354166667 0.861328125 0.3984544375 0.8662109375 0.4238376520833333 0.8408203125 0.45723661875 0.8359375 0.4665883291666667 0.8310546875 0.47994791666666664 0.79296875 0.47994791666666664 0.7783203125 0.3837588916666667 0.779296875 0.37173526458333334 0.7880859375 0.31829691666666665 0.849609375 0.315625 0.8583984375
3 0.29355635625 0.876953125 0.31046340833333336 0.865234375 0.31328125 0.857421875 0.30764556666666665 0.849609375 0.28932959375 0.8505859375 0.2752403854166667 0.8408203125 0.2597422541666667 0.8447265625 0.25833333333333336 0.869140625 0.26819577916666665 0.8759765625 0.29355635625 0.876953125
4 0.3495907729166667 0.8583984375 0.3509672625 0.8623046875 0.38950892916666663 0.865234375 0.4005208333333333 0.8623046875 0.39639136875 0.84375 0.39088541666666665 0.8388671875 0.3248139875 0.8447265625 0.3234375 0.853515625 0.33582589375 0.859375 0.3495907729166667 0.8583984375
5 0.19699074166666666 0.8388671875 0.1828125 0.8701171875 0.21684027708333334 0.8720703125 0.23385416666666667 0.8525390625 0.22960069375 0.837890625 0.21967592500000002 0.8349609375 0.19699074166666666 0.8388671875
5 0.2579427083333333 0.8720703125 0.26510416666666664 0.8583984375 0.26080729166666666 0.8486328125 0.24075520833333333 0.8427734375 0.23216145833333332 0.84765625 0.229296875 0.8603515625 0.21927083333333333 0.873046875 0.24075520833333333 0.875 0.2579427083333333 0.8720703125
4 0.7065104166666667 0.65234375 0.6901041666666666 0.6513671875 0.6313151041666667 0.6845703125 0.6231119791666667 0.693359375 0.6190104166666667 0.7099609375 0.6203776041666667 0.7265625 0.6600260416666667 0.728515625 0.7051432291666667 0.66796875 0.7065104166666667 0.65234375
4 0.5232772437500001 0.7138671875 0.54767628125 0.7314453125 0.5802083333333333 0.7216796875 0.5761418270833333 0.701171875 0.5652978104166666 0.6875 0.4907451916666667 0.671875 0.47854567291666666 0.6748046875 0.4744791666666667 0.68359375 0.48396768125 0.6953125 0.5232772437500001 0.7138671875
4 0.56547461875 0.7529296875 0.575 0.7333984375 0.56547461875 0.7294921875 0.5532277000000001 0.732421875 0.4783854166666667 0.771484375 0.4783854166666667 0.7900390625 0.4824677229166667 0.7958984375 0.5164869416666666 0.796875 0.56547461875 0.7529296875
2 0.24921875 0.6689453125 0.24921875 0.681640625 0.25546875 0.6845703125 0.26796875 0.68359375 0.27421875 0.6708984375 0.26640625 0.6669921875 0.24921875 0.6689453125
8 0.9129354500000001 0.6552734375 0.9718621916666667 0.6376953125 0.97734375 0.630859375 0.9759733604166667 0.6220703125 0.9513063520833334 0.6025390625 0.9334912916666667 0.5966796875 0.9170466187499999 0.5966796875 0.9101946729166667 0.6015625 0.8951203895833333 0.6435546875 0.89375 0.6572265625 0.9129354500000001 0.6552734375
3 0.9160224770833333 0.7216796875 0.9216694083333333 0.720703125 0.934375 0.701171875 0.934375 0.6953125 0.9230811395833334 0.69140625 0.8920230270833333 0.693359375 0.8807291666666667 0.697265625 0.8877878291666667 0.7099609375 0.9033168854166667 0.7197265625 0.9160224770833333 0.7216796875
4 0.9133530895833334 0.779296875 0.9298401583333333 0.8017578125 0.9490750708333333 0.8046875 0.97105783125 0.8046875 0.9765535208333334 0.8017578125 0.9916666666666667 0.7763671875 0.99029274375 0.767578125 0.9641882187499999 0.759765625 0.9161009333333333 0.765625 0.9119791666666667 0.7685546875 0.9133530895833334 0.779296875
2 0.97421875 0.521484375 0.9705729166666667 0.5283203125 0.9815104166666667 0.5322265625 0.98515625 0.525390625 0.97421875 0.521484375
0 0.28125605625 0.5869140625 0.29244791666666664 0.5556640625 0.28405402083333336 0.552734375 0.25747335208333333 0.5615234375 0.23229166666666667 0.5771484375 0.23229166666666667 0.583984375 0.2490794583333333 0.59375 0.27286216041666667 0.5966796875 0.28125605625 0.5869140625