6 0.45550820833333333 0.24583333281250003 0.43290719791666665 0.25 0.41595643958333334 0.25833333281250004 0.39900568125 0.2770833328125 0.39618055625 0.30416666718749996 0.40465593541666667 0.3166666671875 0.4442077020833333 0.34375 0.48375946875 0.3375 0.4978851020833333 0.33125 0.50918560625 0.32083333281250004 0.5204861104166667 0.29375 0.5204861104166667 0.275 0.51201073125 0.2625 0.49223484791666666 0.25 0.47245896458333336 0.24583333281250003 0.45550820833333333 0.24583333281250003
4 0.32395833333333335 0.0895833328125 0.32395833333333335 0.1020833328125 0.36052083333333335 0.1354166671875 0.41958333333333336 0.1291666671875 0.4842708333333333 0.1125 0.49270833333333336 0.058333332812500006 0.32395833333333335 0.0895833328125
4 0.27229406250000004 0.5208333328125 0.31731321875 0.5166666671875 0.3482638895833333 0.5 0.34263649375 0.48333333281249996 0.27792145625 0.46458333281249997 0.22446120625 0.4375 0.18788314166666667 0.44166666718750003 0.18506944374999998 0.46875 0.20195162708333333 0.4895833328125 0.27229406250000004 0.5208333328125
4 0.25078581875 0.5104166671875 0.13539839166666667 0.475 0.11006944375000001 0.48541666718750004 0.13821272083333333 0.5083333328124999 0.19449926875 0.53125 0.23389985416666667 0.5354166671875 0.2704861104166667 0.525 0.25078581875 0.5104166671875
9 0.30300925833333336 0.0958333328125 0.27118055625 0.1375 0.28854166666666664 0.1375 0.3232638895833333 0.1041666671875 0.30300925833333336 0.0958333328125
6 0.20747282708333334 0.3083333328125 0.20173611041666667 0.3375 0.21607789791666668 0.3458333328125 0.24189311666666666 0.3479166671875 0.2677083333333333 0.3333333328125 0.25910326041666665 0.30416666718749996 0.20747282708333334 0.3083333328125
6 0.17021437083333335 0.3770833328125 0.13579408124999998 0.3708333328125 0.11571557916666667 0.38125 0.11284722291666666 0.4 0.12718900833333333 0.41041666718750003 0.16160929791666667 0.41041666718750003 0.17881944375 0.39791666718749996 0.17021437083333335 0.3770833328125
6 0.6921527770833333 0.16458333281249998 0.71493055625 0.1291666671875 0.7035416666666666 0.1041666671875 0.6608333333333333 0.0895833328125 0.6295138895833333 0.1041666671875 0.6295138895833333 0.14375 0.64375 0.1625 0.6665277770833333 0.1708333328125 0.6921527770833333 0.16458333281249998
10 0.1449252125 0.7479166671875 0.16465010833333332 0.7541666671875 0.184375 0.74375 0.17873931458333334 0.7041666671875 0.15056089791666669 0.6770833328125 0.09983974375 0.6666666671875 0.037847222916666666 0.6833333328125 0.040665064583333334 0.7020833328125 0.08575053333333332 0.7145833328125 0.1449252125 0.7479166671875
10 0.13813888958333334 0.51875 0.12686111041666667 0.5208333328125 0.11840277708333334 0.5270833328125 0.11840277708333334 0.5333333328125 0.12404166666666666 0.5395833328124999 0.13813888958333334 0.55 0.16915277708333332 0.5625 0.20016666666666666 0.58125 0.21708333333333335 0.5875 0.24527777708333334 0.5875 0.259375 0.5791666671875 0.25655555625 0.5583333328125 0.23963888958333335 0.5458333328125 0.13813888958333334 0.51875
6 0.7174679479166667 0.6354166671875 0.6631677354166666 0.6333333328124999 0.6517361104166667 0.6416666671875 0.6517361104166667 0.6604166671875 0.6803151708333334 0.6833333328125 0.70317841875 0.6854166671875 0.7260416666666667 0.6708333328125 0.7174679479166667 0.6354166671875
6 0.7713541666666667 0.6229166671875 0.7684027770833333 0.625 0.7684027770833333 0.6354166671875 0.7713541666666667 0.6395833328125 0.7831597229166667 0.6458333328125 0.7949652770833333 0.6458333328125 0.8038194437499999 0.6395833328125 0.8038194437499999 0.625 0.7979166666666667 0.6208333328125 0.7890625 0.61875 0.7802083333333333 0.61875 0.7743055562500001 0.6229166671875 0.7713541666666667 0.6229166671875
6 0.8045138895833334 0.6291666671875 0.8074652770833333 0.6333333328124999 0.81631944375 0.6375 0.8340277770833333 0.6375 0.83993055625 0.6333333328124999 0.83993055625 0.61875 0.828125 0.6125 0.81631944375 0.6125 0.8104166666666667 0.6145833328125 0.8045138895833334 0.61875 0.8045138895833334 0.6291666671875
6 0.8435515875 0.61875 0.8435515875 0.6291666671875 0.840625 0.63125 0.840625 0.6354166671875 0.846478175 0.64375 0.8552579375 0.6458333328125 0.8698908729166667 0.6458333328125 0.8815972229166668 0.6395833328125 0.8815972229166668 0.625 0.8728174604166666 0.6166666671875001 0.8581845229166666 0.6125 0.8494047625000001 0.6145833328125 0.8435515875 0.61875
9 0.8322916666666667 0.6791666671875001 0.835300925 0.68125 0.85335648125 0.68125 0.85335648125 0.6645833328124999 0.8563657416666667 0.6625 0.859375 0.6479166671875001 0.85335648125 0.6479166671875001 0.85335648125 0.65 0.8473379645833333 0.6541666671875 0.8322916666666667 0.675 0.8322916666666667 0.6791666671875001
6 0.5942956333333334 0.6 0.5825892854166667 0.6 0.5796627 0.6020833328124999 0.5767361104166666 0.60625 0.5767361104166666 0.6145833328125 0.5825892854166667 0.61875 0.5855158729166666 0.61875 0.5972222229166667 0.625 0.6030753958333332 0.625 0.6147817458333333 0.61875 0.6177083333333333 0.6104166671875 0.6147817458333333 0.6041666671875 0.6089285708333333 0.6 0.5972222229166667 0.5979166671875 0.5942956333333334 0.6
6 0.56006944375 0.6291666671875 0.56006944375 0.6416666671875 0.5688835458333333 0.6479166671875001 0.5806356854166667 0.6479166671875001 0.5953258541666667 0.6395833328125 0.5982638895833333 0.6291666671875 0.5923878208333334 0.6229166671875 0.5806356854166667 0.61875 0.5747596145833334 0.61875 0.5659455125 0.625 0.5630074791666666 0.625 0.56006944375 0.6291666671875
9 0.5332175916666667 0.6729166671875 0.5211805562499999 0.7 0.5211805562499999 0.70625 0.5302083333333333 0.7083333328125 0.53622685 0.7083333328125 0.5392361124999999 0.70625 0.5392361124999999 0.6958333328124999 0.5422453708333334 0.69375 0.5482638895833334 0.68125 0.5452546291666667 0.6729166671875 0.5422453708333334 0.6708333328125 0.53622685 0.6708333328125 0.5332175916666667 0.6729166671875
9 0.7253472229166668 0.6041666671875 0.7193287020833333 0.6083333328125 0.710300925 0.6208333328125 0.7072916666666667 0.63125 0.7193287020833333 0.6333333328124999 0.72835648125 0.6208333328125 0.734375 0.6041666671875 0.7253472229166668 0.6041666671875
9 0.30243055416666664 0.6583333328125 0.3171875 0.6479166671875001 0.3260416666666667 0.6375 0.3260416666666667 0.6333333328124999 0.32309027916666666 0.63125 0.3112847208333333 0.63125 0.2994791666666667 0.64375 0.290625 0.65625 0.2935763875 0.6604166671875 0.30243055416666664 0.6583333328125
4 0.7267361104166666 0.13125 0.7267361104166666 0.18125 0.8200016145833333 0.2104166671875 0.8482638895833333 0.175 0.7267361104166666 0.13125
10 0.9202083333333333 0.34375 0.9371527770833333 0.30625 0.8750231479166667 0.28125 0.8467824083333333 0.2833333328125 0.81006944375 0.3083333328125 0.9202083333333333 0.34375
11 0.7580100583333333 0.40625 0.9704861104166667 0.40625 0.9593031604166666 0.38333333281250004 0.9453244729166667 0.38125 0.9313457854166667 0.3645833328125 0.7747844833333333 0.3083333328125 0.6685464562500001 0.3625 0.64618055625 0.3791666671875 0.6517720291666667 0.38333333281250004 0.7580100583333333 0.40625
11 0.6944227416666667 0.5145833328125 0.8259982645833334 0.5166666671875 0.8315972229166667 0.43958333281249995 0.6468315979166667 0.42291666718750004 0.5628472229166667 0.43541666718750005 0.5628472229166667 0.44375 0.6048394104166667 0.46458333281249997 0.6300347229166667 0.5020833328125 0.6944227416666667 0.5145833328125
4 0.909375 0.3708333328125 0.8952190166666667 0.35208333281250004 0.8442574770833333 0.3333333328125 0.8046207270833333 0.33125 0.7989583333333333 0.3395833328125 0.7989583333333333 0.375 0.86407585625 0.4 0.8867254270833332 0.39375 0.909375 0.3708333328125
9 0.46137152708333334 0.7791666671875 0.46137152708333334 0.76875 0.46440972291666666 0.7666666671875 0.4704861104166667 0.7541666671875 0.4704861104166667 0.7458333328125 0.46137152708333334 0.7458333328125 0.45225694375000003 0.7604166671875 0.44618055624999997 0.7770833328125 0.45225694375000003 0.7791666671875 0.46137152708333334 0.7791666671875
9 0.43611111041666667 0.7520833328125 0.42118055625 0.7770833328125 0.42118055625 0.7791666671875 0.4271527770833333 0.7833333328125 0.4390972229166667 0.7833333328125 0.44208333333333333 0.7791666671875 0.44805555625 0.7645833328125 0.44805555625 0.7583333328124999 0.4510416666666667 0.75625 0.4510416666666667 0.7479166671875 0.44805555625 0.7458333328125 0.44208333333333333 0.7458333328125 0.43611111041666667 0.7520833328125