6 0.48333333290816327 0.3375 0.4972222219387755 0.33125 0.5083333329081633 0.3208333330078125 0.519444443877551 0.29375 0.519444443877551 0.275 0.5111111109693878 0.2625 0.4916666670918367 0.25 0.4722222219387755 0.2458333330078125 0.45555555612244897 0.2458333330078125 0.4333333329081633 0.25 0.41666666709183675 0.2583333330078125 0.4 0.2770833330078125 0.3972222219387755 0.3041666669921875 0.405555556122449 0.3166666669921875 0.444444443877551 0.34375 0.48333333290816327 0.3375
4 0.48333333290816327 0.1125 0.4916666670918367 0.0583333330078125 0.325 0.0895833330078125 0.325 0.1020833330078125 0.36111111096938775 0.1354166669921875 0.41944444387755103 0.1291666669921875 0.48333333290816327 0.1125
4 0.3166666670918368 0.5166666669921876 0.3472222219387755 0.5 0.34166666709183674 0.4833333330078125 0.2777777780612245 0.4645833330078125 0.225 0.4375 0.18888888903061224 0.4416666669921875 0.18611111096938776 0.46875 0.2027777780612245 0.4895833330078125 0.27222222193877554 0.5208333330078125 0.3166666670918368 0.5166666669921876
4 0.269444443877551 0.525 0.25 0.5104166669921875 0.13611111096938777 0.475 0.11111111096938775 0.4854166669921875 0.13888888903061225 0.5083333330078125 0.19444444387755103 0.53125 0.23333333290816327 0.5354166669921875 0.269444443877551 0.525
9 0.3027777780612245 0.0958333330078125 0.27222222193877554 0.1375 0.2888888890306123 0.1375 0.3222222219387755 0.1041666669921875 0.3027777780612245 0.0958333330078125
6 0.26666666709183673 0.3333333330078125 0.25833333290816324 0.3041666669921875 0.20833333290816328 0.3083333330078125 0.2027777780612245 0.3375 0.21666666709183674 0.3458333330078125 0.24166666709183673 0.3479166669921875 0.26666666709183673 0.3333333330078125
6 0.1777777780612245 0.3979166669921875 0.16944444387755103 0.3770833330078125 0.13611111096938777 0.3708333330078125 0.11666666709183673 0.38125 0.11388888903061224 0.4 0.1277777780612245 0.4104166669921875 0.16111111096938774 0.4104166669921875 0.1777777780612245 0.3979166669921875
6 0.6916666670918367 0.1645833330078125 0.7138888890306123 0.1291666669921875 0.7027777780612244 0.1041666669921875 0.6611111109693877 0.0895833330078125 0.630555556122449 0.1041666669921875 0.630555556122449 0.14375 0.644444443877551 0.1625 0.6666666670918366 0.1708333330078125 0.6916666670918367 0.1645833330078125
10 0.16388888903061224 0.7541666669921875 0.18333333290816325 0.74375 0.1777777780612245 0.7041666669921876 0.15 0.6770833330078125 0.1 0.6666666669921875 0.038888889030612245 0.6833333330078125 0.04166666709183673 0.7020833330078124 0.08611111096938776 0.7145833330078125 0.144444443877551 0.7479166669921875 0.16388888903061224 0.7541666669921875
10 0.13888888903061225 0.55 0.16944444387755103 0.5625 0.2 0.58125 0.21666666709183674 0.5875 0.24444444387755102 0.5875 0.25833333290816324 0.5791666669921876 0.255555556122449 0.5583333330078125 0.23888888903061226 0.5458333330078124 0.13888888903061225 0.51875 0.1277777780612245 0.5208333330078125 0.11944444387755102 0.5270833330078125 0.11944444387755102 0.5333333330078125 0.125 0.5395833330078125 0.13888888903061225 0.55
6 0.725 0.6708333330078124 0.7166666670918368 0.6354166669921875 0.6638888890306122 0.6333333330078125 0.6527777780612245 0.6416666669921876 0.6527777780612245 0.6604166669921875 0.680555556122449 0.6833333330078125 0.7027777780612244 0.6854166669921875 0.725 0.6708333330078124
6 0.7833333329081632 0.6458333330078125 0.794444443877551 0.6458333330078125 0.8027777780612245 0.6395833330078124 0.8027777780612245 0.625 0.7972222219387756 0.6208333330078125 0.7888888890306122 0.61875 0.780555556122449 0.61875 0.775 0.6229166669921875 0.7722222219387755 0.6229166669921875 0.7694444438775511 0.625 0.7694444438775511 0.6354166669921875 0.7722222219387755 0.6395833330078124 0.7833333329081632 0.6458333330078125
6 0.8166666670918367 0.6375 0.8333333329081634 0.6375 0.8388888890306123 0.6333333330078125 0.8388888890306123 0.61875 0.8277777780612244 0.6125 0.8166666670918367 0.6125 0.8111111109693878 0.6145833330078125 0.805555556122449 0.61875 0.805555556122449 0.6291666669921875 0.8083333329081633 0.6333333330078125 0.8166666670918367 0.6375
6 0.8472222219387755 0.64375 0.8555555561224489 0.6458333330078125 0.869444443877551 0.6458333330078125 0.880555556122449 0.6395833330078124 0.880555556122449 0.625 0.8722222219387755 0.6166666669921875 0.8583333329081632 0.6125 0.85 0.6145833330078125 0.844444443877551 0.61875 0.844444443877551 0.6291666669921875 0.8416666670918368 0.63125 0.8416666670918368 0.6354166669921875 0.8472222219387755 0.64375
9 0.8527777780612245 0.68125 0.8527777780612245 0.6645833330078125 0.8555555561224489 0.6625 0.8583333329081632 0.6479166669921875 0.8527777780612245 0.6479166669921875 0.8527777780612245 0.65 0.8472222219387755 0.6541666669921875 0.8333333329081634 0.675 0.8333333329081634 0.6791666669921875 0.8361111109693878 0.68125 0.8527777780612245 0.68125
6 0.5861111109693878 0.61875 0.5972222219387755 0.625 0.6027777780612246 0.625 0.6138888890306122 0.61875 0.6166666670918367 0.6104166669921876 0.6138888890306122 0.6041666669921875 0.6083333329081633 0.6 0.5972222219387755 0.5979166669921875 0.594444443877551 0.6 0.5833333329081632 0.6 0.5805555561224489 0.6020833330078125 0.5777777780612245 0.60625 0.5777777780612245 0.6145833330078125 0.5833333329081632 0.61875 0.5861111109693878 0.61875
6 0.5805555561224489 0.6479166669921875 0.594444443877551 0.6395833330078124 0.5972222219387755 0.6291666669921875 0.5916666670918368 0.6229166669921875 0.5805555561224489 0.61875 0.5750000000000001 0.61875 0.5666666670918367 0.625 0.5638888890306122 0.625 0.5611111109693878 0.6291666669921875 0.5611111109693878 0.6416666669921876 0.569444443877551 0.6479166669921875 0.5805555561224489 0.6479166669921875
9 0.5361111109693877 0.7083333330078125 0.5388888890306122 0.70625 0.5388888890306122 0.6958333330078125 0.5416666670918368 0.69375 0.5472222219387755 0.68125 0.5444444438775511 0.6729166669921876 0.5416666670918368 0.6708333330078124 0.5361111109693877 0.6708333330078124 0.5333333329081632 0.6729166669921876 0.5222222219387754 0.7 0.5222222219387754 0.70625 0.530555556122449 0.7083333330078125 0.5361111109693877 0.7083333330078125
9 0.7333333329081632 0.6041666669921875 0.725 0.6041666669921875 0.719444443877551 0.6083333330078124 0.7111111109693878 0.6208333330078125 0.7083333329081634 0.63125 0.719444443877551 0.6333333330078125 0.7277777780612245 0.6208333330078125 0.7333333329081632 0.6041666669921875
9 0.3166666670918368 0.6479166669921875 0.325 0.6375 0.325 0.6333333330078125 0.3222222219387755 0.63125 0.31111111096938776 0.63125 0.3 0.64375 0.2916666670918367 0.65625 0.29444444387755103 0.6604166669921875 0.3027777780612245 0.6583333330078125 0.3166666670918368 0.6479166669921875
4 0.7277777780612245 0.13125 0.7277777780612245 0.18125 0.819444443877551 0.2104166669921875 0.8472222219387755 0.175 0.7277777780612245 0.13125
10 0.875 0.28125 0.8472222219387755 0.2833333330078125 0.8111111109693878 0.3083333330078125 0.919444443877551 0.34375 0.9361111109693878 0.30625 0.875 0.28125
11 0.969444443877551 0.40625 0.9583333329081634 0.3833333330078125 0.944444443877551 0.38125 0.930555556122449 0.3645833330078125 0.775 0.3083333330078125 0.669444443877551 0.3625 0.6472222219387754 0.3791666669921875 0.6527777780612245 0.3833333330078125 0.7583333329081632 0.40625 0.969444443877551 0.40625
11 0.694444443877551 0.5145833330078124 0.825 0.5166666669921876 0.830555556122449 0.4395833330078125 0.6472222219387754 0.4229166669921875 0.5638888890306122 0.4354166669921875 0.5638888890306122 0.44375 0.605555556122449 0.4645833330078125 0.630555556122449 0.5020833330078125 0.694444443877551 0.5145833330078124
4 0.9083333329081632 0.3708333330078125 0.8944444438775511 0.3520833330078125 0.844444443877551 0.3333333330078125 0.805555556122449 0.33125 0.8 0.3395833330078125 0.8 0.375 0.8638888890306123 0.4 0.8861111109693877 0.39375 0.9083333329081632 0.3708333330078125
9 0.4611111109693878 0.76875 0.46388888903061226 0.7666666669921876 0.469444443877551 0.7541666669921875 0.469444443877551 0.7458333330078125 0.4611111109693878 0.7458333330078125 0.4527777780612245 0.7604166669921875 0.44722222193877553 0.7770833330078125 0.4527777780612245 0.7791666669921875 0.4611111109693878 0.7791666669921875 0.4611111109693878 0.76875
9 0.43888888903061224 0.7833333330078125 0.4416666670918367 0.7791666669921875 0.44722222193877553 0.7645833330078124 0.44722222193877553 0.7583333330078125 0.45 0.75625 0.45 0.7479166669921875 0.44722222193877553 0.7458333330078125 0.4416666670918367 0.7458333330078125 0.43611111096938776 0.7520833330078125 0.4222222219387755 0.7770833330078125 0.4222222219387755 0.7791666669921875 0.42777777806122447 0.7833333330078125 0.43888888903061224 0.7833333330078125