6 0.48333333333333334 0.3375 0.4972222229166666 0.33125 0.5083333333333333 0.32083333281250004 0.51944444375 0.29375 0.51944444375 0.275 0.5111111104166667 0.2625 0.49166666666666664 0.25 0.47222222291666666 0.24583333281250003 0.45555555625 0.24583333281250003 0.43333333333333335 0.25 0.4166666666666667 0.25833333281250004 0.4 0.2770833328125 0.39722222291666665 0.30416666718749996 0.40555555625 0.3166666671875 0.44444444375000003 0.34375 0.48333333333333334 0.3375
4 0.48333333333333334 0.1125 0.49166666666666664 0.058333332812500006 0.325 0.0895833328125 0.325 0.1020833328125 0.3611111104166667 0.1354166671875 0.41944444375 0.1291666671875 0.48333333333333334 0.1125
4 0.31666666666666665 0.5166666671875 0.34722222291666666 0.5 0.3416666666666667 0.48333333281249996 0.27777777708333334 0.46458333281249997 0.225 0.4375 0.18888888958333333 0.44166666718750003 0.18611111041666667 0.46875 0.20277777708333333 0.4895833328125 0.27222222291666665 0.5208333328125 0.31666666666666665 0.5166666671875
4 0.26944444375000004 0.525 0.25 0.5104166671875 0.13611111041666665 0.475 0.11111111041666667 0.48541666718750004 0.13888888958333334 0.5083333328124999 0.19444444375 0.53125 0.23333333333333334 0.5354166671875 0.26944444375000004 0.525
9 0.30277777708333337 0.0958333328125 0.27222222291666665 0.1375 0.2888888895833333 0.1375 0.32222222291666663 0.1041666671875 0.30277777708333337 0.0958333328125
6 0.26666666666666666 0.3333333328125 0.25833333333333336 0.30416666718749996 0.20833333333333334 0.3083333328125 0.20277777708333333 0.3375 0.21666666666666667 0.3458333328125 0.24166666666666667 0.3479166671875 0.26666666666666666 0.3333333328125
6 0.17777777708333334 0.39791666718749996 0.16944444374999998 0.3770833328125 0.13611111041666665 0.3708333328125 0.11666666666666667 0.38125 0.11388888958333333 0.4 0.12777777708333335 0.41041666718750003 0.16111111041666665 0.41041666718750003 0.17777777708333334 0.39791666718749996
6 0.6916666666666667 0.16458333281249998 0.7138888895833334 0.1291666671875 0.7027777770833333 0.1041666671875 0.6611111104166666 0.0895833328125 0.63055555625 0.1041666671875 0.63055555625 0.14375 0.64444444375 0.1625 0.6666666666666666 0.1708333328125 0.6916666666666667 0.16458333281249998
10 0.16388888958333334 0.7541666671875 0.18333333333333332 0.74375 0.17777777708333334 0.7041666671875 0.15 0.6770833328125 0.1 0.6666666671875 0.038888889583333336 0.6833333328125 0.041666666666666664 0.7020833328125 0.08611111041666668 0.7145833328125 0.14444444374999998 0.7479166671875 0.16388888958333334 0.7541666671875
10 0.13888888958333334 0.55 0.16944444374999998 0.5625 0.2 0.58125 0.21666666666666667 0.5875 0.24444444375 0.5875 0.25833333333333336 0.5791666671875 0.25555555625 0.5583333328125 0.23888888958333335 0.5458333328125 0.13888888958333334 0.51875 0.12777777708333335 0.5208333328125 0.11944444375 0.5270833328125 0.11944444375 0.5333333328125 0.125 0.5395833328124999 0.13888888958333334 0.55
6 0.725 0.6708333328125 0.7166666666666667 0.6354166671875 0.6638888895833334 0.6333333328124999 0.6527777770833333 0.6416666671875 0.6527777770833333 0.6604166671875 0.6805555562500001 0.6833333328125 0.7027777770833333 0.6854166671875 0.725 0.6708333328125
6 0.7833333333333333 0.6458333328125 0.79444444375 0.6458333328125 0.8027777770833333 0.6395833328125 0.8027777770833333 0.625 0.7972222229166667 0.6208333328125 0.7888888895833334 0.61875 0.7805555562500001 0.61875 0.775 0.6229166671875 0.7722222229166668 0.6229166671875 0.76944444375 0.625 0.76944444375 0.6354166671875 0.7722222229166668 0.6395833328125 0.7833333333333333 0.6458333328125
6 0.8166666666666667 0.6375 0.8333333333333334 0.6375 0.8388888895833334 0.6333333328124999 0.8388888895833334 0.61875 0.8277777770833333 0.6125 0.8166666666666667 0.6125 0.8111111104166666 0.6145833328125 0.8055555562500001 0.61875 0.8055555562500001 0.6291666671875 0.8083333333333333 0.6333333328124999 0.8166666666666667 0.6375
6 0.8472222229166667 0.64375 0.85555555625 0.6458333328125 0.86944444375 0.6458333328125 0.88055555625 0.6395833328125 0.88055555625 0.625 0.8722222229166667 0.6166666671875001 0.8583333333333333 0.6125 0.85 0.6145833328125 0.8444444437499999 0.61875 0.8444444437499999 0.6291666671875 0.8416666666666667 0.63125 0.8416666666666667 0.6354166671875 0.8472222229166667 0.64375
9 0.8527777770833332 0.68125 0.8527777770833332 0.6645833328124999 0.85555555625 0.6625 0.8583333333333333 0.6479166671875001 0.8527777770833332 0.6479166671875001 0.8527777770833332 0.65 0.8472222229166667 0.6541666671875 0.8333333333333334 0.675 0.8333333333333334 0.6791666671875001 0.8361111104166666 0.68125 0.8527777770833332 0.68125
6 0.5861111104166666 0.61875 0.5972222229166667 0.625 0.6027777770833332 0.625 0.6138888895833333 0.61875 0.6166666666666667 0.6104166671875 0.6138888895833333 0.6041666671875 0.6083333333333333 0.6 0.5972222229166667 0.5979166671875 0.5944444437499999 0.6 0.5833333333333334 0.6 0.58055555625 0.6020833328124999 0.5777777770833333 0.60625 0.5777777770833333 0.6145833328125 0.5833333333333334 0.61875 0.5861111104166666 0.61875
6 0.58055555625 0.6479166671875001 0.5944444437499999 0.6395833328125 0.5972222229166667 0.6291666671875 0.5916666666666667 0.6229166671875 0.58055555625 0.61875 0.575 0.61875 0.5666666666666667 0.625 0.5638888895833334 0.625 0.5611111104166666 0.6291666671875 0.5611111104166666 0.6416666671875 0.5694444437499999 0.6479166671875001 0.58055555625 0.6479166671875001
9 0.5361111104166666 0.7083333328125 0.5388888895833334 0.70625 0.5388888895833334 0.6958333328124999 0.5416666666666666 0.69375 0.5472222229166667 0.68125 0.54444444375 0.6729166671875 0.5416666666666666 0.6708333328125 0.5361111104166666 0.6708333328125 0.5333333333333333 0.6729166671875 0.5222222229166666 0.7 0.5222222229166666 0.70625 0.53055555625 0.7083333328125 0.5361111104166666 0.7083333328125
9 0.7333333333333333 0.6041666671875 0.725 0.6041666671875 0.7194444437499999 0.6083333328125 0.7111111104166666 0.6208333328125 0.7083333333333334 0.63125 0.7194444437499999 0.6333333328124999 0.7277777770833332 0.6208333328125 0.7333333333333333 0.6041666671875
9 0.31666666666666665 0.6479166671875001 0.325 0.6375 0.325 0.6333333328124999 0.32222222291666663 0.63125 0.31111111041666667 0.63125 0.3 0.64375 0.2916666666666667 0.65625 0.29444444375 0.6604166671875 0.30277777708333337 0.6583333328125 0.31666666666666665 0.6479166671875001
4 0.7277777770833332 0.13125 0.7277777770833332 0.18125 0.8194444437499999 0.2104166671875 0.8472222229166667 0.175 0.7277777770833332 0.13125
10 0.875 0.28125 0.8472222229166667 0.2833333328125 0.8111111104166666 0.3083333328125 0.91944444375 0.34375 0.9361111104166666 0.30625 0.875 0.28125
11 0.9694444437499999 0.40625 0.9583333333333334 0.38333333281250004 0.9444444437499999 0.38125 0.9305555562500001 0.3645833328125 0.775 0.3083333328125 0.66944444375 0.3625 0.6472222229166668 0.3791666671875 0.6527777770833333 0.38333333281250004 0.7583333333333333 0.40625 0.9694444437499999 0.40625
11 0.6944444437499999 0.5145833328125 0.825 0.5166666671875 0.83055555625 0.43958333281249995 0.6472222229166668 0.42291666718750004 0.5638888895833334 0.43541666718750005 0.5638888895833334 0.44375 0.60555555625 0.46458333281249997 0.63055555625 0.5020833328125 0.6944444437499999 0.5145833328125
4 0.9083333333333333 0.3708333328125 0.89444444375 0.35208333281250004 0.8444444437499999 0.3333333328125 0.8055555562500001 0.33125 0.8 0.3395833328125 0.8 0.375 0.8638888895833333 0.4 0.8861111104166667 0.39375 0.9083333333333333 0.3708333328125
9 0.4611111104166667 0.76875 0.4638888895833333 0.7666666671875 0.46944444375 0.7541666671875 0.46944444375 0.7458333328125 0.4611111104166667 0.7458333328125 0.45277777708333333 0.7604166671875 0.44722222291666663 0.7770833328125 0.45277777708333333 0.7791666671875 0.4611111104166667 0.7791666671875 0.4611111104166667 0.76875
9 0.43888888958333333 0.7833333328125 0.44166666666666665 0.7791666671875 0.44722222291666663 0.7645833328125 0.44722222291666663 0.7583333328124999 0.45 0.75625 0.45 0.7479166671875 0.44722222291666663 0.7458333328125 0.44166666666666665 0.7458333328125 0.43611111041666667 0.7520833328125 0.42222222291666667 0.7770833328125 0.42222222291666667 0.7791666671875 0.42777777708333337 0.7833333328125 0.43888888958333333 0.7833333328125