8 0.32791927040816327 0.281171875 0.34745052040816327 0.281171875 0.37088802040816327 0.2753125 0.38651302040816327 0.265546875 0.3995338545918367 0.2430859375 0.39823177040816327 0.226484375 0.3891171875 0.2128125 0.37088802040816327 0.2020703125 0.34354427040816327 0.1971875 0.32271093749999996 0.199140625 0.29927343749999996 0.20890625 0.28364843749999996 0.2235546875 0.27844010459183677 0.2352734375 0.28104427040816327 0.2528515625 0.29406510459183677 0.27140625 0.30578385459183677 0.2753125 0.32791927040816327 0.281171875
9 0.5299479170918368 0.2060546875 0.5182291670918368 0.2080078125 0.49609375 0.2236328125 0.49348958290816325 0.23046875 0.5 0.232421875 0.5234375 0.2158203125 0.5299479170918368 0.2060546875
9 0.2907981772959184 0.2838544921875 0.3020833329081633 0.275390625 0.2994791670918367 0.271484375 0.29296875 0.2705078125 0.27039973979591836 0.2874345703125 0.2643229170918367 0.2919921875 0.265625 0.296875 0.2721354170918367 0.296875 0.2907981772959184 0.2838544921875
9 0.5546875 0.296875 0.5299479170918368 0.3173828125 0.5286458329081632 0.3203125 0.5364583329081632 0.32421875 0.5638020829081632 0.2998046875 0.5546875 0.296875
9 0.38671875 0.583984375 0.36197916709183675 0.5927734375 0.35807291709183675 0.5947265625 0.36197916709183675 0.609375 0.39583333290816325 0.59765625 0.38671875 0.583984375
9 0.7005208329081634 0.6083984375 0.6927083329081634 0.60546875 0.671875 0.619140625 0.65625 0.630859375 0.6588541670918366 0.6357421875 0.6848958329081634 0.6240234375 0.7005208329081634 0.6083984375
9 0.890625 0.65234375 0.8697916670918366 0.6689453125 0.8658854170918366 0.67578125 0.8723958329081634 0.6787109375 0.8984375 0.654296875 0.890625 0.65234375
9 0.8932291670918366 0.5361328125 0.8697916670918366 0.5498046875 0.8697916670918366 0.5615234375 0.8984375 0.5439453125 0.8984375 0.5390625 0.8932291670918366 0.5361328125
9 0.8932291670918366 0.537109375 0.8697916670918366 0.55078125 0.8684895829081634 0.5673828125 0.8723958329081634 0.5712890625 0.9036458329081634 0.5498046875 0.8932291670918366 0.537109375
3 0.37239583290816325 0.39453125 0.38802083290816325 0.3916015625 0.40755208290816325 0.3798828125 0.41276041709183675 0.3720703125 0.41536458290816325 0.3544921875 0.41145833290816325 0.341796875 0.40364583290816325 0.33203125 0.38802083290816325 0.3232421875 0.36328125 0.3203125 0.34375 0.32421875 0.34505208290816325 0.3310546875 0.36197916709183675 0.3310546875 0.36848958290816325 0.3349609375 0.36328125 0.3427734375 0.36328125 0.35546875 0.35416666709183675 0.3623046875 0.34114583290816325 0.359375 0.34114583290816325 0.3447265625 0.33723958290816325 0.3388671875 0.3255208329081633 0.3388671875 0.3190104170918367 0.3466796875 0.3177083329081633 0.3603515625 0.32682291709183675 0.37890625 0.35026041709183675 0.392578125 0.37239583290816325 0.39453125
3 0.45052083290816325 0.2900390625 0.46744791709183675 0.2900390625 0.48307291709183675 0.2861328125 0.49869791709183675 0.275390625 0.5078125 0.26171875 0.5078125 0.248046875 0.5013020829081632 0.236328125 0.48697916709183675 0.2275390625 0.47526041709183675 0.2236328125 0.46744791709183675 0.224609375 0.46744791709183675 0.236328125 0.453125 0.2373046875 0.44140625 0.2470703125 0.43619791709183675 0.2451171875 0.43880208290816325 0.2373046875 0.43619791709183675 0.2314453125 0.4296875 0.23046875 0.41666666709183675 0.2412109375 0.41276041709183675 0.25 0.41145833290816325 0.2587890625 0.41796875 0.2734375 0.43489583290816325 0.2861328125 0.45052083290816325 0.2900390625
3 0.45963541709183675 0.375 0.48697916709183675 0.384765625 0.5026041670918368 0.384765625 0.5260416670918368 0.3779296875 0.5390625 0.3681640625 0.55078125 0.3486328125 0.546875 0.3359375 0.53515625 0.3251953125 0.5221354170918368 0.3193359375 0.5182291670918368 0.3203125 0.5130208329081632 0.326171875 0.48958333290816325 0.3251953125 0.47786458290816325 0.3291015625 0.47005208290816325 0.32421875 0.46484375 0.3115234375 0.45182291709183675 0.310546875 0.43229166709183675 0.3193359375 0.42708333290816325 0.326171875 0.42447916709183675 0.3310546875 0.42578125 0.341796875 0.44010416709183675 0.3623046875 0.45963541709183675 0.375
3 0.48177083290816325 0.41796875 0.48307291709183675 0.423828125 0.48697916709183675 0.427734375 0.4921875 0.4296875 0.49739583290816325 0.4296875 0.49869791709183675 0.4287109375 0.5065104170918368 0.4287109375 0.5169270829081632 0.42578125 0.5221354170918368 0.42578125 0.5286458329081632 0.4228515625 0.5338541670918368 0.41796875 0.5390625 0.4033203125 0.5377604170918368 0.396484375 0.5338541670918368 0.3916015625 0.5286458329081632 0.3896484375 0.5182291670918368 0.390625 0.5143229170918368 0.3935546875 0.5130208329081632 0.396484375 0.5104166670918368 0.3984375 0.5078125 0.3984375 0.49609375 0.3916015625 0.49348958290816325 0.388671875 0.48958333290816325 0.38671875 0.48307291709183675 0.3857421875 0.4765625 0.390625 0.47395833290816325 0.3955078125 0.47265625 0.400390625 0.47916666709183675 0.412109375 0.47916666709183675 0.4150390625 0.48177083290816325 0.41796875
7 0.4609375 0.478515625 0.4609375 0.484375 0.453125 0.4892578125 0.45052083290816325 0.494140625 0.45052083290816325 0.4970703125 0.45442708290816325 0.501953125 0.4609375 0.5048828125 0.47526041709183675 0.5078125 0.50390625 0.5087890625 0.5143229170918368 0.5048828125 0.5208333329081632 0.5 0.5221354170918368 0.490234375 0.5026041670918368 0.46484375 0.49869791709183675 0.4560546875 0.4921875 0.451171875 0.48567708290816325 0.4482421875 0.47265625 0.4482421875 0.45833333290816325 0.4541015625 0.45182291709183675 0.4609375 0.45052083290816325 0.4716796875 0.45182291709183675 0.4736328125 0.45833333290816325 0.4755859375 0.4609375 0.478515625
1 0.43489583290816325 0.4365234375 0.4375 0.439453125 0.4375 0.44140625 0.44270833290816325 0.44921875 0.44791666709183675 0.4521484375 0.453125 0.451171875 0.45703125 0.4482421875 0.45833333290816325 0.4443359375 0.4609375 0.44140625 0.4609375 0.4384765625 0.46223958290816325 0.4375 0.46223958290816325 0.4345703125 0.46354166709183675 0.43359375 0.46354166709183675 0.4287109375 0.4609375 0.4267578125 0.45442708290816325 0.4267578125 0.453125 0.42578125 0.44921875 0.42578125 0.44791666709183675 0.4267578125 0.43489583290816325 0.4267578125 0.43359375 0.427734375 0.43359375 0.43359375 0.43489583290816325 0.4345703125 0.43489583290816325 0.4365234375
1 0.41666666709183675 0.5 0.421875 0.4990234375 0.42578125 0.49609375 0.42838541709183675 0.4912109375 0.43098958290816325 0.4794921875 0.43229166709183675 0.478515625 0.43098958290816325 0.474609375 0.42838541709183675 0.4736328125 0.41927083290816325 0.4736328125 0.41796875 0.474609375 0.40625 0.474609375 0.40364583290816325 0.4755859375 0.40234375 0.4775390625 0.40234375 0.482421875 0.41015625 0.49609375 0.41666666709183675 0.5
3 0.3216145829081633 0.421875 0.3359375 0.4072265625 0.3359375 0.3916015625 0.32682291709183675 0.3798828125 0.3203125 0.3837890625 0.32421875 0.396484375 0.3203125 0.40234375 0.3111979170918367 0.400390625 0.3033854170918367 0.390625 0.28515625 0.384765625 0.2890625 0.3798828125 0.30078125 0.380859375 0.3059895829081633 0.3779296875 0.3046875 0.369140625 0.2877604170918367 0.369140625 0.2760416670918367 0.373046875 0.2604166670918367 0.38671875 0.26171875 0.4091796875 0.2825520829081633 0.42578125 0.3098958329081633 0.4267578125 0.3216145829081633 0.421875
7 0.234375 0.4921875 0.24739583290816328 0.4814453125 0.2513020829081633 0.47265625 0.24348958290816328 0.4521484375 0.22265625 0.44140625 0.20572916709183672 0.44140625 0.19401041709183672 0.4453125 0.19270833290816328 0.46875 0.19921875 0.4921875 0.20833333290816328 0.49609375 0.234375 0.4921875
3 0.2526041670918367 0.6669091796875 0.27734375 0.6678857421875 0.29296875 0.6639794921875 0.3098958329081633 0.6532373046875 0.3203125 0.6366357421875 0.3190104170918367 0.6288232421875 0.30859375 0.6258935546875 0.2877604170918367 0.6444482421875 0.27734375 0.6454248046875 0.2708333329081633 0.6424951171875 0.2682291670918367 0.6249169921875 0.2526041670918367 0.6171044921875 0.2526041670918367 0.6112451171875 0.2591145829081633 0.6034326171875 0.27734375 0.5995263671875 0.2760416670918367 0.5946435546875 0.2578125 0.5946435546875 0.23958333290816328 0.6005029296875 0.22265625 0.6161279296875 0.21875 0.6229638671875 0.22135416709183672 0.6473779296875 0.23177083290816328 0.6581201171875 0.2526041670918367 0.6669091796875
7 0.2526041670918367 0.5947265625 0.2786458329081633 0.580078125 0.2838541670918367 0.556640625 0.2721354170918367 0.5400390625 0.23958333290816328 0.53125 0.22265625 0.5341796875 0.20703125 0.5419921875 0.20833333290816328 0.578125 0.21875 0.5927734375 0.24088541709183672 0.5966796875 0.2526041670918367 0.5947265625
3 0.73046875 0.58203125 0.7434895829081634 0.5703125 0.7421875 0.5556640625 0.74609375 0.548828125 0.7578125 0.5419921875 0.7578125 0.53515625 0.7369791670918366 0.51953125 0.7278645829081634 0.51953125 0.69140625 0.5625 0.6888020829081634 0.5751953125 0.6953125 0.5830078125 0.7135416670918366 0.5859375 0.73046875 0.58203125
0 0.7213541670918366 0.5986328125 0.7200520829081634 0.5869140625 0.7096354170918366 0.587890625 0.6979166670918366 0.59765625 0.6966145829081634 0.6044921875 0.703125 0.609375 0.71484375 0.607421875 0.7213541670918366 0.5986328125
3 0.7018229170918366 0.4638671875 0.6901041670918366 0.4521484375 0.6809895829081634 0.44921875 0.6575520829081634 0.447265625 0.6497395829081632 0.4521484375 0.65234375 0.46484375 0.66796875 0.470703125 0.6848958329081634 0.47265625 0.7018229170918366 0.4638671875
1 0.63671875 0.4365234375 0.6471354170918368 0.4208984375 0.6471354170918368 0.412109375 0.6223958329081632 0.4111328125 0.6184895829081632 0.416015625 0.625 0.4306640625 0.6315104170918368 0.4365234375 0.63671875 0.4365234375
7 0.6263020829081632 0.654296875 0.6302083329081632 0.6455078125 0.6341145829081632 0.583984375 0.6302083329081632 0.5205078125 0.609375 0.4404296875 0.5885416670918368 0.3916015625 0.5755208329081632 0.3720703125 0.56640625 0.3837890625 0.5442708329081632 0.4541015625 0.5403645829081632 0.501953125 0.5533854170918368 0.5634765625 0.5703125 0.595703125 0.6263020829081632 0.654296875
11 0.2914283852040816 0.5146484375 0.4242408852040816 0.599609375 0.4346575522959184 0.60546875 0.44507421811224496 0.6123046875 0.45288671811224496 0.615234375 0.3565325522959184 0.4755859375 0.2888242181122449 0.431640625 0.2692929681122449 0.423828125 0.18856380229591838 0.3681640625 0.18465755229591838 0.3701171875 0.1950742181122449 0.38671875 0.2146054681122449 0.4072265625 0.2914283852040816 0.5146484375
7 0.5234375 0.654296875 0.5442708329081632 0.681640625 0.5924479170918368 0.724609375 0.65234375 0.755859375 0.6953125 0.7724609375 0.6966145829081634 0.765625 0.66796875 0.712890625 0.6263020829081632 0.654296875 0.5755208329081632 0.6005859375 0.5013020829081632 0.541015625 0.484375 0.53125 0.48046875 0.53125 0.484375 0.55859375 0.5026041670918368 0.611328125 0.5234375 0.654296875
7 0.8138020829081634 0.697265625 0.8385416670918366 0.6630859375 0.85546875 0.6298828125 0.8658854170918366 0.59765625 0.8684895829081634 0.5703125 0.8645833329081634 0.515625 0.859375 0.5166015625 0.8307291670918366 0.546875 0.75 0.6591796875 0.73046875 0.69921875 0.7044270829081634 0.7705078125 0.703125 0.775390625 0.7083333329081634 0.779296875 0.7825520829081634 0.7275390625 0.8138020829081634 0.697265625
6 0.7408854170918366 0.677734375 0.7447916670918366 0.669921875 0.7369791670918366 0.6611328125 0.7239583329081634 0.66015625 0.7161458329081634 0.6650390625 0.71484375 0.6748046875 0.7200520829081634 0.6796875 0.734375 0.681640625 0.7408854170918366 0.677734375
6 0.484375 0.744140625 0.5169270829081632 0.7412109375 0.53515625 0.7275390625 0.5416666670918368 0.71484375 0.5403645829081632 0.69921875 0.53125 0.685546875 0.5026041670918368 0.6728515625 0.48307291709183675 0.673828125 0.46744791709183675 0.6796875 0.44921875 0.7001953125 0.44791666709183675 0.7177734375 0.453125 0.7275390625 0.46354166709183675 0.7373046875 0.484375 0.744140625
6 0.49609375 0.615234375 0.48958333290816325 0.6083984375 0.47526041709183675 0.607421875 0.46744791709183675 0.61328125 0.46614583290816325 0.6220703125 0.47786458290816325 0.630859375 0.49348958290816325 0.6259765625 0.49609375 0.615234375
6 0.40494791709183675 0.630859375 0.40755208290816325 0.623046875 0.40104166709183675 0.6142578125 0.38671875 0.61328125 0.37890625 0.619140625 0.37760416709183675 0.626953125 0.38411458290816325 0.6337890625 0.39453125 0.634765625 0.40494791709183675 0.630859375
6 0.71484375 0.7373046875 0.71875 0.72265625 0.7122395829081634 0.71484375 0.6901041670918366 0.7109375 0.6783854170918366 0.716796875 0.6770833329081634 0.7275390625 0.6848958329081634 0.7412109375 0.703125 0.7431640625 0.71484375 0.7373046875
7 0.2552083329081633 0.7802734375 0.2734375 0.76953125 0.2747395829081633 0.751953125 0.2591145829081633 0.740234375 0.23697916709183672 0.740234375 0.23307291709183672 0.7431640625 0.23697916709183672 0.77734375 0.24088541709183672 0.7802734375 0.2552083329081633 0.7802734375
7 0.23307291709183672 0.7724609375 0.21875 0.7734375 0.20703125 0.78515625 0.20833333290816328 0.796875 0.21614583290816328 0.8037109375 0.23958333290816328 0.8037109375 0.23307291709183672 0.7724609375
10 0.18229166709183672 0.6787109375 0.18489583290816328 0.6669921875 0.1796875 0.6552734375 0.171875 0.6513671875 0.15755208290816325 0.654296875 0.15625 0.6689453125 0.16015625 0.677734375 0.16536458290816328 0.6806640625 0.18229166709183672 0.6787109375
3 0.13151041709183675 0.6416015625 0.13671875 0.6357421875 0.13411458290816325 0.6259765625 0.10416666709183674 0.60546875 0.09765625 0.5869140625 0.08723958290816326 0.5869140625 0.0859375 0.603515625 0.09505208290816326 0.623046875 0.1171875 0.6416015625 0.13151041709183675 0.6416015625
3 0.35677083290816325 0.60546875 0.35416666709183675 0.5947265625 0.33333333290816325 0.5888671875 0.3111979170918367 0.591796875 0.2981770829081633 0.6005859375 0.2994791670918367 0.615234375 0.3151041670918367 0.625 0.328125 0.623046875 0.35677083290816325 0.60546875
10 0.07942708290816326 0.5634765625 0.08203125 0.5751953125 0.09114583290816326 0.57421875 0.09895833290816326 0.568359375 0.10807291709183674 0.5498046875 0.10677083290816326 0.5263671875 0.09635416709183674 0.5087890625 0.08463541709183674 0.5 0.06901041709183674 0.49609375 0.05598958290816327 0.498046875 0.0234375 0.515625 0.022135417091836734 0.5205078125 0.03515625 0.54296875 0.04947916709183673 0.53515625 0.07942708290816326 0.5634765625
8 0.03776041709183674 0.6005859375 0.026041667091836734 0.5849609375 0.015625 0.5869140625 0.005208332908163265 0.5947265625 0.0026041670918367345 0.60546875 0.009114582908163265 0.6123046875 0.03255208290816326 0.6123046875 0.03776041709183674 0.6005859375
10 0 0.650390625 0.028645832908163266 0.6669921875 0.04947916709183673 0.6669921875 0.07421875 0.654296875 0.08463541709183674 0.6396484375 0.08854166709183674 0.6279296875 0.08463541709183674 0.5869140625 0.06901041709183674 0.5634765625 0.04947916709183673 0.5498046875 0.029947917091836734 0.544921875 0.010416667091836735 0.5498046875 0 0.5556640625 0 0.650390625
11 0 0.291015625 0.015625 0.3125 0.029947917091836734 0.32421875 0.0546875 0.3349609375 0.08072916709183674 0.3369140625 0.10286458290816326 0.330078125 0.12630208290816325 0.310546875 0.13671875 0.28515625 0.13671875 0.2548828125 0.11979166709183674 0.220703125 0.09765625 0.2021484375 0.06640625 0.1923828125 0.03515625 0.1962890625 0.0078125 0.2177734375 0 0.2294921875 0 0.291015625
3 0 0.283203125 0.005208332908163265 0.28125 0.020833332908163266 0.291015625 0.046875 0.2900390625 0.06770833290816326 0.279296875 0.08072916709183674 0.263671875 0.08723958290816326 0.2412109375 0.0859375 0.2236328125 0.078125 0.2109375 0.06640625 0.2021484375 0.05078125 0.19921875 0.03515625 0.2119140625 0.009114582908163265 0.22265625 0 0.23046875 0 0.283203125
1 0.39973958290816325 0.291015625 0.3984375 0.2841796875 0.38541666709183675 0.28125 0.37109375 0.28515625 0.37630208290816325 0.3037109375 0.3828125 0.30859375 0.390625 0.30859375 0.39973958290816325 0.291015625