10 0.6171875 0.466796875 0.6145833333333334 0.4423828125 0.5924479166666666 0.4091796875 0.5625 0.38671875 0.515625 0.3759765625 0.46875 0.3779296875 0.4322916666666667 0.3916015625 0.4036458333333333 0.4111328125 0.3815104166666667 0.4482421875 0.3828125 0.458984375 0.4322916666666667 0.4716796875 0.5950520833333334 0.470703125 0.6171875 0.466796875
11 0.7408854166666666 0.7392578125 0.734375 0.732421875 0.7057291666666666 0.72265625 0.5260416666666666 0.6748046875 0.5026041666666666 0.6708984375 0.4934895833333333 0.673828125 0.5013020833333334 0.7568359375 0.578125 0.8017578125 0.6588541666666666 0.7998046875 0.7408854166666666 0.7392578125
11 0.6484375 0.80078125 0.6979166666666666 0.76171875 0.6888020833333334 0.7529296875 0.5208333333333334 0.7080078125 0.53125 0.7666015625 0.5403645833333334 0.7763671875 0.5833333333333334 0.8017578125 0.6484375 0.80078125
4 0.3645833333333333 0.546875 0.3932291666666667 0.55078125 0.4348958333333333 0.5439453125 0.45703125 0.5302734375 0.4700520833333333 0.51171875 0.47265625 0.4912109375 0.46875 0.4873046875 0.4127604166666667 0.4677734375 0.3489583333333333 0.451171875 0.3385416666666667 0.4521484375 0.328125 0.4599609375 0.31640625 0.48046875 0.3151041666666667 0.50390625 0.3229166666666667 0.51953125 0.3372395833333333 0.533203125 0.3645833333333333 0.546875
3 0.9036458333333334 0.5029296875 0.9010416666666666 0.4931640625 0.8815104166666666 0.484375 0.8606770833333334 0.486328125 0.84765625 0.4951171875 0.8541666666666666 0.5146484375 0.8697916666666666 0.5234375 0.8828125 0.521484375 0.9036458333333334 0.5029296875
3 0.9778645833333334 0.5322265625 0.9778645833333334 0.51953125 0.96484375 0.5087890625 0.9440104166666666 0.5078125 0.9309895833333334 0.51171875 0.9283854166666666 0.5283203125 0.9388020833333334 0.5390625 0.9622395833333334 0.541015625 0.9778645833333334 0.5322265625
3 0.9153645833333334 0.5400390625 0.92578125 0.515625 0.9166666666666666 0.5078125 0.9075520833333334 0.5078125 0.8723958333333334 0.533203125 0.87109375 0.537109375 0.8828125 0.54296875 0.9049479166666666 0.5458984375 0.9153645833333334 0.5400390625
11 0.84765625 0.5556640625 0.8932291666666666 0.564453125 0.9283854166666666 0.5634765625 0.96484375 0.5537109375 0.9986979166666666 0.5322265625 0.9986979166666666 0.4375 0.9674479166666666 0.419921875 0.9427083333333334 0.4140625 0.9088541666666666 0.4130859375 0.8645833333333334 0.4208984375 0.8385416666666666 0.4326171875 0.8111979166666666 0.4521484375 0.7955729166666666 0.474609375 0.79296875 0.5068359375 0.7981770833333334 0.5205078125 0.8177083333333334 0.541015625 0.84765625 0.5556640625
4 0.8515625 0.4091796875 0.8684895833333334 0.400390625 0.8802083333333334 0.3876953125 0.8776041666666666 0.37890625 0.8645833333333334 0.369140625 0.7721354166666666 0.3447265625 0.7565104166666666 0.3486328125 0.73046875 0.375 0.7330729166666666 0.3916015625 0.7630208333333334 0.4150390625 0.8076171875 0.4072265625 0.8515625 0.4091796875
5 0.734375 0.4853515625 0.7747395833333334 0.4736328125 0.7838541666666666 0.4541015625 0.76953125 0.4248046875 0.7291666666666666 0.392578125 0.7044270833333334 0.390625 0.6848958333333334 0.3955078125 0.68359375 0.408203125 0.69921875 0.4404296875 0.7083333333333334 0.48046875 0.734375 0.4853515625
5 0.5130208333333334 0.5546875 0.5286458333333334 0.5380859375 0.5572916666666666 0.5234375 0.5533854166666666 0.494140625 0.5390625 0.4833984375 0.5247395833333334 0.4833984375 0.51953125 0.4873046875 0.5169270833333334 0.5126953125 0.5104166666666666 0.5244140625 0.4973958333333333 0.525390625 0.47265625 0.51953125 0.4713541666666667 0.533203125 0.4817708333333333 0.546875 0.49609375 0.5556640625 0.5130208333333334 0.5546875
7 0.5559895833333334 0.59375 0.5572916666666666 0.5888671875 0.5390625 0.5654296875 0.5494791666666666 0.5556640625 0.5768229166666666 0.5478515625 0.5794270833333334 0.5380859375 0.5625 0.5322265625 0.5455729166666666 0.533203125 0.5169270833333334 0.5537109375 0.5104166666666666 0.5654296875 0.5 0.572265625 0.5013020833333334 0.583984375 0.515625 0.5947265625 0.5416666666666666 0.59765625 0.5559895833333334 0.59375
0 0.3151041666666667 0.5634765625 0.3307291666666667 0.5537109375 0.3333333333333333 0.54296875 0.328125 0.53125 0.31640625 0.5341796875 0.2630208333333333 0.533203125 0.2604166666666667 0.537109375 0.2734375 0.552734375 0.29296875 0.564453125 0.3151041666666667 0.5634765625
7 0.2682291666666667 0.2890625 0.2682291666666667 0.2802734375 0.2526041666666667 0.2529296875 0.22786458333333334 0.21484375 0.22005208333333334 0.2119140625 0.18880208333333334 0.22265625 0.16666666666666666 0.23828125 0.15234375 0.2578125 0.14713541666666666 0.275390625 0.14713541666666666 0.2978515625 0.15234375 0.314453125 0.15755208333333334 0.3173828125 0.2682291666666667 0.2890625
1 0.24609375 0.18359375 0.23046875 0.1796875 0.22135416666666666 0.181640625 0.2265625 0.2001953125 0.24088541666666666 0.2021484375 0.24739583333333334 0.1943359375 0.24609375 0.18359375
1 0.3098958333333333 0.275390625 0.30859375 0.265625 0.2838541666666667 0.263671875 0.28515625 0.2802734375 0.2942708333333333 0.28515625 0.3046875 0.283203125 0.3098958333333333 0.275390625
1 0.4596354166666667 0.2158203125 0.4596354166666667 0.201171875 0.4440104166666667 0.19921875 0.4348958333333333 0.2021484375 0.4348958333333333 0.2109375 0.4453125 0.22265625 0.4544270833333333 0.2236328125 0.4596354166666667 0.2158203125
1 0.5221354166666666 0.28125 0.5143229166666666 0.27734375 0.49609375 0.279296875 0.4973958333333333 0.2939453125 0.50390625 0.3017578125 0.51171875 0.302734375 0.5221354166666666 0.28125
1 0.4166666666666667 0.3310546875 0.4153645833333333 0.3212890625 0.40234375 0.31640625 0.390625 0.318359375 0.3919270833333333 0.333984375 0.4010416666666667 0.33984375 0.4088541666666667 0.3388671875 0.4166666666666667 0.3310546875
1 0.3463541666666667 0.3623046875 0.3359375 0.359375 0.3203125 0.3623046875 0.3268229166666667 0.3798828125 0.3411458333333333 0.3828125 0.3489583333333333 0.373046875 0.3463541666666667 0.3623046875
6 0.6341145833333334 0.3447265625 0.6328125 0.3349609375 0.6119791666666666 0.3291015625 0.6028645833333334 0.33203125 0.6015625 0.33984375 0.6080729166666666 0.349609375 0.6184895833333334 0.3505859375 0.6341145833333334 0.3447265625
4 0.6002604166666666 0.333984375 0.60546875 0.3310546875 0.6002604166666666 0.3134765625 0.6067708333333334 0.298828125 0.6223958333333334 0.29296875 0.6653645833333334 0.29296875 0.6731770833333334 0.287109375 0.6744791666666666 0.2763671875 0.65625 0.2607421875 0.6380208333333334 0.255859375 0.625 0.2568359375 0.5768229166666666 0.2958984375 0.5520833333333334 0.302734375 0.5520833333333334 0.3134765625 0.5638020833333334 0.326171875 0.5807291666666666 0.333984375 0.6002604166666666 0.333984375
4 0.5924479166666666 0.275390625 0.60546875 0.2705078125 0.6354166666666666 0.2451171875 0.671875 0.2353515625 0.6770833333333334 0.2236328125 0.6705729166666666 0.2099609375 0.6575520833333334 0.1982421875 0.6354166666666666 0.1884765625 0.6158854166666666 0.1875 0.6080729166666666 0.1962890625 0.5989583333333334 0.22265625 0.5651041666666666 0.2314453125 0.5416666666666666 0.2294921875 0.5299479166666666 0.2373046875 0.53125 0.2490234375 0.5442708333333334 0.26171875 0.5716145833333334 0.2734375 0.5924479166666666 0.275390625
4 0.4283854166666667 0.17578125 0.4557291666666667 0.19140625 0.4674479166666667 0.1796875 0.46484375 0.150390625 0.44921875 0.1376953125 0.4010416666666667 0.1396484375 0.3841145833333333 0.1455078125 0.3671875 0.162109375 0.3658854166666667 0.177734375 0.375 0.189453125 0.41015625 0.1728515625 0.4283854166666667 0.17578125
4 0.8463541666666666 0.1796875 0.8736979166666666 0.1796875 0.8893229166666666 0.17578125 0.9322916666666666 0.1376953125 0.9309895833333334 0.1298828125 0.9231770833333334 0.125 0.8515625 0.1103515625 0.8307291666666666 0.1015625 0.81640625 0.1044921875 0.8046875 0.1181640625 0.8046875 0.1328125 0.8190104166666666 0.146484375 0.8372395833333334 0.17578125 0.8463541666666666 0.1796875
0 0.93359375 0.197265625 0.9661458333333334 0.1787109375 0.9674479166666666 0.173828125 0.9453125 0.142578125 0.9296875 0.146484375 0.8893229166666666 0.1796875 0.85546875 0.2236328125 0.8541666666666666 0.2294921875 0.859375 0.232421875 0.88671875 0.234375 0.93359375 0.197265625
1 0.9127604166666666 0.275390625 0.921875 0.26953125 0.9244791666666666 0.25390625 0.8997395833333334 0.2529296875 0.89453125 0.2568359375 0.8958333333333334 0.2685546875 0.9049479166666666 0.275390625 0.9127604166666666 0.275390625
1 0.9895833333333334 0.1884765625 0.97265625 0.1875 0.9609375 0.1923828125 0.9661458333333334 0.2099609375 0.9765625 0.212890625 0.98828125 0.2060546875 0.9895833333333334 0.1884765625
1 0.9544270833333334 0.3359375 0.9466145833333334 0.3310546875 0.9244791666666666 0.3349609375 0.9231770833333334 0.345703125 0.9309895833333334 0.3515625 0.9440104166666666 0.3505859375 0.9544270833333334 0.3359375
11 0.7239583333333334 0.6220703125 0.7265625 0.619140625 0.71484375 0.6005859375 0.6861979166666666 0.59765625 0.6692708333333334 0.5830078125 0.6744791666666666 0.53125 0.6575520833333334 0.501953125 0.6497395833333334 0.521484375 0.6471354166666666 0.5439453125 0.66015625 0.6015625 0.6744791666666666 0.609375 0.7239583333333334 0.6220703125
4 0.7356770833333334 0.583984375 0.7330729166666666 0.5634765625 0.7135416666666666 0.5458984375 0.6979166666666666 0.5185546875 0.6861979166666666 0.5185546875 0.6731770833333334 0.5302734375 0.671875 0.5859375 0.6901041666666666 0.59765625 0.7135416666666666 0.59765625 0.7356770833333334 0.583984375
10 0.4921875 0.77734375 0.4986979166666667 0.7568359375 0.48828125 0.7421875 0.46484375 0.7294921875 0.4388020833333333 0.73046875 0.421875 0.744140625 0.4205729166666667 0.791015625 0.4348958333333333 0.8037109375 0.44921875 0.8076171875 0.4921875 0.77734375
2 0.5052083333333334 0.640625 0.4947916666666667 0.66015625 0.4947916666666667 0.666015625 0.5143229166666666 0.6689453125 0.5208333333333334 0.646484375 0.5052083333333334 0.640625
9 0.5338541666666666 0.62109375 0.5182291666666666 0.6357421875 0.5169270833333334 0.6416015625 0.5221354166666666 0.64453125 0.5416666666666666 0.6201171875 0.5338541666666666 0.62109375
9 0.4283854166666667 0.552734375 0.4205729166666667 0.5537109375 0.390625 0.5732421875 0.3932291666666667 0.578125 0.4036458333333333 0.57421875 0.4283854166666667 0.55859375 0.4283854166666667 0.552734375
9 0.91796875 0.6611328125 0.9140625 0.6591796875 0.90625 0.6630859375 0.890625 0.6748046875 0.8919270833333334 0.6787109375 0.8984375 0.677734375 0.91796875 0.6611328125
9 0.14583333333333334 0.6552734375 0.10416666666666667 0.6396484375 0.10416666666666667 0.6474609375 0.14322916666666666 0.6640625 0.1484375 0.6630859375 0.14583333333333334 0.6552734375
9 0.2734375 0.556640625 0.2552083333333333 0.5732421875 0.25390625 0.58203125 0.2721354166666667 0.5849609375 0.2890625 0.5634765625 0.2734375 0.556640625
1 0.2760416666666667 0.45703125 0.2760416666666667 0.4423828125 0.2513020833333333 0.439453125 0.24739583333333334 0.451171875 0.2526041666666667 0.4599609375 0.2682291666666667 0.4638671875 0.2760416666666667 0.45703125
4 0.2578125 0.3525390625 0.2721354166666667 0.3349609375 0.2721354166666667 0.3046875 0.22265625 0.3046875 0.1953125 0.3095703125 0.19270833333333334 0.31640625 0.22005208333333334 0.369140625 0.23958333333333334 0.365234375 0.2578125 0.3525390625
11 0 0.6220703125 0.010416666666666666 0.623046875 0.061197916666666664 0.607421875 0.11458333333333333 0.55859375 0.1171875 0.5458984375 0.109375 0.4912109375 0.024739583333333332 0.453125 0.00390625 0.4501953125 0 0.4521484375 0 0.6220703125
4 0.20572916666666666 0.171875 0.19921875 0.158203125 0.16927083333333334 0.150390625 0.14713541666666666 0.1513671875 0.12890625 0.1640625 0.13151041666666666 0.181640625 0.15364583333333334 0.1923828125 0.18880208333333334 0.189453125 0.20572916666666666 0.171875
9 0.13541666666666666 0.1904296875 0.10546875 0.2236328125 0.10677083333333333 0.23046875 0.1171875 0.2275390625 0.14583333333333334 0.19140625 0.13541666666666666 0.1904296875
9 0.059895833333333336 0.181640625 0.05078125 0.1806640625 0.0390625 0.1943359375 0.029947916666666668 0.2060546875 0.032552083333333336 0.2099609375 0.044270833333333336 0.2060546875 0.059895833333333336 0.181640625
9 0.3671875 0.1875 0.3424479166666667 0.19921875 0.33984375 0.2041015625 0.3463541666666667 0.2060546875 0.375 0.19140625 0.3671875 0.1875
9 0.8372395833333334 0.1767578125 0.8151041666666666 0.1982421875 0.8125 0.203125 0.8216145833333334 0.205078125 0.8424479166666666 0.1787109375 0.8372395833333334 0.1767578125
4 0.3515625 0.626953125 0.3684895833333333 0.60546875 0.3658854166666667 0.5849609375 0.35546875 0.5830078125 0.32421875 0.5947265625 0.3203125 0.599609375 0.3372395833333333 0.6259765625 0.3411458333333333 0.6298828125 0.3515625 0.626953125
4 0.2786458333333333 0.498046875 0.2721354166666667 0.4931640625 0.23567708333333334 0.4873046875 0.22916666666666666 0.4873046875 0.2265625 0.4931640625 0.22135416666666666 0.5263671875 0.22916666666666666 0.5283203125 0.2591145833333333 0.521484375 0.2786458333333333 0.498046875
4 0.21875 0.5263671875 0.2265625 0.4873046875 0.18359375 0.4814453125 0.17057291666666666 0.4814453125 0.17447916666666666 0.50390625 0.19010416666666666 0.5185546875 0.21875 0.5263671875
2 0.734375 0.6328125 0.7330729166666666 0.6416015625 0.7447916666666666 0.6416015625 0.74609375 0.6328125 0.734375 0.6328125
1 0.01953125 0.3369140625 0.028645833333333332 0.3291015625 0.032552083333333336 0.3125 0.028645833333333332 0.30859375 0.013020833333333334 0.30859375 0.005208333333333333 0.3134765625 0.005208333333333333 0.3212890625 0.0078125 0.3310546875 0.01953125 0.3369140625
7 0.1015625 0.328125 0.11067708333333333 0.32421875 0.12109375 0.2841796875 0.13802083333333334 0.2646484375 0.13932291666666666 0.25390625 0.12890625 0.24609375 0.09244791666666667 0.2431640625 0.06380208333333333 0.2578125 0.053385416666666664 0.2734375 0.053385416666666664 0.2890625 0.06640625 0.3154296875 0.07942708333333333 0.326171875 0.1015625 0.328125
11 0 0.8173828125 0.033854166666666664 0.8330078125 0.055989583333333336 0.8369140625 0.07552083333333333 0.833984375 0.14192708333333334 0.8095703125 0.13932291666666666 0.75 0.12760416666666666 0.6728515625 0.0013020833333333333 0.7236328125 0.005208333333333333 0.8046875 0 0.8056640625 0 0.8173828125
8 0 0.8037109375 0.00390625 0.80859375 0.015625 0.8173828125 0.044270833333333336 0.8271484375 0.053385416666666664 0.826171875 0.061197916666666664 0.818359375 0.08723958333333333 0.8173828125 0.10807291666666667 0.787109375 0.10807291666666667 0.7724609375 0.09635416666666667 0.7509765625 0.0703125 0.7353515625 0.04296875 0.732421875 0.01953125 0.7373046875 0 0.751953125 0 0.8037109375
8 0.3541666666666667 0.8154296875 0.3723958333333333 0.814453125 0.4010416666666667 0.8037109375 0.4153645833333333 0.7900390625 0.421875 0.7685546875 0.4166666666666667 0.7529296875 0.4075520833333333 0.7431640625 0.38671875 0.7333984375 0.3723958333333333 0.7314453125 0.3489583333333333 0.734375 0.3268229166666667 0.7431640625 0.3072916666666667 0.767578125 0.3059895833333333 0.7822265625 0.3138020833333333 0.798828125 0.328125 0.8095703125 0.3541666666666667 0.8154296875