10 0.43229166709183675 0.3916015625 0.40364583290816325 0.4111328125 0.38151041709183675 0.4482421875 0.3828125 0.458984375 0.43229166709183675 0.4716796875 0.5950520829081632 0.470703125 0.6171875 0.466796875 0.6145833329081632 0.4423828125 0.5924479170918368 0.4091796875 0.5625 0.38671875 0.515625 0.3759765625 0.46875 0.3779296875 0.43229166709183675 0.3916015625
11 0.5013020829081632 0.7568359375 0.578125 0.8017578125 0.6588541670918366 0.7998046875 0.7408854170918366 0.7392578125 0.734375 0.732421875 0.7057291670918366 0.72265625 0.5260416670918368 0.6748046875 0.5026041670918368 0.6708984375 0.49348958290816325 0.673828125 0.5013020829081632 0.7568359375
11 0.5833333329081632 0.8017578125 0.6484375 0.80078125 0.6979166670918366 0.76171875 0.6888020829081634 0.7529296875 0.5208333329081632 0.7080078125 0.53125 0.7666015625 0.5403645829081632 0.7763671875 0.5833333329081632 0.8017578125
4 0.46875 0.4873046875 0.41276041709183675 0.4677734375 0.34895833290816325 0.451171875 0.33854166709183675 0.4521484375 0.328125 0.4599609375 0.31640625 0.48046875 0.3151041670918367 0.50390625 0.3229166670918367 0.51953125 0.33723958290816325 0.533203125 0.36458333290816325 0.546875 0.39322916709183675 0.55078125 0.43489583290816325 0.5439453125 0.45703125 0.5302734375 0.47005208290816325 0.51171875 0.47265625 0.4912109375 0.46875 0.4873046875
3 0.8697916670918366 0.5234375 0.8828125 0.521484375 0.9036458329081634 0.5029296875 0.9010416670918366 0.4931640625 0.8815104170918366 0.484375 0.8606770829081634 0.486328125 0.84765625 0.4951171875 0.8541666670918366 0.5146484375 0.8697916670918366 0.5234375
3 0.9388020829081634 0.5390625 0.9622395829081634 0.541015625 0.9778645829081634 0.5322265625 0.9778645829081634 0.51953125 0.96484375 0.5087890625 0.9440104170918366 0.5078125 0.9309895829081634 0.51171875 0.9283854170918366 0.5283203125 0.9388020829081634 0.5390625
3 0.8828125 0.54296875 0.9049479170918366 0.5458984375 0.9153645829081634 0.5400390625 0.92578125 0.515625 0.9166666670918366 0.5078125 0.9075520829081634 0.5078125 0.8723958329081634 0.533203125 0.87109375 0.537109375 0.8828125 0.54296875
11 0.9674479170918366 0.419921875 0.9427083329081634 0.4140625 0.9088541670918366 0.4130859375 0.8645833329081634 0.4208984375 0.8385416670918366 0.4326171875 0.8111979170918366 0.4521484375 0.7955729170918366 0.474609375 0.79296875 0.5068359375 0.7981770829081634 0.5205078125 0.8177083329081634 0.541015625 0.84765625 0.5556640625 0.8932291670918366 0.564453125 0.9283854170918366 0.5634765625 0.96484375 0.5537109375 0.9986979170918366 0.5322265625 0.9986979170918366 0.4375 0.9674479170918366 0.419921875
4 0.7565104170918366 0.3486328125 0.73046875 0.375 0.7330729170918366 0.3916015625 0.7630208329081634 0.4150390625 0.8076171875 0.4072265625 0.8515625 0.4091796875 0.8684895829081634 0.400390625 0.8802083329081634 0.3876953125 0.8776041670918366 0.37890625 0.8645833329081634 0.369140625 0.7721354170918366 0.3447265625 0.7565104170918366 0.3486328125
5 0.6848958329081634 0.3955078125 0.68359375 0.408203125 0.69921875 0.4404296875 0.7083333329081634 0.48046875 0.734375 0.4853515625 0.7747395829081634 0.4736328125 0.7838541670918366 0.4541015625 0.76953125 0.4248046875 0.7291666670918366 0.392578125 0.7044270829081634 0.390625 0.6848958329081634 0.3955078125
5 0.51953125 0.4873046875 0.5169270829081632 0.5126953125 0.5104166670918368 0.5244140625 0.49739583290816325 0.525390625 0.47265625 0.51953125 0.47135416709183675 0.533203125 0.48177083290816325 0.546875 0.49609375 0.5556640625 0.5130208329081632 0.5546875 0.5286458329081632 0.5380859375 0.5572916670918368 0.5234375 0.5533854170918368 0.494140625 0.5390625 0.4833984375 0.5247395829081632 0.4833984375 0.51953125 0.4873046875
7 0.5625 0.5322265625 0.5455729170918368 0.533203125 0.5169270829081632 0.5537109375 0.5104166670918368 0.5654296875 0.5 0.572265625 0.5013020829081632 0.583984375 0.515625 0.5947265625 0.5416666670918368 0.59765625 0.5559895829081632 0.59375 0.5572916670918368 0.5888671875 0.5390625 0.5654296875 0.5494791670918368 0.5556640625 0.5768229170918368 0.5478515625 0.5794270829081632 0.5380859375 0.5625 0.5322265625
0 0.2604166670918367 0.537109375 0.2734375 0.552734375 0.29296875 0.564453125 0.3151041670918367 0.5634765625 0.33072916709183675 0.5537109375 0.33333333290816325 0.54296875 0.328125 0.53125 0.31640625 0.5341796875 0.2630208329081633 0.533203125 0.2604166670918367 0.537109375
7 0.16666666709183672 0.23828125 0.15234375 0.2578125 0.14713541709183675 0.275390625 0.14713541709183675 0.2978515625 0.15234375 0.314453125 0.15755208290816325 0.3173828125 0.2682291670918367 0.2890625 0.2682291670918367 0.2802734375 0.2526041670918367 0.2529296875 0.22786458290816328 0.21484375 0.22005208290816328 0.2119140625 0.18880208290816328 0.22265625 0.16666666709183672 0.23828125
1 0.24609375 0.18359375 0.23046875 0.1796875 0.22135416709183672 0.181640625 0.2265625 0.2001953125 0.24088541709183672 0.2021484375 0.24739583290816328 0.1943359375 0.24609375 0.18359375
1 0.3098958329081633 0.275390625 0.30859375 0.265625 0.2838541670918367 0.263671875 0.28515625 0.2802734375 0.2942708329081633 0.28515625 0.3046875 0.283203125 0.3098958329081633 0.275390625
1 0.45442708290816325 0.2236328125 0.45963541709183675 0.2158203125 0.45963541709183675 0.201171875 0.44401041709183675 0.19921875 0.43489583290816325 0.2021484375 0.43489583290816325 0.2109375 0.4453125 0.22265625 0.45442708290816325 0.2236328125
1 0.5221354170918368 0.28125 0.5143229170918368 0.27734375 0.49609375 0.279296875 0.49739583290816325 0.2939453125 0.50390625 0.3017578125 0.51171875 0.302734375 0.5221354170918368 0.28125
1 0.40885416709183675 0.3388671875 0.41666666709183675 0.3310546875 0.41536458290816325 0.3212890625 0.40234375 0.31640625 0.390625 0.318359375 0.39192708290816325 0.333984375 0.40104166709183675 0.33984375 0.40885416709183675 0.3388671875
1 0.34635416709183675 0.3623046875 0.3359375 0.359375 0.3203125 0.3623046875 0.32682291709183675 0.3798828125 0.34114583290816325 0.3828125 0.34895833290816325 0.373046875 0.34635416709183675 0.3623046875
6 0.6184895829081632 0.3505859375 0.6341145829081632 0.3447265625 0.6328125 0.3349609375 0.6119791670918368 0.3291015625 0.6028645829081632 0.33203125 0.6015625 0.33984375 0.6080729170918368 0.349609375 0.6184895829081632 0.3505859375
4 0.6731770829081634 0.287109375 0.6744791670918366 0.2763671875 0.65625 0.2607421875 0.6380208329081632 0.255859375 0.625 0.2568359375 0.5768229170918368 0.2958984375 0.5520833329081632 0.302734375 0.5520833329081632 0.3134765625 0.5638020829081632 0.326171875 0.5807291670918368 0.333984375 0.6002604170918368 0.333984375 0.60546875 0.3310546875 0.6002604170918368 0.3134765625 0.6067708329081632 0.298828125 0.6223958329081632 0.29296875 0.6653645829081634 0.29296875 0.6731770829081634 0.287109375
4 0.6575520829081634 0.1982421875 0.6354166670918368 0.1884765625 0.6158854170918368 0.1875 0.6080729170918368 0.1962890625 0.5989583329081632 0.22265625 0.5651041670918368 0.2314453125 0.5416666670918368 0.2294921875 0.5299479170918368 0.2373046875 0.53125 0.2490234375 0.5442708329081632 0.26171875 0.5716145829081632 0.2734375 0.5924479170918368 0.275390625 0.60546875 0.2705078125 0.6354166670918368 0.2451171875 0.671875 0.2353515625 0.6770833329081634 0.2236328125 0.6705729170918366 0.2099609375 0.6575520829081634 0.1982421875
4 0.38411458290816325 0.1455078125 0.3671875 0.162109375 0.36588541709183675 0.177734375 0.375 0.189453125 0.41015625 0.1728515625 0.42838541709183675 0.17578125 0.45572916709183675 0.19140625 0.46744791709183675 0.1796875 0.46484375 0.150390625 0.44921875 0.1376953125 0.40104166709183675 0.1396484375 0.38411458290816325 0.1455078125
4 0.8515625 0.1103515625 0.8307291670918366 0.1015625 0.81640625 0.1044921875 0.8046875 0.1181640625 0.8046875 0.1328125 0.8190104170918366 0.146484375 0.8372395829081634 0.17578125 0.8463541670918366 0.1796875 0.8736979170918366 0.1796875 0.8893229170918366 0.17578125 0.9322916670918366 0.1376953125 0.9309895829081634 0.1298828125 0.9231770829081634 0.125 0.8515625 0.1103515625
0 0.85546875 0.2236328125 0.8541666670918366 0.2294921875 0.859375 0.232421875 0.88671875 0.234375 0.93359375 0.197265625 0.9661458329081634 0.1787109375 0.9674479170918366 0.173828125 0.9453125 0.142578125 0.9296875 0.146484375 0.8893229170918366 0.1796875 0.85546875 0.2236328125
1 0.9049479170918366 0.275390625 0.9127604170918366 0.275390625 0.921875 0.26953125 0.9244791670918366 0.25390625 0.8997395829081634 0.2529296875 0.89453125 0.2568359375 0.8958333329081634 0.2685546875 0.9049479170918366 0.275390625
1 0.9895833329081634 0.1884765625 0.97265625 0.1875 0.9609375 0.1923828125 0.9661458329081634 0.2099609375 0.9765625 0.212890625 0.98828125 0.2060546875 0.9895833329081634 0.1884765625
1 0.9544270829081634 0.3359375 0.9466145829081634 0.3310546875 0.9244791670918366 0.3349609375 0.9231770829081634 0.345703125 0.9309895829081634 0.3515625 0.9440104170918366 0.3505859375 0.9544270829081634 0.3359375
11 0.6575520829081634 0.501953125 0.6497395829081632 0.521484375 0.6471354170918368 0.5439453125 0.66015625 0.6015625 0.6744791670918366 0.609375 0.7239583329081634 0.6220703125 0.7265625 0.619140625 0.71484375 0.6005859375 0.6861979170918366 0.59765625 0.6692708329081634 0.5830078125 0.6744791670918366 0.53125 0.6575520829081634 0.501953125
4 0.671875 0.5859375 0.6901041670918366 0.59765625 0.7135416670918366 0.59765625 0.7356770829081634 0.583984375 0.7330729170918366 0.5634765625 0.7135416670918366 0.5458984375 0.6979166670918366 0.5185546875 0.6861979170918366 0.5185546875 0.6731770829081634 0.5302734375 0.671875 0.5859375
10 0.42057291709183675 0.791015625 0.43489583290816325 0.8037109375 0.44921875 0.8076171875 0.4921875 0.77734375 0.49869791709183675 0.7568359375 0.48828125 0.7421875 0.46484375 0.7294921875 0.43880208290816325 0.73046875 0.421875 0.744140625 0.42057291709183675 0.791015625
2 0.49479166709183675 0.66015625 0.49479166709183675 0.666015625 0.5143229170918368 0.6689453125 0.5208333329081632 0.646484375 0.5052083329081632 0.640625 0.49479166709183675 0.66015625
9 0.5182291670918368 0.6357421875 0.5169270829081632 0.6416015625 0.5221354170918368 0.64453125 0.5416666670918368 0.6201171875 0.5338541670918368 0.62109375 0.5182291670918368 0.6357421875
9 0.42838541709183675 0.552734375 0.42057291709183675 0.5537109375 0.390625 0.5732421875 0.39322916709183675 0.578125 0.40364583290816325 0.57421875 0.42838541709183675 0.55859375 0.42838541709183675 0.552734375
9 0.91796875 0.6611328125 0.9140625 0.6591796875 0.90625 0.6630859375 0.890625 0.6748046875 0.8919270829081634 0.6787109375 0.8984375 0.677734375 0.91796875 0.6611328125
9 0.10416666709183674 0.6396484375 0.10416666709183674 0.6474609375 0.14322916709183675 0.6640625 0.1484375 0.6630859375 0.14583333290816325 0.6552734375 0.10416666709183674 0.6396484375
9 0.2552083329081633 0.5732421875 0.25390625 0.58203125 0.2721354170918367 0.5849609375 0.2890625 0.5634765625 0.2734375 0.556640625 0.2552083329081633 0.5732421875
1 0.2760416670918367 0.45703125 0.2760416670918367 0.4423828125 0.2513020829081633 0.439453125 0.24739583290816328 0.451171875 0.2526041670918367 0.4599609375 0.2682291670918367 0.4638671875 0.2760416670918367 0.45703125
4 0.22005208290816328 0.369140625 0.23958333290816328 0.365234375 0.2578125 0.3525390625 0.2721354170918367 0.3349609375 0.2721354170918367 0.3046875 0.22265625 0.3046875 0.1953125 0.3095703125 0.19270833290816328 0.31640625 0.22005208290816328 0.369140625
11 0 0.6220703125 0.010416667091836735 0.623046875 0.06119791709183673 0.607421875 0.11458333290816326 0.55859375 0.1171875 0.5458984375 0.109375 0.4912109375 0.024739582908163266 0.453125 0.00390625 0.4501953125 0 0.4521484375 0 0.6220703125
4 0.15364583290816325 0.1923828125 0.18880208290816328 0.189453125 0.20572916709183672 0.171875 0.19921875 0.158203125 0.16927083290816328 0.150390625 0.14713541709183675 0.1513671875 0.12890625 0.1640625 0.13151041709183675 0.181640625 0.15364583290816325 0.1923828125
9 0.10546875 0.2236328125 0.10677083290816326 0.23046875 0.1171875 0.2275390625 0.14583333290816325 0.19140625 0.13541666709183675 0.1904296875 0.10546875 0.2236328125
9 0.05989583290816327 0.181640625 0.05078125 0.1806640625 0.0390625 0.1943359375 0.029947917091836734 0.2060546875 0.03255208290816326 0.2099609375 0.04427083290816327 0.2060546875 0.05989583290816327 0.181640625
9 0.34244791709183675 0.19921875 0.33984375 0.2041015625 0.34635416709183675 0.2060546875 0.375 0.19140625 0.3671875 0.1875 0.34244791709183675 0.19921875
9 0.8151041670918366 0.1982421875 0.8125 0.203125 0.8216145829081634 0.205078125 0.8424479170918366 0.1787109375 0.8372395829081634 0.1767578125 0.8151041670918366 0.1982421875
4 0.33723958290816325 0.6259765625 0.34114583290816325 0.6298828125 0.3515625 0.626953125 0.36848958290816325 0.60546875 0.36588541709183675 0.5849609375 0.35546875 0.5830078125 0.32421875 0.5947265625 0.3203125 0.599609375 0.33723958290816325 0.6259765625
4 0.22916666709183672 0.5283203125 0.2591145829081633 0.521484375 0.2786458329081633 0.498046875 0.2721354170918367 0.4931640625 0.23567708290816328 0.4873046875 0.22916666709183672 0.4873046875 0.2265625 0.4931640625 0.22135416709183672 0.5263671875 0.22916666709183672 0.5283203125
4 0.21875 0.5263671875 0.2265625 0.4873046875 0.18359375 0.4814453125 0.17057291709183672 0.4814453125 0.17447916709183672 0.50390625 0.19010416709183672 0.5185546875 0.21875 0.5263671875
2 0.7447916670918366 0.6416015625 0.74609375 0.6328125 0.734375 0.6328125 0.7330729170918366 0.6416015625 0.7447916670918366 0.6416015625
1 0.005208332908163265 0.3212890625 0.0078125 0.3310546875 0.01953125 0.3369140625 0.028645832908163266 0.3291015625 0.03255208290816326 0.3125 0.028645832908163266 0.30859375 0.013020832908163265 0.30859375 0.005208332908163265 0.3134765625 0.005208332908163265 0.3212890625
7 0.09244791709183674 0.2431640625 0.06380208290816326 0.2578125 0.05338541709183673 0.2734375 0.05338541709183673 0.2890625 0.06640625 0.3154296875 0.07942708290816326 0.326171875 0.1015625 0.328125 0.11067708290816326 0.32421875 0.12109375 0.2841796875 0.13802083290816325 0.2646484375 0.13932291709183675 0.25390625 0.12890625 0.24609375 0.09244791709183674 0.2431640625
11 0 0.8173828125 0.03385416709183674 0.8330078125 0.05598958290816327 0.8369140625 0.07552083290816326 0.833984375 0.14192708290816325 0.8095703125 0.13932291709183675 0.75 0.12760416709183675 0.6728515625 0.0013020829081632655 0.7236328125 0.005208332908163265 0.8046875 0 0.8056640625 0 0.8173828125
8 0 0.8037109375 0.00390625 0.80859375 0.015625 0.8173828125 0.04427083290816327 0.8271484375 0.05338541709183673 0.826171875 0.06119791709183673 0.818359375 0.08723958290816326 0.8173828125 0.10807291709183674 0.787109375 0.10807291709183674 0.7724609375 0.09635416709183674 0.7509765625 0.0703125 0.7353515625 0.04296875 0.732421875 0.01953125 0.7373046875 0 0.751953125 0 0.8037109375
8 0.40755208290816325 0.7431640625 0.38671875 0.7333984375 0.37239583290816325 0.7314453125 0.34895833290816325 0.734375 0.32682291709183675 0.7431640625 0.3072916670918367 0.767578125 0.3059895829081633 0.7822265625 0.3138020829081633 0.798828125 0.328125 0.8095703125 0.35416666709183675 0.8154296875 0.37239583290816325 0.814453125 0.40104166709183675 0.8037109375 0.41536458290816325 0.7900390625 0.421875 0.7685546875 0.41666666709183675 0.7529296875 0.40755208290816325 0.7431640625