8 0.5546875 0.3193359375 0.5533854170918368 0.2861328125 0.5442708329081632 0.263671875 0.5364583329081632 0.251953125 0.5182291670918368 0.23828125 0.49088541709183675 0.2314453125 0.4609375 0.2353515625 0.44010416709183675 0.2509765625 0.42447916709183675 0.2744140625 0.39973958290816325 0.2890625 0.36979166709183675 0.28125 0.34505208290816325 0.283203125 0.32682291709183675 0.2919921875 0.3138020829081633 0.3115234375 0.31640625 0.345703125 0.32682291709183675 0.3623046875 0.34505208290816325 0.3759765625 0.43619791709183675 0.408203125 0.45963541709183675 0.42578125 0.47265625 0.443359375 0.48828125 0.4384765625 0.5299479170918368 0.388671875 0.546875 0.3525390625 0.5546875 0.3193359375
8 0.39713541709183675 0.576171875 0.390625 0.52734375 0.359375 0.4931640625 0.33072916709183675 0.4814453125 0.30078125 0.478515625 0.2747395829081633 0.4853515625 0.24609375 0.5009765625 0.18880208290816328 0.494140625 0.17447916709183672 0.498046875 0.15755208290816325 0.509765625 0.140625 0.54296875 0.140625 0.5634765625 0.1484375 0.5859375 0.19140625 0.6279296875 0.2526041670918367 0.6640625 0.2747395829081633 0.7021484375 0.2825520829081633 0.703125 0.3098958329081633 0.693359375 0.35286458290816325 0.6640625 0.3828125 0.6220703125 0.39713541709183675 0.576171875
4 0.7083333329081634 0.666015625 0.7291666670918366 0.654296875 0.71875 0.6376953125 0.7200520829081634 0.6171875 0.7135416670918366 0.607421875 0.6940104170918366 0.59765625 0.640625 0.58984375 0.625 0.591796875 0.6106770829081632 0.6015625 0.5950520829081632 0.6328125 0.5572916670918368 0.6640625 0.5247395829081632 0.6748046875 0.51171875 0.685546875 0.48697916709183675 0.6787109375 0.46744791709183675 0.681640625 0.4609375 0.6884765625 0.45963541709183675 0.724609375 0.46875 0.73828125 0.5143229170918368 0.759765625 0.5494791670918368 0.76171875 0.5677083329081632 0.7587890625 0.6432291670918368 0.724609375 0.6744791670918366 0.7021484375 0.6966145829081634 0.6767578125 0.70703125 0.67578125 0.7083333329081634 0.666015625
8 0.35677083290816325 0 0.33723958290816325 0.0185546875 0.3138020829081633 0.03125 0.2721354170918367 0.033203125 0.2552083329081633 0.0537109375 0.2552083329081633 0.0703125 0.265625 0.0966796875 0.2786458329081633 0.109375 0.31640625 0.130859375 0.34375 0.1748046875 0.36067708290816325 0.1748046875 0.39453125 0.1474609375 0.43229166709183675 0.0947265625 0.4453125 0.048828125 0.44401041709183675 0.03125 0.43619791709183675 0.015625 0.41015625 0 0.35677083290816325 0
8 0.07942708290816326 0.0244140625 0.06640625 0.0302734375 0.05859375 0.0419921875 0.022135417091836734 0.0517578125 0.013020832908163265 0.0634765625 0.014322917091836735 0.0810546875 0.03515625 0.1103515625 0.09375 0.154296875 0.09895833290816326 0.1533203125 0.125 0.123046875 0.13932291709183675 0.0888671875 0.14322916709183675 0.0546875 0.13411458290816325 0.0341796875 0.1171875 0.0244140625 0.07942708290816326 0.0244140625
8 0.44140625 0.470703125 0.43359375 0.4794921875 0.43229166709183675 0.4931640625 0.43880208290816325 0.50390625 0.49739583290816325 0.5458984375 0.5247395829081632 0.5263671875 0.54296875 0.5009765625 0.54296875 0.4755859375 0.5325520829081632 0.46484375 0.5182291670918368 0.4599609375 0.45442708290816325 0.4658203125 0.44140625 0.470703125
3 0.3046875 0.4248046875 0.3059895829081633 0.451171875 0.3190104170918367 0.46484375 0.33854166709183675 0.466796875 0.35026041709183675 0.4638671875 0.36979166709183675 0.44921875 0.37369791709183675 0.4287109375 0.35807291709183675 0.4150390625 0.32421875 0.41015625 0.3098958329081633 0.416015625 0.3046875 0.4248046875
3 0.6341145829081632 0.3251953125 0.6171875 0.31640625 0.58203125 0.3212890625 0.5794270829081632 0.3291015625 0.59375 0.359375 0.6263020829081632 0.359375 0.6341145829081632 0.3251953125
3 0.6848958329081634 0.439453125 0.6653645829081634 0.4375 0.6536458329081634 0.4404296875 0.65234375 0.4462890625 0.6640625 0.4599609375 0.6653645829081634 0.4697265625 0.6861979170918366 0.494140625 0.6940104170918366 0.4951171875 0.70703125 0.482421875 0.7278645829081634 0.4736328125 0.7317708329081634 0.4619140625 0.7200520829081634 0.4521484375 0.6848958329081634 0.439453125
3 0.8177083329081634 0.619140625 0.8424479170918366 0.6201171875 0.8619791670918366 0.5703125 0.85546875 0.56640625 0.7877604170918366 0.5693359375 0.78515625 0.578125 0.7981770829081634 0.6123046875 0.8177083329081634 0.619140625
3 0.40494791709183675 0.1953125 0.39322916709183675 0.203125 0.39583333290816325 0.2265625 0.40625 0.2333984375 0.41927083290816325 0.2333984375 0.42708333290816325 0.2421875 0.45442708290816325 0.2353515625 0.45963541709183675 0.2197265625 0.47526041709183675 0.2138671875 0.46744791709183675 0.197265625 0.44401041709183675 0.185546875 0.40494791709183675 0.1953125
1 0.15494791709183675 0.248046875 0.14583333290816325 0.2421875 0.11588541709183674 0.248046875 0.11328125 0.25390625 0.14713541709183675 0.27734375 0.15755208290816325 0.259765625 0.15494791709183675 0.248046875
1 0.04557291709183673 0.1865234375 0.05989583290816327 0.19921875 0.07421875 0.2099609375 0.08072916709183674 0.208984375 0.08984375 0.189453125 0.08463541709183674 0.1787109375 0.078125 0.1748046875 0.06510416709183674 0.1748046875 0.046875 0.1806640625 0.04557291709183673 0.1865234375
11 0.18880208290816328 0.802734375 0.18619791709183672 0.810546875 0.39713541709183675 0.748046875 0.3138020829081633 0.71875 0.296875 0.716796875 0.18880208290816328 0.802734375
3 0.3671875 0.6787109375 0.3828125 0.69140625 0.37760416709183675 0.71484375 0.41015625 0.71484375 0.43619791709183675 0.703125 0.43619791709183675 0.6875 0.41666666709183675 0.6669921875 0.38802083290816325 0.6650390625 0.36848958290816325 0.6728515625 0.3671875 0.6787109375
9 0.34895833290816325 0.685546875 0.34635416709183675 0.6884765625 0.35416666709183675 0.6943359375 0.375 0.6865234375 0.3671875 0.6796875 0.34895833290816325 0.685546875
9 0.38411458290816325 0.2412109375 0.3828125 0.2470703125 0.3984375 0.2548828125 0.41666666709183675 0.234375 0.39583333290816325 0.2294921875 0.38411458290816325 0.2412109375
9 0.22265625 0.0361328125 0.21875 0.046875 0.234375 0.0498046875 0.24739583290816328 0.0322265625 0.2265625 0.0302734375 0.22265625 0.0361328125
9 0.0390625 0.0400390625 0.026041667091836734 0.0361328125 0.018229167091836734 0.0419921875 0.014322917091836735 0.048828125 0.018229167091836734 0.0537109375 0.04427083290816327 0.046875 0.0390625 0.0400390625
3 0.5481770829081632 0.2509765625 0.5546875 0.26171875 0.57421875 0.271484375 0.5846354170918368 0.2705078125 0.59375 0.255859375 0.5924479170918368 0.2421875 0.5846354170918368 0.2333984375 0.5625 0.232421875 0.5494791670918368 0.23828125 0.5481770829081632 0.2509765625