10 0.38046875 0.4482421875 0.38178234375000003 0.458984375 0.4316988958333334 0.4716796875 0.5958980770833333 0.470703125 0.6182291666666667 0.466796875 0.6156019791666666 0.4423828125 0.5932708916666667 0.4091796875 0.5630582416666667 0.38671875 0.5157688770833333 0.3759765625 0.46847951250000003 0.3779296875 0.4316988958333334 0.3916015625 0.4027998395833333 0.4111328125 0.38046875 0.4482421875
11 0.65920504375 0.7998046875 0.7419270833333333 0.7392578125 0.7353618416666666 0.732421875 0.70647478125 0.72265625 0.5252741229166666 0.6748046875 0.5016392541666667 0.6708984375 0.49244791666666665 0.673828125 0.50032620625 0.7568359375 0.5777960520833333 0.8017578125 0.65920504375 0.7998046875
11 0.6989583333333333 0.76171875 0.68973651875 0.7529296875 0.5197916666666667 0.7080078125 0.5303308833333333 0.7666015625 0.5395526958333333 0.7763671875 0.5830269604166667 0.8017578125 0.6488970583333333 0.80078125 0.6989583333333333 0.76171875
4 0.34836432500000003 0.451171875 0.3378099166666667 0.4521484375 0.3272555104166667 0.4599609375 0.3153818 0.48046875 0.3140625 0.50390625 0.32197830625 0.51953125 0.3364906166666667 0.533203125 0.3641959375 0.546875 0.39322055833333336 0.55078125 0.43543818958333336 0.5439453125 0.4578663041666667 0.5302734375 0.47105931458333333 0.51171875 0.47369791666666666 0.4912109375 0.46974001458333337 0.4873046875 0.41301007291666664 0.4677734375 0.34836432500000003 0.451171875
3 0.9046875 0.5029296875 0.9019864333333333 0.4931640625 0.8817284395833334 0.484375 0.8601199125 0.486328125 0.8466145833333333 0.4951171875 0.8533672479166667 0.5146484375 0.86957364375 0.5234375 0.8830789729166667 0.521484375 0.9046875 0.5029296875
3 0.97890625 0.5322265625 0.97890625 0.51953125 0.9653371708333334 0.5087890625 0.9436266437499999 0.5078125 0.9300575666666667 0.51171875 0.92734375 0.5283203125 0.9381990125 0.5390625 0.9626233562500001 0.541015625 0.97890625 0.5322265625
3 0.916009425 0.5400390625 0.9268229166666667 0.515625 0.9173611104166667 0.5078125 0.90789930625 0.5078125 0.8714037708333334 0.533203125 0.8700520833333333 0.537109375 0.8822172625 0.54296875 0.9051959333333334 0.5458984375 0.916009425 0.5400390625
11 0.9089860229166666 0.4130859375 0.8642668770833333 0.4208984375 0.8379614979166666 0.4326171875 0.81034085 0.4521484375 0.7945576208333333 0.474609375 0.7919270833333333 0.5068359375 0.7971881583333332 0.5205078125 0.8169171937499999 0.541015625 0.84716838125 0.5556640625 0.8932027958333334 0.564453125 0.9287150583333333 0.5634765625 0.9655425895833333 0.5537109375 0.9997395833333333 0.5322265625 0.9997395833333333 0.4375 0.9681731270833333 0.419921875 0.9431830166666667 0.4140625 0.9089860229166666 0.4130859375
4 0.73206748125 0.3916015625 0.7624320645833333 0.4150390625 0.8076488895833334 0.4072265625 0.8522056166666666 0.4091796875 0.86936820625 0.400390625 0.88125 0.3876953125 0.8786096020833334 0.37890625 0.8654076083333333 0.369140625 0.7716734604166666 0.3447265625 0.7558310687500001 0.3486328125 0.7294270833333333 0.375 0.73206748125 0.3916015625
5 0.6985017583333334 0.4404296875 0.7078057354166667 0.48046875 0.7343885291666666 0.4853515625 0.7755918562499999 0.4736328125 0.7848958333333333 0.4541015625 0.7702752979166667 0.4248046875 0.72907196875 0.392578125 0.7038183166666666 0.390625 0.6838812229166666 0.3955078125 0.6825520833333333 0.408203125 0.6985017583333334 0.4404296875
5 0.51032196875 0.5244140625 0.4969854791666667 0.525390625 0.47164615 0.51953125 0.4703125 0.533203125 0.4809816916666667 0.546875 0.49565183125 0.5556640625 0.5129892666666667 0.5546875 0.5289930562499999 0.5380859375 0.5583333333333333 0.5234375 0.5543323854166666 0.494140625 0.5396622479166666 0.4833984375 0.5249921083333333 0.4833984375 0.5196575125 0.4873046875 0.5169902145833334 0.5126953125 0.51032196875 0.5244140625
7 0.51632940625 0.5537109375 0.509648225 0.5654296875 0.49895833333333334 0.572265625 0.50029456875 0.583984375 0.51499316875 0.5947265625 0.5417178958333333 0.59765625 0.5564164958333334 0.59375 0.55775273125 0.5888671875 0.5390454229166667 0.5654296875 0.5497353145833334 0.5556640625 0.5777962770833334 0.5478515625 0.58046875 0.5380859375 0.5630976770833332 0.5322265625 0.5457266041666667 0.533203125 0.51632940625 0.5537109375
0 0.29285714375 0.564453125 0.315625 0.5634765625 0.33169642916666664 0.5537109375 0.334375 0.54296875 0.32901785625 0.53125 0.31696428541666666 0.5341796875 0.2620535708333333 0.533203125 0.259375 0.537109375 0.27276785625 0.552734375 0.29285714375 0.564453125
7 0.14609375 0.275390625 0.14609375 0.2978515625 0.15139168958333335 0.314453125 0.15668962916666668 0.3173828125 0.26927083333333335 0.2890625 0.26927083333333335 0.2802734375 0.2533770166666667 0.2529296875 0.22821180625 0.21484375 0.22026489791666667 0.2119140625 0.18847726250000002 0.22265625 0.16596102083333333 0.23828125 0.15139168958333335 0.2578125 0.14609375 0.275390625
1 0.2203125 0.181640625 0.2259375 0.2001953125 0.24140625 0.2021484375 0.2484375 0.1943359375 0.24703125 0.18359375 0.23015624999999998 0.1796875 0.2203125 0.181640625
1 0.2828125 0.263671875 0.28421875 0.2802734375 0.2940625 0.28515625 0.30531250000000004 0.283203125 0.3109375 0.275390625 0.30953125 0.265625 0.2828125 0.263671875
1 0.46067708333333335 0.201171875 0.44373629375 0.19921875 0.43385416666666665 0.2021484375 0.43385416666666665 0.2109375 0.44514802708333334 0.22265625 0.4550301541666667 0.2236328125 0.46067708333333335 0.2158203125 0.46067708333333335 0.201171875
1 0.49505208333333334 0.279296875 0.49645833333333333 0.2939453125 0.5034895833333334 0.3017578125 0.5119270833333334 0.302734375 0.5231770833333333 0.28125 0.5147395833333334 0.27734375 0.49505208333333334 0.279296875
1 0.4163020833333333 0.3212890625 0.4022395833333333 0.31640625 0.38958333333333334 0.318359375 0.39098958333333333 0.333984375 0.4008333333333333 0.33984375 0.4092708333333333 0.3388671875 0.41770833333333335 0.3310546875 0.4163020833333333 0.3212890625
1 0.31927083333333334 0.3623046875 0.32625473541666666 0.3798828125 0.34161931875 0.3828125 0.35 0.373046875 0.3472064395833333 0.3623046875 0.33603219791666666 0.359375 0.31927083333333334 0.3623046875
6 0.6337708333333333 0.3349609375 0.6116041666666666 0.3291015625 0.6019062500000001 0.33203125 0.6005208333333333 0.33984375 0.6074479166666666 0.349609375 0.61853125 0.3505859375 0.63515625 0.3447265625 0.6337708333333333 0.3349609375
4 0.6569813833333333 0.2607421875 0.6384419333333333 0.255859375 0.6251994687500001 0.2568359375 0.5762023500000001 0.2958984375 0.5510416666666667 0.302734375 0.5510416666666667 0.3134765625 0.5629598854166667 0.326171875 0.5801750895833333 0.333984375 0.6000387854166667 0.333984375 0.6053357708333333 0.3310546875 0.6000387854166667 0.3134765625 0.60666001875 0.298828125 0.622550975 0.29296875 0.6662511083333332 0.29296875 0.6741965875000001 0.287109375 0.6755208333333333 0.2763671875 0.6569813833333333 0.2607421875
4 0.6160605645833334 0.1875 0.60813744375 0.1962890625 0.59889380625 0.22265625 0.5645602875000001 0.2314453125 0.5407909291666667 0.2294921875 0.52890625 0.2373046875 0.5302267708333334 0.2490234375 0.54343196875 0.26171875 0.5711628875 0.2734375 0.59229120625 0.275390625 0.6054964041666667 0.2705078125 0.6358683625 0.2451171875 0.6728429208333334 0.2353515625 0.678125 0.2236328125 0.6715224000000001 0.2099609375 0.6583172020833333 0.1982421875 0.6358683625 0.1884765625 0.6160605645833334 0.1875
4 0.36484375 0.177734375 0.3741453 0.189453125 0.41002270208333336 0.1728515625 0.42862580208333334 0.17578125 0.45653044791666664 0.19140625 0.46848958333333335 0.1796875 0.46583199791666663 0.150390625 0.4498864854166667 0.1376953125 0.4007211541666667 0.1396484375 0.38344684791666667 0.1455078125 0.36617254375 0.162109375 0.36484375 0.177734375
4 0.8155559104166666 0.1044921875 0.8036458333333333 0.1181640625 0.8036458333333333 0.1328125 0.8182025937499999 0.146484375 0.8367293791666667 0.17578125 0.8459927729166666 0.1796875 0.8737829500000001 0.1796875 0.8896630520833334 0.17578125 0.9333333333333333 0.1376953125 0.9320099916666666 0.1298828125 0.9240699395833333 0.125 0.8512861395833333 0.1103515625 0.8301126708333334 0.1015625 0.8155559104166666 0.1044921875
0 0.8584291187499999 0.232421875 0.8862757416666667 0.234375 0.9340128104166666 0.197265625 0.9671635541666667 0.1787109375 0.9684895833333333 0.173828125 0.9459470791666666 0.142578125 0.9300347229166667 0.146484375 0.8889278020833333 0.1796875 0.8544510291666667 0.2236328125 0.853125 0.2294921875 0.8584291187499999 0.232421875
1 0.92273550625 0.26953125 0.9255208333333333 0.25390625 0.8990602354166667 0.2529296875 0.8934895833333333 0.2568359375 0.8948822458333333 0.2685546875 0.9046308875 0.275390625 0.9129868666666667 0.275390625 0.92273550625 0.26953125
1 0.9598958333333333 0.1923828125 0.9654829541666667 0.2099609375 0.9766571979166667 0.212890625 0.98922821875 0.2060546875 0.990625 0.1884765625 0.97246685625 0.1875 0.9598958333333333 0.1923828125
1 0.92352430625 0.3349609375 0.9221354166666667 0.345703125 0.93046875 0.3515625 0.9443576395833334 0.3505859375 0.95546875 0.3359375 0.9471354166666667 0.3310546875 0.92352430625 0.3349609375
11 0.64609375 0.5439453125 0.6594561124999999 0.6015625 0.6741547125 0.609375 0.72493169375 0.6220703125 0.7276041666666667 0.619140625 0.7155780395833333 0.6005859375 0.6861808395833333 0.59765625 0.66880976875 0.5830078125 0.6741547125 0.53125 0.6567836416666667 0.501953125 0.6487662229166666 0.521484375 0.64609375 0.5439453125
4 0.71386054375 0.59765625 0.73671875 0.583984375 0.73402955 0.5634765625 0.71386054375 0.5458984375 0.6977253395833334 0.5185546875 0.6856239375000001 0.5185546875 0.6721779333333333 0.5302734375 0.6708333333333333 0.5859375 0.6896577374999999 0.59765625 0.71386054375 0.59765625
10 0.4489409729166667 0.8076171875 0.49305555624999997 0.77734375 0.49973958333333335 0.7568359375 0.48904513958333334 0.7421875 0.4649826395833333 0.7294921875 0.4382465270833333 0.73046875 0.42086805625 0.744140625 0.41953125 0.791015625 0.43423611041666665 0.8037109375 0.4489409729166667 0.8076171875
2 0.51484375 0.6689453125 0.521875 0.646484375 0.505 0.640625 0.49375 0.66015625 0.49375 0.666015625 0.51484375 0.6689453125
9 0.5215323458333333 0.64453125 0.5427083333333333 0.6201171875 0.5342379395833333 0.62109375 0.51729715 0.6357421875 0.5158854166666667 0.6416015625 0.5215323458333333 0.64453125
9 0.38958333333333334 0.5732421875 0.39233117916666665 0.578125 0.40332255833333336 0.57421875 0.42942708333333335 0.55859375 0.42942708333333335 0.552734375 0.4211835479166667 0.5537109375 0.38958333333333334 0.5732421875
9 0.9063988104166667 0.6630859375 0.8895833333333333 0.6748046875 0.8909846229166667 0.6787109375 0.8979910708333333 0.677734375 0.9190104166666667 0.6611328125 0.9148065479166667 0.6591796875 0.9063988104166667 0.6630859375
9 0.14402573541666666 0.6640625 0.14947916666666666 0.6630859375 0.14675245 0.6552734375 0.103125 0.6396484375 0.103125 0.6474609375 0.14402573541666666 0.6640625
9 0.2721739979166667 0.5849609375 0.29010416666666666 0.5634765625 0.27355324166666667 0.556640625 0.2542438270833333 0.5732421875 0.25286458333333334 0.58203125 0.2721739979166667 0.5849609375
1 0.25054450833333336 0.439453125 0.24635416666666668 0.451171875 0.2519412875 0.4599609375 0.2687026520833333 0.4638671875 0.27708333333333335 0.45703125 0.27708333333333335 0.4423828125 0.25054450833333336 0.439453125
4 0.25847848333333334 0.3525390625 0.27317708333333335 0.3349609375 0.27317708333333335 0.3046875 0.22240010208333333 0.3046875 0.19433913958333332 0.3095703125 0.19166666666666668 0.31640625 0.21972762916666666 0.369140625 0.239771175 0.365234375 0.25847848333333334 0.3525390625
11 0 0.6221662625 0.009560185416666667 0.623046875 0.0612442125 0.607421875 0.11557870416666667 0.55859375 0.11822916666666666 0.5458984375 0.11027777708333333 0.4912109375 0.024137731250000002 0.453125 0.0029340270833333334 0.4501953125 0 0.45163670156249996 0 0.6221662625
4 0.20677083333333332 0.171875 0.20008386250000001 0.158203125 0.1693238 0.150390625 0.14658810000000003 0.1513671875 0.12786458333333334 0.1640625 0.13053937083333333 0.181640625 0.15327507083333333 0.1923828125 0.18938471041666669 0.189453125 0.20677083333333332 0.171875
9 0.11675067291666667 0.2275390625 0.146875 0.19140625 0.13592069791666667 0.1904296875 0.10442708333333334 0.2236328125 0.10579637083333333 0.23046875 0.11675067291666667 0.2275390625
9 0.03865489166666667 0.1943359375 0.02890625 0.2060546875 0.03169157708333333 0.2099609375 0.04422554375 0.2060546875 0.0609375 0.181640625 0.05118885833333333 0.1806640625 0.03865489166666667 0.1943359375
9 0.3456983020833333 0.2060546875 0.37604166666666666 0.19140625 0.36776620416666667 0.1875 0.3415605708333333 0.19921875 0.33880208333333334 0.2041015625 0.3456983020833333 0.2060546875
9 0.8212069750000001 0.205078125 0.8434895833333333 0.1787109375 0.8379189312499999 0.1767578125 0.8142436604166666 0.1982421875 0.8114583333333333 0.203125 0.8212069750000001 0.205078125
4 0.3518721854166667 0.626953125 0.36953125 0.60546875 0.3668144708333333 0.5849609375 0.3559473541666666 0.5830078125 0.32334600208333336 0.5947265625 0.31927083333333334 0.599609375 0.33692989791666667 0.6259765625 0.3410050666666667 0.6298828125 0.3518721854166667 0.626953125
4 0.2796875 0.498046875 0.27294034166666664 0.4931640625 0.23515625 0.4873046875 0.22840909166666667 0.4873046875 0.22571022708333333 0.4931640625 0.2203125 0.5263671875 0.22840909166666667 0.5283203125 0.2594460229166667 0.521484375 0.2796875 0.498046875
4 0.18303657916666666 0.4814453125 0.16953125 0.4814453125 0.17358284791666667 0.50390625 0.18978924375 0.5185546875 0.21950096875 0.5263671875 0.22760416666666666 0.4873046875 0.18303657916666666 0.4814453125
2 0.7335416666666668 0.6328125 0.73203125 0.6416015625 0.745625 0.6416015625 0.7471354166666667 0.6328125 0.7335416666666668 0.6328125
1 0.019580854166666665 0.3369140625 0.029389881250000003 0.3291015625 0.03359375 0.3125 0.029389881250000003 0.30859375 0.012574404166666666 0.30859375 0.004166666666666667 0.3134765625 0.004166666666666667 0.3212890625 0.0069692458333333335 0.3310546875 0.019580854166666665 0.3369140625
7 0.05234375 0.2734375 0.05234375 0.2890625 0.06568023958333333 0.3154296875 0.07901672916666666 0.326171875 0.1016887625 0.328125 0.11102430625 0.32421875 0.12169349791666666 0.2841796875 0.13903093333333333 0.2646484375 0.14036458333333332 0.25390625 0.12969539166666666 0.24609375 0.09235321875000001 0.2431640625 0.06301294166666667 0.2578125 0.05234375 0.2734375
11 0 0.8178566265624999 0.03330944166666667 0.8330078125 0.05576978125 0.8369140625 0.07558772916666667 0.833984375 0.14296875 0.8095703125 0.14032635625 0.75 0.12843558958333331 0.6728515625 0.0002795291666666666 0.7236328125 0.00424311875 0.8046875 0 0.805471575 0 0.8178566265624999
8 0 0.8049883953125001 0.002939885416666667 0.80859375 0.0148845375 0.8173828125 0.044082581249999996 0.8271484375 0.053372866666666664 0.826171875 0.061335968750000004 0.818359375 0.08787964375 0.8173828125 0.10911458333333333 0.787109375 0.10911458333333333 0.7724609375 0.09716992916666665 0.7509765625 0.07062625416666667 0.7353515625 0.042755395833333334 0.732421875 0.018866089583333336 0.7373046875 0 0.75118665 0 0.8049883953125001
8 0.3725479875 0.7314453125 0.34868913958333336 0.734375 0.32615578125 0.7431640625 0.30627340833333333 0.767578125 0.30494791666666665 0.7822265625 0.31290086666666667 0.798828125 0.3274812729166667 0.8095703125 0.3539911041666667 0.8154296875 0.3725479875 0.814453125 0.4017088020833333 0.8037109375 0.4162892083333333 0.7900390625 0.42291666666666666 0.7685546875 0.4176147 0.7529296875 0.40833625833333337 0.7431640625 0.38712839375 0.7333984375 0.3725479875 0.7314453125