9 0.6705729170918366 0.6572265625 0.6731770829081634 0.6533203125 0.6640625 0.638671875 0.6614583329081634 0.623046875 0.65234375 0.62109375 0.6549479170918366 0.6552734375 0.6575520829081634 0.658203125 0.6705729170918366 0.6572265625
9 0.39583333290816325 0.4296875 0.40755208290816325 0.427734375 0.40885416709183675 0.421875 0.40364583290816325 0.4169921875 0.39713541709183675 0.4169921875 0.37760416709183675 0.4033203125 0.37109375 0.404296875 0.36848958290816325 0.4072265625 0.39583333290816325 0.4296875
9 0.30078125 0.3740234375 0.3033854170918367 0.3681640625 0.2942708329081633 0.361328125 0.2786458329081633 0.3330078125 0.2721354170918367 0.330078125 0.2682291670918367 0.3349609375 0.2877604170918367 0.3720703125 0.30078125 0.3740234375
9 0.45442708290816325 0.306640625 0.45963541709183675 0.3173828125 0.484375 0.3076171875 0.48567708290816325 0.302734375 0.47786458290816325 0.298828125 0.45442708290816325 0.306640625
9 0.3098958329081633 0.291015625 0.3059895829081633 0.2958984375 0.33463541709183675 0.3212890625 0.34244791709183675 0.3203125 0.34505208290816325 0.310546875 0.3098958329081633 0.291015625
9 0.15625 0.3447265625 0.16015625 0.341796875 0.15755208290816325 0.3349609375 0.13671875 0.322265625 0.13020833290816325 0.322265625 0.13020833290816325 0.328125 0.14973958290816325 0.3447265625 0.15625 0.3447265625
9 0.07421875 0.287109375 0.07942708290816326 0.279296875 0.06770833290816326 0.26171875 0.06640625 0.2509765625 0.05989583290816327 0.248046875 0.05859375 0.259765625 0.06640625 0.283203125 0.07421875 0.287109375
9 0.9427083329081634 0.6708984375 0.9348958329081634 0.65625 0.88671875 0.6376953125 0.8854166670918366 0.6435546875 0.9244791670918366 0.662109375 0.9296875 0.671875 0.9427083329081634 0.6708984375
9 0.5520833329081632 0.72265625 0.5221354170918368 0.69921875 0.51171875 0.701171875 0.53125 0.7216796875 0.5325520829081632 0.7294921875 0.5494791670918368 0.7314453125 0.5520833329081632 0.72265625
9 0.5052083329081632 0.6337890625 0.5026041670918368 0.640625 0.52734375 0.6650390625 0.5455729170918368 0.6650390625 0.546875 0.6572265625 0.5052083329081632 0.6337890625
9 0.47265625 0.8076171875 0.46875 0.8017578125 0.46223958290816325 0.8017578125 0.42838541709183675 0.833984375 0.4453125 0.8388671875 0.45052083290816325 0.8271484375 0.47265625 0.8076171875
9 0.359375 0.8046875 0.37369791709183675 0.7998046875 0.37109375 0.791015625 0.37760416709183675 0.7724609375 0.37239583290816325 0.7685546875 0.36588541709183675 0.76953125 0.35807291709183675 0.7861328125 0.35416666709183675 0.80078125 0.359375 0.8046875
9 0.7669270829081634 0.7373046875 0.7682291670918366 0.7451171875 0.796875 0.755859375 0.8151041670918366 0.7548828125 0.8098958329081634 0.744140625 0.7669270829081634 0.7373046875
3 0.53515625 0.2509765625 0.53125 0.2646484375 0.5364583329081632 0.2841796875 0.52734375 0.2939453125 0.5143229170918368 0.296875 0.49869791709183675 0.2861328125 0.48567708290816325 0.2890625 0.47786458290816325 0.3037109375 0.48307291709183675 0.302734375 0.50390625 0.3154296875 0.5208333329081632 0.314453125 0.5677083329081632 0.279296875 0.5716145829081632 0.26953125 0.5677083329081632 0.251953125 0.5546875 0.2431640625 0.5442708329081632 0.244140625 0.53515625 0.2509765625
11 0.21614583290816328 0.5341796875 0.2591145829081633 0.515625 0.3098958329081633 0.5 0.31640625 0.4931640625 0.3098958329081633 0.48046875 0.1328125 0.359375 0.125 0.3642578125 0.09375 0.41796875 0.08984375 0.431640625 0.09765625 0.435546875 0.08984375 0.4501953125 0.09505208290816326 0.4658203125 0.10286458290816326 0.466796875 0.13020833290816325 0.501953125 0.15885416709183675 0.5107421875 0.16276041709183675 0.5224609375 0.18359375 0.521484375 0.21614583290816328 0.5341796875
4 0.4765625 0.517578125 0.48828125 0.5078125 0.49479166709183675 0.494140625 0.49479166709183675 0.470703125 0.48567708290816325 0.4521484375 0.46875 0.43359375 0.453125 0.42578125 0.4375 0.453125 0.41536458290816325 0.470703125 0.390625 0.46875 0.35807291709183675 0.4560546875 0.36197916709183675 0.474609375 0.3828125 0.501953125 0.41145833290816325 0.5185546875 0.43619791709183675 0.525390625 0.45963541709183675 0.5244140625 0.4765625 0.517578125
11 0.42838541709183675 0.40625 0.48177083290816325 0.4423828125 0.5260416670918368 0.4658203125 0.5260416670918368 0.4599609375 0.46354166709183675 0.3779296875 0.43229166709183675 0.3779296875 0.4140625 0.3857421875 0.41276041709183675 0.3935546875 0.42838541709183675 0.40625
11 0.7864583329081634 0.46875 0.8294270829081634 0.447265625 0.83203125 0.4404296875 0.7760416670918366 0.34765625 0.765625 0.3427734375 0.7682291670918366 0.443359375 0.7760416670918366 0.4638671875 0.7864583329081634 0.46875
3 0.7916666670918366 0.4462890625 0.80859375 0.4501953125 0.82421875 0.4462890625 0.828125 0.43359375 0.8203125 0.421875 0.8033854170918366 0.4169921875 0.7825520829081634 0.41796875 0.7786458329081634 0.431640625 0.7916666670918366 0.4462890625
9 0.7734375 0.115234375 0.7669270829081634 0.154296875 0.7864583329081634 0.1474609375 0.7877604170918366 0.11328125 0.7825520829081634 0.111328125 0.7734375 0.115234375
9 0.81640625 0.0615234375 0.8098958329081634 0.056640625 0.8059895829081634 0.060546875 0.8216145829081634 0.0693359375 0.8411458329081634 0.0947265625 0.84375 0.109375 0.8619791670918366 0.10546875 0.8671875 0.1015625 0.8658854170918366 0.0927734375 0.85546875 0.0888671875 0.8346354170918366 0.05859375 0.81640625 0.0615234375
9 0.9700520829081634 0.11328125 0.9622395829081634 0.08203125 0.9466145829081634 0.0849609375 0.9544270829081634 0.13671875 0.9830729170918366 0.1328125 0.98046875 0.12109375 0.9700520829081634 0.11328125
7 0.34895833290816325 0.6318359375 0.33072916709183675 0.6318359375 0.3125 0.6416015625 0.3046875 0.6591796875 0.3059895829081633 0.6865234375 0.33984375 0.7265625 0.36588541709183675 0.7666015625 0.39322916709183675 0.7705078125 0.43489583290816325 0.7626953125 0.44140625 0.75 0.42578125 0.7236328125 0.38802083290816325 0.6875 0.36458333290816325 0.6396484375 0.34895833290816325 0.6318359375
4 0.125 0.59765625 0.12760416709183675 0.6162109375 0.14973958290816325 0.640625 0.1875 0.6416015625 0.28515625 0.6064453125 0.3111979170918367 0.5869140625 0.31640625 0.564453125 0.3033854170918367 0.5439453125 0.28515625 0.5390625 0.13541666709183675 0.5908203125 0.125 0.59765625
5 0.11458333290816326 0.587890625 0.08854166709183674 0.583984375 0.06510416709183674 0.6005859375 0.04557291709183673 0.6279296875 0.03515625 0.6572265625 0.03385416709183674 0.6923828125 0.04427083290816327 0.716796875 0.0703125 0.7265625 0.08984375 0.7265625 0.10546875 0.7216796875 0.10807291709183674 0.7060546875 0.10026041709183674 0.6611328125 0.10546875 0.62890625 0.11979166709183674 0.5986328125 0.11458333290816326 0.587890625
7 0.140625 0.689453125 0.12760416709183675 0.6904296875 0.12109375 0.6953125 0.11588541709183674 0.703125 0.10546875 0.759765625 0.10416666709183674 0.7978515625 0.11328125 0.8564453125 0.12890625 0.8759765625 0.14322916709183675 0.876953125 0.17838541709183672 0.85546875 0.18880208290816328 0.8388671875 0.18098958290816328 0.7777626953125 0.18489583290816328 0.72265625 0.17057291709183672 0.7021484375 0.140625 0.689453125
4 0.5403645829081632 0.462890625 0.5442708329081632 0.4775390625 0.57421875 0.4873046875 0.6653645829081634 0.4326171875 0.671875 0.427734375 0.671875 0.4189453125 0.6328125 0.3984375 0.5833333329081632 0.4072265625 0.5716145829081632 0.412109375 0.5559895829081632 0.427734375 0.5403645829081632 0.462890625
3 0.671875 0.3828125 0.6614583329081634 0.3837890625 0.65625 0.3896484375 0.6549479170918366 0.40234375 0.6640625 0.4111328125 0.6783854170918366 0.4091796875 0.71484375 0.416015625 0.72265625 0.41015625 0.7239583329081634 0.3984375 0.7174479170918366 0.3916015625 0.69140625 0.400390625 0.6796875 0.3955078125 0.671875 0.3828125
3 0.72265625 0.4130859375 0.69921875 0.419921875 0.7018229170918366 0.4296875 0.7200520829081634 0.4404296875 0.73046875 0.439453125 0.7369791670918366 0.42578125 0.7604166670918366 0.41015625 0.75 0.3955078125 0.734375 0.3935546875 0.72265625 0.4130859375
3 0.7083333329081634 0.6044921875 0.7369791670918366 0.5927734375 0.7252604170918366 0.572265625 0.71875 0.5693359375 0.6705729170918366 0.578125 0.6705729170918366 0.5888671875 0.6809895829081634 0.6064453125 0.7083333329081634 0.6044921875
3 0.36848958290816325 0.4072265625 0.37630208290816325 0.400390625 0.37760416709183675 0.3916015625 0.37239583290816325 0.384765625 0.34114583290816325 0.3837890625 0.34114583290816325 0.3955078125 0.34895833290816325 0.404296875 0.36848958290816325 0.4072265625
3 0.1640625 0.302734375 0.171875 0.3193359375 0.18880208290816328 0.330078125 0.20442708290816328 0.330078125 0.2265625 0.3056640625 0.23828125 0.27734375 0.23046875 0.2509765625 0.21614583290816328 0.236328125 0.16666666709183672 0.2822265625 0.1640625 0.302734375
5 0.17317708290816328 0.4140625 0.15104166709183675 0.412109375 0.11848958290816326 0.4208984375 0.11979166709183674 0.4501953125 0.1484375 0.4833984375 0.2109375 0.5009765625 0.22005208290816328 0.501953125 0.22786458290816328 0.498046875 0.23307291709183672 0.486328125 0.2265625 0.4736328125 0.20963541709183672 0.4619140625 0.20963541709183672 0.455078125 0.17317708290816328 0.4140625
4 0.06640625 0.525390625 0.08723958290816326 0.52734375 0.11328125 0.51953125 0.11979166709183674 0.509765625 0.11328125 0.4921875 0.03125 0.4375 0.0026041670918367345 0.43359375 0 0.486328125 0.06640625 0.525390625
10 0.22526041709183672 0.6796875 0.23177083290816328 0.6865234375 0.2630208329081633 0.6904296875 0.2825520829081633 0.6806640625 0.3046875 0.650390625 0.2864583329081633 0.6416015625 0.2669270829081633 0.6435546875 0.2421875 0.6533203125 0.2265625 0.6689453125 0.22526041709183672 0.6796875
0 0.20052083290816328 0.712890625 0.22005208290816328 0.7099609375 0.21744791709183672 0.703125 0.17447916709183672 0.677734375 0.1640625 0.67578125 0.1640625 0.69140625 0.18229166709183672 0.708984375 0.20052083290816328 0.712890625
10 0.5494791670918368 0.650390625 0.5690104170918368 0.6494140625 0.5911458329081632 0.6396484375 0.5885416670918368 0.6240234375 0.5729166670918368 0.61328125 0.55078125 0.6103515625 0.5325520829081632 0.6171875 0.53125 0.6259765625 0.5494791670918368 0.650390625
10 0.45963541709183675 0.5908203125 0.48177083290816325 0.59375 0.50390625 0.58203125 0.5065104170918368 0.5673828125 0.49088541709183675 0.5498046875 0.46744791709183675 0.54296875 0.45182291709183675 0.55078125 0.45052083290816325 0.57421875 0.45963541709183675 0.5908203125
5 0.3984375 0.3115234375 0.390625 0.318359375 0.38932291709183675 0.3310546875 0.40234375 0.3447265625 0.48958333290816325 0.359375 0.5 0.359375 0.5078125 0.3525390625 0.5091145829081632 0.3369140625 0.49479166709183675 0.3212890625 0.44921875 0.326171875 0.40755208290816325 0.3115234375 0.3984375 0.3115234375
3 0.3125 0.4716796875 0.3255208329081633 0.4736328125 0.33854166709183675 0.4677734375 0.34114583290816325 0.453125 0.32421875 0.4375 0.3059895829081633 0.435546875 0.2903645829081633 0.443359375 0.2942708329081633 0.4609375 0.3125 0.4716796875
3 0.11848958290816326 0.330078125 0.12630208290816325 0.330078125 0.13671875 0.3212890625 0.1328125 0.310546875 0.12369791709183674 0.306640625 0.10546875 0.306640625 0.09244791709183674 0.3125 0.09635416709183674 0.3212890625 0.11848958290816326 0.330078125
8 0.6640625 0.21484375 0.6432291670918368 0.2138671875 0.6106770829081632 0.1943359375 0.59765625 0.19140625 0.5716145829081632 0.1923828125 0.5598958329081632 0.2021484375 0.55859375 0.2216796875 0.5638020829081632 0.234375 0.5794270829081632 0.2548828125 0.59375 0.265625 0.6263020829081632 0.275390625 0.6458333329081632 0.275390625 0.67578125 0.263671875 0.6796875 0.2470703125 0.671875 0.22265625 0.6640625 0.21484375
3 0.24348958290816328 0.3203125 0.2591145829081633 0.33203125 0.26953125 0.33203125 0.2903645829081633 0.3232421875 0.2955729170918367 0.31640625 0.2942708329081633 0.306640625 0.2786458329081633 0.3017578125 0.2565104170918367 0.302734375 0.24479166709183672 0.3095703125 0.24348958290816328 0.3203125
1 0.11979166709183674 0.28515625 0.11328125 0.2763671875 0.08984375 0.2802734375 0.08854166709183674 0.287109375 0.09765625 0.294921875 0.1171875 0.296875 0.11979166709183674 0.28515625
1 0.2513020829081633 0.3525390625 0.2630208329081633 0.34765625 0.2604166670918367 0.3359375 0.2526041670918367 0.330078125 0.22786458290816328 0.333984375 0.22786458290816328 0.3408203125 0.23697916709183672 0.349609375 0.2513020829081633 0.3525390625
1 0.6028645829081632 0.30859375 0.6106770829081632 0.3076171875 0.62109375 0.2958984375 0.6197916670918368 0.2861328125 0.61328125 0.28125 0.59375 0.2822265625 0.5807291670918368 0.2890625 0.5833333329081632 0.30078125 0.6028645829081632 0.30859375
1 0.9986979170918366 0.2587890625 0.98046875 0.2626953125 0.96875 0.271484375 0.9674479170918366 0.2802734375 0.9765625 0.2900390625 0.9986979170918366 0.29296875 0.9986979170918366 0.2587890625
0 0.7213541670918366 0.841796875 0.71875 0.837890625 0.6783854170918366 0.8369140625 0.6783854170918366 0.8447265625 0.6953125 0.8525390625 0.70703125 0.8515625 0.7213541670918366 0.841796875
2 0.5924479170918368 0.732421875 0.5807291670918368 0.728515625 0.5729166670918368 0.7333984375 0.5716145829081632 0.7392578125 0.578125 0.7470703125 0.5950520829081632 0.7451171875 0.5924479170918368 0.732421875
2 0.5520833329081632 0.802734375 0.55078125 0.8115234375 0.5611979170918368 0.81640625 0.5703125 0.8056640625 0.56640625 0.8017578125 0.5520833329081632 0.802734375