4 0.064453125 0.5833333330078125 0.1015625 0.578125 0.146484375 0.5481770830078125 0.1923828125 0.4986979169921875 0.2119140625 0.4505208330078125 0.2119140625 0.4088541669921875 0.19921875 0.3854166669921875 0.181640625 0.3776041669921875 0.16015625 0.421875 0.1201171875 0.4635416669921875 0.078125 0.4817708330078125 0.05859375 0.4791666669921875 0.025390625 0.4635416669921875 0.017578125 0.484375 0.0185546875 0.5299479169921875 0.02734375 0.5546875 0.037109375 0.5677083330078125 0.064453125 0.5833333330078125
4 0.1123046875 0.3385416669921875 0.1396484375 0.3658854169921875 0.16015625 0.375 0.1787109375 0.3723958330078125 0.197265625 0.3541666669921875 0.2060546875 0.3372395830078125 0.2099609375 0.3072916669921875 0.18359375 0.3059895830078125 0.1630859375 0.2955729169921875 0.1494140625 0.2799479169921875 0.1201171875 0.2265625 0.10546875 0.16015625 0.0908203125 0.1575520830078125 0.080078125 0.1640625 0.0693359375 0.1940104169921875 0.0703125 0.2317708330078125 0.0771484375 0.2604166669921875 0.0869140625 0.2890625 0.1123046875 0.3385416669921875
7 0.47265625 0.26171875 0.47265625 0.2682291669921875 0.4814453125 0.28125 0.4990234375 0.2838541669921875 0.5244140625 0.265625 0.54296875 0.2330729169921875 0.5625 0.1705729169921875 0.564453125 0.1341145830078125 0.560546875 0.1028645830078125 0.5419921875 0.07421875 0.517578125 0.0690104169921875 0.498046875 0.0755208330078125 0.490234375 0.0833333330078125 0.5078125 0.12109375 0.509765625 0.1614583330078125 0.4951171875 0.2239583330078125 0.47265625 0.26171875
4 0.3154296875 0.1067708330078125 0.33984375 0.1106770830078125 0.3583984375 0.1015625 0.373046875 0.0833333330078125 0.3798828125 0.0638020830078125 0.380859375 0.03515625 0.3759765625 0.0169270830078125 0.3466796875 0.0143229169921875 0.330078125 0 0.2490234375 0.0013020830078125 0.2724609375 0.0546875 0.2958984375 0.08984375 0.3154296875 0.1067708330078125
7 0.1640625 0 0.154296875 0.0260416669921875 0.154296875 0.0846354169921875 0.1611328125 0.1080729169921875 0.171875 0.1236979169921875 0.19921875 0.1393229169921875 0.2177734375 0.13671875 0.23828125 0.1184895830078125 0.2451171875 0.0950520830078125 0.2294921875 0.09765625 0.2158203125 0.046875 0.21484375 0 0.1640625 0
0 0.2705078125 0.5260416669921875 0.2861328125 0.51953125 0.29296875 0.5104166669921875 0.30859375 0.4739583330078125 0.30859375 0.4661458330078125 0.296875 0.4583333330078125 0.2724609375 0.4934895830078125 0.244140625 0.51171875 0.2373046875 0.5221354169921875 0.236328125 0.5325520830078125 0.2431640625 0.546875 0.2646484375 0.5455729169921875 0.2705078125 0.5260416669921875
0 0.322265625 0.25390625 0.3134765625 0.24609375 0.2861328125 0.2734375 0.275390625 0.28515625 0.279296875 0.296875 0.3095703125 0.2864583330078125 0.322265625 0.25390625
1 0.07421875 0.1223958330078125 0.07421875 0.0911458330078125 0.0673828125 0.08203125 0.0537109375 0.0768229169921875 0.0419921875 0.0807291669921875 0.037109375 0.0885416669921875 0.0390625 0.12109375 0.0458984375 0.1354166669921875 0.056640625 0.14453125 0.07421875 0.1223958330078125
11 0.150390625 0.8697916669921875 0.1640625 0.8619791669921875 0.1923828125 0.8333333330078125 0.224609375 0.7942708330078125 0.2802734375 0.6966145830078125 0.287109375 0.67578125 0.2734375 0.6731770830078125 0.208984375 0.6822916669921875 0.1962890625 0.6901041669921875 0.1884765625 0.6861979169921875 0.171875 0.6888020830078125 0.1572265625 0.7630208330078125 0.154296875 0.8072916669921875 0.1572265625 0.8138020830078125 0.1494140625 0.8463541669921875 0.150390625 0.8697916669921875
11 0 0.9166666669921875 0.0810546875 0.9361979169921875 0.0810546875 0.92578125 0.029296875 0.8046875 0.013671875 0.78125 0.00390625 0.78125 0 0.7825520830078125 0 0.9166666669921875
9 0.21875 0.6575520830078125 0.2451171875 0.6510416669921875 0.2451171875 0.62109375 0.2099609375 0.6223958330078125 0.20703125 0.6510416669921875 0.1865234375 0.67578125 0.1923828125 0.6861979169921875 0.21875 0.6575520830078125
9 0.0576171875 0.7552083330078125 0.0849609375 0.7513020830078125 0.0859375 0.7200520830078125 0.0595703125 0.7174479169921875 0.0498046875 0.7239583330078125 0.0439453125 0.7486979169921875 0.0166015625 0.7786458330078125 0.0224609375 0.7903645830078125 0.0576171875 0.7552083330078125
9 0.17578125 0.7161458330078125 0.17578125 0.7096354169921875 0.16796875 0.7005208330078125 0.134765625 0.734375 0.125 0.7330729169921875 0.119140625 0.7395833330078125 0.1201171875 0.7669270830078125 0.15234375 0.765625 0.158203125 0.7369791669921875 0.17578125 0.7161458330078125
0 0.21875 0.7369791669921875 0.216796875 0.7265625 0.193359375 0.6940104169921875 0.1787109375 0.69140625 0.171875 0.6953125 0.1728515625 0.7057291669921875 0.1884765625 0.7369791669921875 0.2109375 0.7408854169921875 0.21875 0.7369791669921875
9 0.357421875 0.7786458330078125 0.3681640625 0.7578125 0.3623046875 0.7552083330078125 0.33984375 0.7760416669921875 0.3203125 0.78125 0.3173828125 0.7877604169921875 0.3134765625 0.8059895830078125 0.3154296875 0.8138020830078125 0.345703125 0.8203125 0.357421875 0.7786458330078125
11 0.6240234375 0 0.6181640625 0.0247395830078125 0.564453125 0.1705729169921875 0.5126953125 0.3359375 0.51171875 0.3489583330078125 0.529296875 0.3489583330078125 0.5458984375 0.3385416669921875 0.5576171875 0.3424479169921875 0.5703125 0.3333333330078125 0.6875 0.3072916669921875 0.7216796875 0 0.6240234375 0
7 0.3486328125 0.7421875 0.3623046875 0.7291666669921875 0.3857421875 0.69140625 0.392578125 0.6875 0.3984375 0.6640625 0.4052734375 0.625 0.4052734375 0.59765625 0.396484375 0.5677083330078125 0.388671875 0.55859375 0.3720703125 0.5546875 0.361328125 0.6067708330078125 0.3466796875 0.640625 0.3212890625 0.6744791669921875 0.2822265625 0.6979166669921875 0.2822265625 0.7239583330078125 0.2998046875 0.7473958330078125 0.3310546875 0.75 0.3486328125 0.7421875
0 0.2060546875 0.16015625 0.197265625 0.1393229169921875 0.193359375 0.140625 0.1904296875 0.1510416669921875 0.1884765625 0.1770833330078125 0.1953125 0.1822916669921875 0.2060546875 0.16796875 0.2060546875 0.16015625
11 0.4892578125 0.2265625 0.5 0.16796875 0.484375 0.0572916669921875 0.4775390625 0.05078125 0.458984375 0.0677083330078125 0.44140625 0.0677083330078125 0.43359375 0.0625 0.4189453125 0.0455729169921875 0.40625 0.0169270830078125 0.408203125 0.0091145830078125 0.4208984375 0 0.3779296875 0.0013020830078125 0.4375 0.1510416669921875 0.4814453125 0.2434895830078125 0.4892578125 0.2265625
11 0.666015625 0.7591145830078125 0.685546875 0.6966145830078125 0.6923828125 0.6966145830078125 0.703125 0.6861979169921875 0.7119140625 0.6184895830078125 0.7060546875 0.6041666669921875 0.708984375 0.6015625 0.70703125 0.5846354169921875 0.6943359375 0.5416666669921875 0.671875 0.4869791669921875 0.6044921875 0.4466145830078125 0.62890625 0.7591145830078125 0.6328125 0.7981770830078125 0.63671875 0.8046875 0.666015625 0.7591145830078125
11 0.7421875 0.7408854169921875 0.720703125 0.6497395830078125 0.708984375 0.6614583330078125 0.6943359375 0.7200520830078125 0.6767578125 0.7408854169921875 0.62109375 0.8919270830078125 0.623046875 0.8997395830078125 0.6923828125 0.875 0.7314453125 0.8151041669921875 0.7421875 0.7408854169921875
11 0.9990234375 0.33984375 0.98046875 0.3098958330078125 0.9765625 0.3151041669921875 0.953125 0.4270833330078125 0.9482421875 0.4557291669921875 0.953125 0.4661458330078125 0.9990234375 0.4778645830078125 0.9990234375 0.33984375
9 0.490234375 0.6822916669921875 0.490234375 0.6940104169921875 0.4892578125 0.6953125 0.490234375 0.6979166669921875 0.4912109375 0.69921875 0.4970703125 0.69921875 0.498046875 0.7005208330078125 0.5048828125 0.7005208330078125 0.5068359375 0.69921875 0.5078125 0.6953125 0.5078125 0.6809895830078125 0.5068359375 0.6796875 0.50390625 0.6796875 0.4921875 0.66796875 0.4921875 0.6666666669921875 0.4833984375 0.6549479169921875 0.48046875 0.6575520830078125 0.4794921875 0.66015625 0.48046875 0.6640625 0.4853515625 0.671875 0.490234375 0.6822916669921875
9 0.59375 0.7864583330078125 0.5947265625 0.7890625 0.5986328125 0.7864583330078125 0.6015625 0.7825520830078125 0.6044921875 0.7760416669921875 0.6064453125 0.7747395830078125 0.6064453125 0.7734375 0.619140625 0.7682291669921875 0.62109375 0.7643229169921875 0.62109375 0.7604166669921875 0.6220703125 0.7591145830078125 0.6220703125 0.7526041669921875 0.623046875 0.7513020830078125 0.6220703125 0.75 0.6201171875 0.7486979169921875 0.609375 0.7486979169921875 0.607421875 0.7513020830078125 0.607421875 0.7565104169921875 0.6044921875 0.765625 0.59375 0.78125 0.59375 0.7864583330078125
9 0.4267578125 0.7682291669921875 0.421875 0.7630208330078125 0.3994140625 0.7903645830078125 0.396484375 0.7942708330078125 0.3984375 0.8020833330078125 0.4111328125 0.8020833330078125 0.4267578125 0.7682291669921875
9 0.7705078125 0.7578125 0.765625 0.75390625 0.75 0.7747395830078125 0.7509765625 0.7916666669921875 0.7646484375 0.7916666669921875 0.765625 0.7708333330078125 0.7705078125 0.7578125
9 0.76953125 0.6783854169921875 0.7646484375 0.6640625 0.751953125 0.6614583330078125 0.751953125 0.6744791669921875 0.779296875 0.69921875 0.7802734375 0.6901041669921875 0.76953125 0.6783854169921875
9 0.873046875 0.4869791669921875 0.8740234375 0.4765625 0.87109375 0.47265625 0.8544921875 0.4739583330078125 0.85546875 0.4869791669921875 0.8505859375 0.5052083330078125 0.8564453125 0.5078125 0.873046875 0.4869791669921875
9 0.8935546875 0.4114583330078125 0.8896484375 0.4088541669921875 0.8681640625 0.4283854169921875 0.8671875 0.4453125 0.884765625 0.4427083330078125 0.88671875 0.4244791669921875 0.8935546875 0.4114583330078125