11 0 0.4501953125 0.03255208290816326 0.453125 0.09635416709183674 0.4462890625 0.16015625 0.41796875 0.19401041709183672 0.3515625 0.19010416709183672 0.3408203125 0.15104166709183675 0.2880859375 0.1328125 0.27734375 0.07161458290816326 0.255859375 0.013020832908163265 0.25390625 0.00390625 0.2587890625 0 0.2626953125 0 0.4501953125
10 0.21223958290816328 0.369140625 0.3111979170918367 0.3447265625 0.33072916709183675 0.3349609375 0.265625 0.2568359375 0.2265625 0.2685546875 0.20572916709183672 0.2861328125 0.19270833290816328 0.3095703125 0.1953125 0.345703125 0.21223958290816328 0.369140625
4 0.25390625 0.3818359375 0.20052083290816328 0.4013671875 0.20572916709183672 0.4189453125 0.26953125 0.494140625 0.2838541670918367 0.4912109375 0.2942708329081633 0.48046875 0.3098958329081633 0.474609375 0.328125 0.4482421875 0.33333333290816325 0.4150390625 0.32421875 0.3896484375 0.3059895829081633 0.3701171875 0.25390625 0.3818359375
4 0.3255208329081633 0.501953125 0.33463541709183675 0.5390625 0.35546875 0.5673828125 0.37760416709183675 0.578125 0.42447916709183675 0.4990234375 0.42447916709183675 0.4912109375 0.3359375 0.4619140625 0.33072916709183675 0.462890625 0.32682291709183675 0.4736328125 0.3255208329081633 0.501953125
11 0.22005208290816328 0.4931640625 0.08854166709183674 0.47265625 0.07942708290816326 0.4775390625 0.009114582908163265 0.552734375 0.0026041670918367345 0.572265625 0.04947916709183673 0.6064453125 0.04947916709183673 0.6171875 0.06119791709183673 0.6162109375 0.10416666709183674 0.64453125 0.12890625 0.640625 0.21614583290816328 0.6123046875 0.24609375 0.595703125 0.234375 0.5029296875 0.22005208290816328 0.4931640625
3 0.3059895829081633 0.4462890625 0.3072916670918367 0.443359375 0.3072916670918367 0.4375 0.3033854170918367 0.4296875 0.3033854170918367 0.4267578125 0.30078125 0.421875 0.2942708329081633 0.4169921875 0.2903645829081633 0.416015625 0.2825520829081633 0.416015625 0.2669270829081633 0.421875 0.2630208329081633 0.4248046875 0.2630208329081633 0.427734375 0.2760416670918367 0.4365234375 0.2786458329081633 0.4423828125 0.2890625 0.4453125 0.29296875 0.44921875 0.2981770829081633 0.447265625 0.2994791670918367 0.4482421875 0.3033854170918367 0.4482421875 0.3059895829081633 0.4462890625
9 0.2786458329081633 0.44140625 0.2786458329081633 0.447265625 0.28125 0.451171875 0.28515625 0.453125 0.2916666670918367 0.453125 0.296875 0.44921875 0.2955729170918367 0.4482421875 0.2955729170918367 0.4453125 0.28125 0.44140625 0.2786458329081633 0.44140625
3 0.38541666709183675 0.435546875 0.39192708290816325 0.42578125 0.39322916709183675 0.4169921875 0.390625 0.41015625 0.38411458290816325 0.40625 0.38020833290816325 0.4052734375 0.35546875 0.40625 0.34635416709183675 0.41015625 0.34114583290816325 0.4140625 0.34114583290816325 0.41796875 0.34244791709183675 0.4208984375 0.35026041709183675 0.4267578125 0.35026041709183675 0.4287109375 0.35546875 0.435546875 0.36588541709183675 0.4423828125 0.37630208290816325 0.4423828125 0.37890625 0.44140625 0.38541666709183675 0.435546875
3 0.3984375 0.525390625 0.3984375 0.5185546875 0.390625 0.5146484375 0.3828125 0.5146484375 0.37760416709183675 0.5126953125 0.375 0.5126953125 0.37239583290816325 0.5146484375 0.37239583290816325 0.521484375 0.36848958290816325 0.5263671875 0.36848958290816325 0.5322265625 0.37239583290816325 0.53515625 0.38411458290816325 0.53515625 0.38541666709183675 0.5361328125 0.390625 0.5361328125 0.39322916709183675 0.5341796875 0.39713541709183675 0.5283203125 0.3984375 0.525390625
8 0.12890625 0.5185546875 0.1484375 0.5166015625 0.16276041709183675 0.505859375 0.16145833290816325 0.4970703125 0.14322916709183675 0.4873046875 0.11458333290816326 0.490234375 0.10416666709183674 0.498046875 0.10807291709183674 0.5107421875 0.12890625 0.5185546875
8 0.0546875 0.53125 0.06640625 0.5400390625 0.08463541709183674 0.5361328125 0.09635416709183674 0.5263671875 0.10286458290816326 0.5126953125 0.10026041709183674 0.50390625 0.09114583290816326 0.4990234375 0.06119791709183673 0.501953125 0.05208333290816327 0.5087890625 0.0546875 0.53125
10 0.15494791709183675 0.47265625 0.15755208290816325 0.48046875 0.19140625 0.4814453125 0.20572916709183672 0.4873046875 0.21484375 0.482421875 0.2109375 0.470703125 0.1953125 0.462890625 0.17447916709183672 0.462890625 0.16015625 0.46875 0.15494791709183675 0.47265625
3 0.07942708290816326 0.6357421875 0.07291666709183674 0.6181640625 0.04817708290816327 0.619140625 0.03776041709183674 0.6142578125 0.028645832908163266 0.615234375 0.03515625 0.6376953125 0.05729166709183673 0.640625 0.07942708290816326 0.6357421875
5 0.16796875 0.638671875 0.16666666709183672 0.6484375 0.171875 0.6572265625 0.18489583290816328 0.662109375 0.19661458290816328 0.6455078125 0.22135416709183672 0.640625 0.22395833290816328 0.62890625 0.22005208290816328 0.6201171875 0.20833333290816328 0.6142578125 0.19140625 0.6298828125 0.16796875 0.638671875
5 0.31640625 0.70703125 0.33463541709183675 0.6943359375 0.33203125 0.662109375 0.3203125 0.662109375 0.3111979170918367 0.669921875 0.3151041670918367 0.689453125 0.3098958329081633 0.7041015625 0.31640625 0.70703125
3 0.35807291709183675 0.6416015625 0.375 0.6396484375 0.38932291709183675 0.623046875 0.38671875 0.6103515625 0.37760416709183675 0.607421875 0.35546875 0.6083984375 0.34635416709183675 0.6171875 0.34635416709183675 0.6328125 0.35807291709183675 0.6416015625
3 0.48697916709183675 0.5400390625 0.5052083329081632 0.5400390625 0.5182291670918368 0.529296875 0.515625 0.5185546875 0.5052083329081632 0.5107421875 0.49088541709183675 0.5107421875 0.4765625 0.5205078125 0.4765625 0.53125 0.48697916709183675 0.5400390625
3 0.45052083290816325 0.48828125 0.46744791709183675 0.490234375 0.48046875 0.4853515625 0.48567708290816325 0.4765625 0.48046875 0.462890625 0.45703125 0.458984375 0.44661458290816325 0.4658203125 0.4453125 0.4775390625 0.45052083290816325 0.48828125
3 0.5546875 0.56640625 0.5377604170918368 0.564453125 0.5013020829081632 0.578125 0.49348958290816325 0.5888671875 0.5182291670918368 0.591796875 0.5494791670918368 0.5791015625 0.5546875 0.56640625
3 0.5651041670918368 0.5498046875 0.59375 0.5556640625 0.63671875 0.5439453125 0.65234375 0.5322265625 0.64453125 0.5263671875 0.6328125 0.525390625 0.6041666670918368 0.5341796875 0.57421875 0.5361328125 0.5651041670918368 0.5419921875 0.5651041670918368 0.5498046875
3 0.5625 0.63671875 0.5638020829081632 0.65234375 0.5807291670918368 0.6552734375 0.5859375 0.6494140625 0.5833333329081632 0.6337890625 0.5625 0.63671875
3 0.8346354170918366 0.6142578125 0.8619791670918366 0.6103515625 0.8828125 0.58984375 0.8828125 0.58203125 0.87890625 0.5771484375 0.8684895829081634 0.576171875 0.8372395829081634 0.59765625 0.8307291670918366 0.6044921875 0.8346354170918366 0.6142578125
11 0.8619791670918366 0.6181640625 0.8828125 0.6240234375 0.9192708329081634 0.5986328125 0.8893229170918366 0.5732421875 0.8059895829081634 0.5859375 0.8098958329081634 0.5986328125 0.8385416670918366 0.6220703125 0.8619791670918366 0.6181640625
4 0.7864583329081634 0.4580078125 0.7708333329081634 0.4697265625 0.7682291670918366 0.4814453125 0.7877604170918366 0.48828125 0.8268229170918366 0.4853515625 0.890625 0.4716796875 0.9166666670918366 0.453125 0.92578125 0.4306640625 0.9127604170918366 0.42578125 0.8880208329081634 0.42578125 0.8216145829081634 0.453125 0.7864583329081634 0.4580078125
1 0.8411458329081634 0.4267578125 0.8580729170918366 0.42578125 0.8658854170918366 0.41796875 0.86328125 0.4072265625 0.8528645829081634 0.40234375 0.8385416670918366 0.404296875 0.8307291670918366 0.4111328125 0.8294270829081634 0.41796875 0.8411458329081634 0.4267578125
1 0.65625 0.4287109375 0.671875 0.4287109375 0.6809895829081634 0.4208984375 0.6796875 0.4111328125 0.66796875 0.4052734375 0.6549479170918366 0.4072265625 0.6484375 0.4140625 0.6484375 0.423828125 0.65625 0.4287109375
1 0.796875 0.3759765625 0.8111979170918366 0.3779296875 0.8229166670918366 0.3720703125 0.8255208329081634 0.365234375 0.8177083329081634 0.3544921875 0.8059895829081634 0.3525390625 0.79296875 0.3583984375 0.7903645829081634 0.3701171875 0.796875 0.3759765625
1 0.8216145829081634 0.3212890625 0.8359375 0.322265625 0.8489583329081634 0.3154296875 0.84765625 0.3046875 0.83984375 0.2978515625 0.8268229170918366 0.2978515625 0.8151041670918366 0.306640625 0.8138020829081634 0.3134765625 0.8216145829081634 0.3212890625
1 0.6145833329081632 0.373046875 0.6197916670918368 0.3662109375 0.6119791670918368 0.3525390625 0.6015625 0.3515625 0.5885416670918368 0.3583984375 0.5872395829081632 0.3671875 0.5989583329081632 0.3759765625 0.6145833329081632 0.373046875
1 0.5625 0.328125 0.5755208329081632 0.3291015625 0.5859375 0.3212890625 0.5846354170918368 0.3125 0.57421875 0.3056640625 0.5638020829081632 0.306640625 0.5559895829081632 0.3134765625 0.5546875 0.3203125 0.5625 0.328125
4 0.5364583329081632 0.4326171875 0.5234375 0.4609375 0.4921875 0.478515625 0.49088541709183675 0.490234375 0.50390625 0.5048828125 0.5221354170918368 0.513671875 0.5390625 0.5146484375 0.5651041670918368 0.5029296875 0.5924479170918368 0.48046875 0.6028645829081632 0.462890625 0.6028645829081632 0.4462890625 0.5755208329081632 0.431640625 0.5364583329081632 0.4326171875
4 0.71875 0.4326171875 0.6927083329081634 0.435546875 0.6705729170918366 0.44921875 0.66796875 0.4580078125 0.671875 0.4638671875 0.7122395829081634 0.490234375 0.7291666670918366 0.49609375 0.7473958329081634 0.4970703125 0.7591145829081634 0.4873046875 0.7643229170918366 0.478515625 0.7630208329081634 0.4638671875 0.7369791670918366 0.4541015625 0.71875 0.4326171875
4 0.6393229170918368 0.2607421875 0.6223958329081632 0.27734375 0.62109375 0.2861328125 0.6263020829081632 0.2939453125 0.7096354170918366 0.3330078125 0.7708333329081634 0.34375 0.78515625 0.3388671875 0.796875 0.3271484375 0.80078125 0.3056640625 0.7955729170918366 0.3017578125 0.6627604170918366 0.2548828125 0.6393229170918368 0.2607421875
4 0.8828125 0.208984375 0.8619791670918366 0.208984375 0.83984375 0.2333984375 0.7994791670918366 0.2451171875 0.7981770829081634 0.2548828125 0.8046875 0.2685546875 0.82421875 0.28125 0.8372395829081634 0.283203125 0.9075520829081634 0.2646484375 0.9244791670918366 0.2509765625 0.9270833329081634 0.240234375 0.921875 0.2294921875 0.90625 0.21875 0.8828125 0.208984375
7 0.55859375 0.353515625 0.5208333329081632 0.3583984375 0.51953125 0.3798828125 0.5013020829081632 0.4052734375 0.5013020829081632 0.412109375 0.5143229170918368 0.421875 0.5481770829081632 0.4296875 0.5651041670918368 0.421875 0.578125 0.4072265625 0.5846354170918368 0.3876953125 0.5807291670918368 0.3623046875 0.55859375 0.353515625
3 0.20442708290816328 0.5537109375 0.20833333290816328 0.5634765625 0.2265625 0.56640625 0.22526041709183672 0.552734375 0.21223958290816328 0.55078125 0.20442708290816328 0.5537109375
3 0.21484375 0.595703125 0.20833333290816328 0.5888671875 0.19140625 0.5888671875 0.18489583290816328 0.5947265625 0.18619791709183672 0.599609375 0.19921875 0.6015625 0.21484375 0.595703125
11 0.23697916709183672 0.8623046875 0.2578125 0.8720703125 0.2747395829081633 0.8681640625 0.2877604170918367 0.857421875 0.2994791670918367 0.8173828125 0.2578125 0.8046875 0.22135416709183672 0.8310546875 0.22135416709183672 0.8388671875 0.23697916709183672 0.8623046875
11 0.46614583290816325 0.796875 0.40364583290816325 0.7978515625 0.3984375 0.802734375 0.39713541709183675 0.8583984375 0.41145833290816325 0.8603515625 0.46744791709183675 0.85546875 0.46614583290816325 0.796875
11 0.59375 0.66796875 0.59765625 0.7265625 0.6627604170918366 0.7275390625 0.6575520829081634 0.6708984375 0.6536458329081634 0.66796875 0.59375 0.66796875
11 0.5963541670918368 0.7568359375 0.5950520829081632 0.71875 0.5546875 0.7177734375 0.5559895829081632 0.7578125 0.5963541670918368 0.7568359375
2 0.5 0.7060546875 0.5013020829081632 0.7158203125 0.5182291670918368 0.7158203125 0.5182291670918368 0.7060546875 0.5104166670918368 0.703125 0.5 0.7060546875
11 0.80859375 0.83984375 0.8567708329081634 0.8056640625 0.8424479170918366 0.78515625 0.8268229170918366 0.7802734375 0.8046875 0.7841796875 0.78515625 0.7822265625 0.75 0.8037109375 0.75 0.810546875 0.80859375 0.83984375
7 0.7955729170918366 0.7373046875 0.77734375 0.732421875 0.75390625 0.7197265625 0.7513020829081634 0.728515625 0.7565104170918366 0.751953125 0.7747395829081634 0.7734375 0.796875 0.783203125 0.80859375 0.783203125 0.8333333329081634 0.771484375 0.8333333329081634 0.7587890625 0.84375 0.744140625 0.8255208329081634 0.7216796875 0.7955729170918366 0.7373046875
4 0.9296875 0.7578125 0.9283854170918366 0.7451171875 0.8723958329081634 0.80078125 0.87109375 0.81640625 0.8763020829081634 0.822265625 0.91796875 0.7822265625 0.9296875 0.7578125
4 0.8450520829081634 0.7744140625 0.85546875 0.7734375 0.8828125 0.7587890625 0.9036458329081634 0.7373046875 0.8997395829081634 0.7333984375 0.890625 0.7333984375 0.8763020829081634 0.7431640625 0.84375 0.76953125 0.8450520829081634 0.7744140625
6 0.8645833329081634 0.708984375 0.85546875 0.70703125 0.8450520829081634 0.7138671875 0.8463541670918366 0.73046875 0.8619791670918366 0.7353515625 0.8658854170918366 0.73046875 0.8645833329081634 0.708984375
3 0.5807291670918368 0.5869140625 0.5911458329081632 0.5849609375 0.5911458329081632 0.564453125 0.5768229170918368 0.560546875 0.55859375 0.56640625 0.5572916670918368 0.57421875 0.56640625 0.58203125 0.5807291670918368 0.5869140625
4 0.15625 0.2734375 0.18359375 0.271484375 0.20703125 0.2587890625 0.1953125 0.2470703125 0.16536458290816328 0.236328125 0.15104166709183675 0.2373046875 0.13411458290816325 0.2470703125 0.13541666709183675 0.26171875 0.15625 0.2734375
1 0.21744791709183672 0.3330078125 0.22916666709183672 0.3349609375 0.24479166709183672 0.328125 0.24609375 0.3173828125 0.23697916709183672 0.3095703125 0.22526041709183672 0.3076171875 0.21354166709183672 0.3134765625 0.2109375 0.3251953125 0.21744791709183672 0.3330078125
4 0.39713541709183675 0.3720703125 0.40755208290816325 0.3759765625 0.5 0.40234375 0.5169270829081632 0.37890625 0.5182291670918368 0.3525390625 0.5013020829081632 0.3212890625 0.48177083290816325 0.306640625 0.45963541709183675 0.298828125 0.39713541709183675 0.3662109375 0.39713541709183675 0.3720703125
11 0.6328125 0.853515625 0.6614583329081634 0.8125 0.6119791670918368 0.8056640625 0.6328125 0.853515625
10 0.7135416670918366 0.3359375 0.6901041670918366 0.341796875 0.6822916670918366 0.3486328125 0.6848958329081634 0.365234375 0.7473958329081634 0.40234375 0.7643229170918366 0.4189453125 0.7760416670918366 0.423828125 0.7916666670918366 0.4208984375 0.7942708329081634 0.404296875 0.7877604170918366 0.3759765625 0.7799479170918366 0.36328125 0.76171875 0.349609375 0.7135416670918366 0.3359375
7 0.734375 0.259765625 0.7473958329081634 0.275390625 0.7864583329081634 0.2880859375 0.7955729170918366 0.2880859375 0.8033854170918366 0.283203125 0.8033854170918366 0.27734375 0.7591145829081634 0.234375 0.7421875 0.236328125 0.7356770829081634 0.2412109375 0.734375 0.259765625
4 0.5885416670918368 0.29296875 0.60546875 0.29296875 0.61328125 0.2744140625 0.5716145829081632 0.271484375 0.5625 0.279296875 0.5638020829081632 0.294921875 0.578125 0.2998046875 0.5885416670918368 0.29296875
1 0.10546875 0.37890625 0.12630208290816325 0.3818359375 0.13411458290816325 0.376953125 0.13802083290816325 0.361328125 0.13151041709183675 0.3544921875 0.11197916709183674 0.3505859375 0.09765625 0.3583984375 0.09505208290816326 0.3681640625 0.10546875 0.37890625
1 0 0.3837890625 0.01171875 0.38671875 0.026041667091836734 0.37890625 0.029947917091836734 0.3701171875 0.020833332908163266 0.3583984375 0.00390625 0.353515625 0 0.3544921875 0 0.3837890625
2 0.0703125 0.8154296875 0.07161458290816326 0.822265625 0.09375 0.826171875 0.10026041709183674 0.8134765625 0.08463541709183674 0.810546875 0.0703125 0.8154296875
2 0.296875 0.7421875 0.2942708329081633 0.732421875 0.2747395829081633 0.732421875 0.2734375 0.740234375 0.2786458329081633 0.7451171875 0.2903645829081633 0.74609375 0.296875 0.7421875
2 0.2916666670918367 0.6806640625 0.28515625 0.6806640625 0.2786458329081633 0.6875 0.28125 0.6982421875 0.2955729170918367 0.6982421875 0.296875 0.6865234375 0.2916666670918367 0.6806640625
2 0.31640625 0.494140625 0.3125 0.4794921875 0.30078125 0.4775390625 0.2955729170918367 0.4814453125 0.2981770829081633 0.490234375 0.3059895829081633 0.4951171875 0.31640625 0.494140625
2 0.33072916709183675 0.5908203125 0.33854166709183675 0.5849609375 0.33723958290816325 0.5791015625 0.32942708290816325 0.576171875 0.3190104170918367 0.580078125 0.3177083329081633 0.5859375 0.3229166670918367 0.5908203125 0.33072916709183675 0.5908203125
7 0.11067708290816326 0.328125 0.13151041709183675 0.3310546875 0.12760416709183675 0.3095703125 0.10546875 0.2978515625 0.08723958290816326 0.294921875 0.08723958290816326 0.3095703125 0.09375 0.318359375 0.11067708290816326 0.328125
0 0.06901041709183674 0.2783203125 0.05338541709183673 0.271484375 0.024739582908163266 0.2744140625 0.0234375 0.27734375 0.03776041709183674 0.283203125 0.07942708290816326 0.2900390625 0.06901041709183674 0.2783203125
5 0.6145833329081632 0.4775390625 0.625 0.4873046875 0.6380208329081632 0.4833984375 0.6575520829081634 0.486328125 0.6627604170918366 0.4814453125 0.6575520829081634 0.4658203125 0.6484375 0.4609375 0.6223958329081632 0.470703125 0.6158854170918368 0.4697265625 0.6145833329081632 0.4775390625
11 0.375 0.7197265625 0.36848958290816325 0.7470703125 0.39322916709183675 0.75390625 0.40755208290816325 0.71484375 0.38151041709183675 0.705078125 0.375 0.7197265625
4 0.7981770829081634 0.609375 0.8020833329081634 0.5947265625 0.7955729170918366 0.58984375 0.73828125 0.595703125 0.7239583329081634 0.607421875 0.7278645829081634 0.6171875 0.7799479170918366 0.619140625 0.7981770829081634 0.609375
4 0.6927083329081634 0.5302734375 0.65625 0.544921875 0.65625 0.5576171875 0.66796875 0.5673828125 0.6770833329081634 0.5703125 0.70703125 0.5673828125 0.75 0.54296875 0.7669270829081634 0.529296875 0.7669270829081634 0.5244140625 0.7395833329081634 0.5107421875 0.7135416670918366 0.51171875 0.6927083329081634 0.5302734375
4 0.8802083329081634 0.484375 0.86328125 0.484375 0.8424479170918366 0.4931640625 0.8203125 0.5126953125 0.80078125 0.552734375 0.7916666670918366 0.57421875 0.7942708329081634 0.58203125 0.8125 0.583984375 0.8424479170918366 0.5751953125 0.8489583329081634 0.5634765625 0.87109375 0.5458984375 0.8841145829081634 0.517578125 0.9036458329081634 0.501953125 0.9010416670918366 0.4912109375 0.8802083329081634 0.484375