2 0.5361842104591837 0.7179487177734375 0.5296052627551021 0.7179487177734375 0.5246710522959184 0.721153845703125 0.5246710522959184 0.7259615380859376 0.5230263163265306 0.7275641025390625 0.5246710522959184 0.732371794921875 0.5279605267857143 0.7355769228515625 0.5361842104591837 0.7355769228515625 0.5361842104591837 0.733974359375 0.5394736836734694 0.73076923046875 0.5394736836734694 0.72275641015625 0.5378289477040816 0.7195512822265625 0.5361842104591837 0.7179487177734375
2 0.43914473724489794 0.608974359375 0.4375 0.6121794873046875 0.4375 0.6201923076171875 0.4424342104591837 0.625 0.44736842091836737 0.625 0.452302631377551 0.6201923076171875 0.452302631377551 0.6137820517578125 0.45065789413265306 0.6105769228515625 0.4457236836734694 0.607371794921875 0.44407894770408163 0.608974359375 0.43914473724489794 0.608974359375
2 0.6282894732142857 0.5929487177734375 0.6282894732142857 0.59775641015625 0.6299342104591837 0.6009615380859376 0.6315789477040816 0.6025641025390625 0.641447368622449 0.6025641025390625 0.6447368418367346 0.59775641015625 0.6447368418367346 0.591346154296875 0.641447368622449 0.588141025390625 0.6299342104591837 0.58974358984375 0.6282894732142857 0.5929487177734375
2 0.04111842091836735 0.828525640625 0.034539473214285715 0.828525640625 0.027960526785714285 0.8349358974609375 0.027960526785714285 0.841346154296875 0.029605262755102044 0.8445512822265625 0.032894737244897956 0.846153845703125 0.03947368367346939 0.846153845703125 0.044407894132653065 0.8429487177734375 0.04605263137755102 0.83974358984375 0.04605263137755102 0.8333333330078125 0.044407894132653065 0.830128205078125 0.04111842091836735 0.828525640625
2 0.139802631377551 0.7724358974609375 0.13815789413265306 0.7740384619140624 0.141447368622449 0.7820512822265625 0.14967105229591837 0.7820512822265625 0.15460526275510203 0.775641025390625 0.15460526275510203 0.767628205078125 0.15131578954081634 0.7644230771484375 0.14473684183673471 0.7644230771484375 0.139802631377551 0.767628205078125 0.139802631377551 0.7724358974609375
2 0.13322368367346937 0.6650641025390625 0.13157894770408163 0.66826923046875 0.13157894770408163 0.6762820517578125 0.13322368367346937 0.677884615234375 0.141447368622449 0.6794871796875 0.14802631632653063 0.6762820517578125 0.14967105229591837 0.6730769228515625 0.14967105229591837 0.6634615380859376 0.14638157908163266 0.66025641015625 0.139802631377551 0.66025641015625 0.13322368367346937 0.6650641025390625
2 0.24835526275510203 0.8974358974609375 0.24342105229591837 0.900641025390625 0.24013157908163266 0.9070512822265625 0.24013157908163266 0.911858974609375 0.24671052678571428 0.9166666669921875 0.2532894732142857 0.9166666669921875 0.25657894770408163 0.9134615380859376 0.25822368367346943 0.908653845703125 0.25822368367346943 0.903846154296875 0.25657894770408163 0.900641025390625 0.251644737244898 0.8974358974609375 0.24835526275510203 0.8974358974609375
0 0.20559210586734694 0.4375 0.20394736862244897 0.435897435546875 0.20394736862244897 0.4262820517578125 0.1957236836734694 0.4262820517578125 0.1875 0.4326923076171875 0.18585526275510203 0.439102564453125 0.16611842091836734 0.4599358974609375 0.16118421045918366 0.4615384619140625 0.16118421045918366 0.4679487177734375 0.1677631581632653 0.471153845703125 0.17763157908163266 0.471153845703125 0.1875 0.466346154296875 0.2072368418367347 0.4503205126953125 0.20888157908163266 0.447115384765625 0.20559210586734694 0.4375
0 0.3092105267857143 0.358974359375 0.310855262755102 0.357371794921875 0.310855262755102 0.34775641015625 0.3092105267857143 0.346153845703125 0.30427631632653057 0.346153845703125 0.2911184209183673 0.3509615380859375 0.28782894770408163 0.3541666669921875 0.2861842104591837 0.3541666669921875 0.2845394732142857 0.357371794921875 0.28125 0.358974359375 0.27467105229591837 0.365384615234375 0.27467105229591837 0.373397435546875 0.282894737244898 0.3798076923828125 0.2927631581632653 0.3798076923828125 0.29769736862244894 0.3782051279296875 0.3075657895408163 0.3685897431640625 0.3092105267857143 0.365384615234375 0.3092105267857143 0.358974359375
0 0.47861842091836737 0.358974359375 0.47861842091836737 0.3509615380859375 0.4769736836734694 0.349358974609375 0.47203947321428574 0.349358974609375 0.47039473724489794 0.3509615380859375 0.46546052678571426 0.3509615380859375 0.453947368622449 0.35576923046875 0.4457236836734694 0.3637820517578125 0.43914473724489794 0.3669871796875 0.43914473724489794 0.373397435546875 0.4424342104591837 0.376602564453125 0.453947368622449 0.3814102568359375 0.4638157895408163 0.3814102568359375 0.4736842104591837 0.376602564453125 0.47532894770408163 0.373397435546875 0.47532894770408163 0.365384615234375 0.47861842091836737 0.358974359375
0 0.5263157895408163 0.3637820517578125 0.5361842104591837 0.35576923046875 0.5361842104591837 0.3525641025390625 0.53125 0.34775641015625 0.513157894132653 0.33974358984375 0.5082236836734694 0.33974358984375 0.5065789477040816 0.338141025390625 0.49835526275510206 0.338141025390625 0.4950657895408163 0.33974358984375 0.4917763163265306 0.3429487177734375 0.4917763163265306 0.3525641025390625 0.49342105229591837 0.35576923046875 0.4950657895408163 0.35576923046875 0.5032894732142857 0.3637820517578125 0.5082236836734694 0.3637820517578125 0.5098684209183674 0.365384615234375 0.5197368418367346 0.365384615234375 0.5213815790816326 0.3637820517578125 0.5263157895408163 0.3637820517578125
0 0.453947368622449 0.3830128203125 0.44407894770408163 0.3878205126953125 0.44078947321428574 0.391025640625 0.43914473724489794 0.39423076953125 0.44078947321428574 0.4070512822265625 0.4457236836734694 0.41025641015625 0.452302631377551 0.408653845703125 0.46710526275510206 0.40224358984375 0.47203947321428574 0.3974358974609375 0.4736842104591837 0.392628205078125 0.4736842104591837 0.3782051279296875 0.46710526275510206 0.3814102568359375 0.453947368622449 0.3830128203125
0 0.7023026313775511 0.224358974609375 0.6957236836734694 0.224358974609375 0.6940789477040817 0.22275641015625 0.669407894132653 0.22275641015625 0.6628289477040817 0.2291666669921875 0.6628289477040817 0.2355769228515625 0.6644736836734694 0.2387820517578125 0.6710526313775511 0.2435897431640625 0.6907894732142856 0.2451923076171875 0.700657894132653 0.2419871796875 0.7072368418367347 0.2355769228515625 0.7088815790816326 0.232371794921875 0.7088815790816326 0.2291666669921875 0.7023026313775511 0.224358974609375
7 0.6726973686224489 0.3060897431640625 0.6759868418367347 0.2996794873046875 0.6759868418367347 0.294871794921875 0.669407894132653 0.286858974609375 0.6628289477040817 0.283653845703125 0.65625 0.27724358984375 0.6463815790816326 0.2724358974609375 0.638157894132653 0.2724358974609375 0.6348684209183674 0.2740384619140625 0.6332236836734694 0.275641025390625 0.6332236836734694 0.2820512822265625 0.6348684209183674 0.286858974609375 0.639802631377551 0.2980769228515625 0.6463815790816326 0.3044871796875 0.6463815790816326 0.3060897431640625 0.6513157895408163 0.3060897431640625 0.6529605267857143 0.3076923076171875 0.669407894132653 0.3076923076171875 0.6726973686224489 0.3060897431640625
5 0.638157894132653 0 0.6365131581632654 0.0032051279296875 0.6365131581632654 0.0128205126953125 0.638157894132653 0.017628205078125 0.6447368418367346 0.02724358984375 0.6463815790816326 0.0320512822265625 0.6513157895408163 0.03525641015625 0.657894737244898 0.0384615380859375 0.6825657895408163 0.0384615380859375 0.6957236836734694 0.03525641015625 0.700657894132653 0.0320512822265625 0.700657894132653 0.02724358984375 0.6957236836734694 0.0208333330078125 0.6924342104591837 0.01923076953125 0.6875 0.01923076953125 0.654605262755102 0.0064102568359375 0.6480263163265306 0 0.638157894132653 0
3 0.43914473724489794 0.3349358974609375 0.4325657895408163 0.330128205078125 0.421052631377551 0.328525640625 0.40460526275510206 0.3349358974609375 0.389802631377551 0.3349358974609375 0.3799342104591837 0.330128205078125 0.3799342104591837 0.328525640625 0.37664473724489794 0.328525640625 0.37171052678571426 0.3237179482421875 0.3634868418367347 0.3237179482421875 0.35690789413265306 0.330128205078125 0.35690789413265306 0.3349358974609375 0.3552631581632653 0.3365384619140625 0.35690789413265306 0.35576923046875 0.3667763163265306 0.365384615234375 0.3799342104591837 0.365384615234375 0.39309210586734694 0.3605769228515625 0.42763157908163263 0.357371794921875 0.43585526275510206 0.3509615380859375 0.43914473724489794 0.3445512822265625 0.43914473724489794 0.3349358974609375
3 0.5361842104591837 0.3044871796875 0.5378289477040816 0.2900641025390625 0.5345394732142857 0.2820512822265625 0.5263157895408163 0.2740384619140625 0.5115131581632654 0.2724358974609375 0.47861842091836737 0.278846154296875 0.4736842104591837 0.2820512822265625 0.46546052678571426 0.2820512822265625 0.453947368622449 0.2916666669921875 0.45065789413265306 0.2996794873046875 0.4490131581632653 0.3076923076171875 0.453947368622449 0.322115384765625 0.46546052678571426 0.3269230771484375 0.47039473724489794 0.3253205126953125 0.47861842091836737 0.3173076923828125 0.49671052678571426 0.3076923076171875 0.5098684209183674 0.3173076923828125 0.5197368418367346 0.3173076923828125 0.5279605267857143 0.314102564453125 0.5361842104591837 0.3044871796875
4 0.5970394732142857 0.1378205126953125 0.5855263163265306 0.1378205126953125 0.5641447372448979 0.1490384619140625 0.5575657895408163 0.1554487177734375 0.5263157895408163 0.16826923046875 0.516447368622449 0.177884615234375 0.514802631377551 0.1810897431640625 0.516447368622449 0.1907051279296875 0.5279605267857143 0.1955128203125 0.5394736836734694 0.1955128203125 0.5526315790816326 0.1875 0.5904605267857143 0.1810897431640625 0.6019736836734694 0.169871794921875 0.6036184209183674 0.1634615380859375 0.6019736836734694 0.14423076953125 0.5970394732142857 0.1378205126953125
4 0.6365131581632654 0.091346154296875 0.6266447372448979 0.0769230771484375 0.6151315790816326 0.072115384765625 0.5970394732142857 0.0705128203125 0.578947368622449 0.0769230771484375 0.5674342104591837 0.078525640625 0.5575657895408163 0.0833333330078125 0.546052631377551 0.096153845703125 0.544407894132653 0.1009615380859375 0.546052631377551 0.1169871796875 0.5509868418367346 0.1217948720703125 0.5625 0.1217948720703125 0.5953947372448979 0.1121794873046875 0.606907894132653 0.1185897431640625 0.6167763163265306 0.1185897431640625 0.6282894732142857 0.1121794873046875 0.6365131581632654 0.096153845703125 0.6365131581632654 0.091346154296875
5 0.22039473724489797 0.1362179482421875 0.21217105229591837 0.1314102568359375 0.055921052295918365 0.1282051279296875 0.05098684183673469 0.1330128203125 0.05263157908163265 0.158653845703125 0.07236842091836736 0.20673076953125 0.08059210586734694 0.2195512822265625 0.10690789413265306 0.2435897431640625 0.12171052678571428 0.2435897431640625 0.15953947321428572 0.21474358984375 0.20394736862244897 0.1907051279296875 0.21710526275510203 0.1762820517578125 0.22203947321428572 0.14423076953125 0.22039473724489797 0.1362179482421875
4 0.856907894132653 0.391025640625 0.8470394732142856 0.391025640625 0.845394737244898 0.3894230771484375 0.8009868418367347 0.391025640625 0.7894736836734694 0.3878205126953125 0.78125 0.3894230771484375 0.779605262755102 0.391025640625 0.78125 0.419871794921875 0.7861842104591837 0.4310897431640625 0.825657894132653 0.4310897431640625 0.8404605267857144 0.4246794873046875 0.8536184209183674 0.4246794873046875 0.8585526313775511 0.4230769228515625 0.8601973686224489 0.419871794921875 0.8585526313775511 0.392628205078125 0.856907894132653 0.391025640625
0 0.9539473686224489 0.8269230771484375 0.9440789477040817 0.822115384765625 0.7927631581632653 0.8253205126953125 0.7894736836734694 0.828525640625 0.7894736836734694 0.8445512822265625 0.8059210522959183 0.857371794921875 0.8388157895408163 0.8798076923828125 0.8634868418367347 0.8830128203125 0.8980263163265306 0.8830128203125 0.9177631581632653 0.8782051279296875 0.9276315790816326 0.873397435546875 0.9440789477040817 0.857371794921875 0.955592105867347 0.838141025390625 0.9539473686224489 0.8269230771484375
4 0.731907894132653 0.625 0.7467105267857144 0.6282051279296875 0.7615131581632653 0.6105769228515625 0.7565789477040817 0.59775641015625 0.720394737244898 0.578525640625 0.6973684209183674 0.5753205126953125 0.6875 0.5833333330078125 0.6875 0.6041666669921875 0.731907894132653 0.625
9 0.08059210586734694 0.65224358984375 0.08881578954081633 0.6394230771484375 0.07401315816326531 0.6330128203125 0.07072368367346939 0.6458333330078125 0.08059210586734694 0.65224358984375
9 0.8404605267857144 0.4455128203125 0.8486842104591837 0.4423076923828125 0.8503289477040817 0.427884615234375 0.8404605267857144 0.4230769228515625 0.814144737244898 0.4310897431640625 0.8157894732142856 0.4615384619140625 0.8322368418367347 0.466346154296875 0.8404605267857144 0.4455128203125
9 0.736842105867347 0.033653845703125 0.7253289477040817 0.028846154296875 0.7138157895408163 0.025641025390625 0.7088815790816326 0.025641025390625 0.7072368418367347 0.0240384619140625 0.7023026313775511 0.0240384619140625 0.7023026313775511 0.033653845703125 0.705592105867347 0.03525641015625 0.731907894132653 0.04326923046875 0.736842105867347 0.04326923046875 0.7384868418367347 0.044871794921875 0.7434210522959183 0.044871794921875 0.748355262755102 0.0416666669921875 0.7467105267857144 0.0384615380859375 0.736842105867347 0.033653845703125
9 0.6677631581632653 0.088141025390625 0.6661184209183674 0.0865384619140625 0.641447368622449 0.088141025390625 0.638157894132653 0.08974358984375 0.6365131581632654 0.091346154296875 0.6365131581632654 0.096153845703125 0.638157894132653 0.09775641015625 0.641447368622449 0.09775641015625 0.643092105867347 0.096153845703125 0.654605262755102 0.096153845703125 0.65625 0.0945512822265625 0.6661184209183674 0.0945512822265625 0.6677631581632653 0.0929487177734375 0.6677631581632653 0.088141025390625
8 0.05427631632653061 0.3125 0.0822368418367347 0.330128205078125 0.09868421045918367 0.3525641025390625 0.11842105229591837 0.3333333330078125 0.12993421045918366 0.3076923076171875 0.12335526275510204 0.28525641015625 0.09868421045918367 0.2708333330078125 0.07401315816326531 0.278846154296875 0.055921052295918365 0.2980769228515625 0.05427631632653061 0.3125
8 0.03125 0.3525641025390625 0.02467105229591837 0.384615384765625 0.029605262755102044 0.3958333330078125 0.06907894770408164 0.39423076953125 0.09046052678571428 0.3782051279296875 0.09539473724489796 0.3525641025390625 0.07401315816326531 0.3205128203125 0.05263157908163265 0.3125 0.026315789540816325 0.328525640625 0.03125 0.3525641025390625
9 0.12171052678571428 0.564102564453125 0.11513157908163266 0.546474359375 0.1134868418367347 0.544871794921875 0.11184210586734694 0.5320512822265625 0.10855263137755101 0.52724358984375 0.10361842091836734 0.52724358984375 0.10197368367346939 0.528846154296875 0.10197368367346939 0.533653845703125 0.1052631581632653 0.552884615234375 0.10855263137755101 0.5576923076171875 0.10855263137755101 0.564102564453125 0.11019736862244899 0.5673076923828125 0.1134868418367347 0.5689102568359375 0.11513157908163266 0.5657051279296875 0.12006578954081633 0.5657051279296875 0.12171052678571428 0.564102564453125
9 0.07730263137755101 0.5833333330078125 0.07730263137755101 0.588141025390625 0.08059210586734694 0.591346154296875 0.08552631632653061 0.5849358974609375 0.08388157908163266 0.5737179482421875 0.08059210586734694 0.5673076923828125 0.07401315816326531 0.5673076923828125 0.07236842091836736 0.5737179482421875 0.07730263137755101 0.5833333330078125