2 0.5279605270833333 0.7355769234375 0.5361842104166666 0.7355769234375 0.5361842104166666 0.733974359375 0.5394736833333333 0.73076923125 0.5394736833333333 0.7227564109375 0.5378289479166667 0.7195512828124999 0.5361842104166666 0.7179487171875001 0.5296052625 0.7179487171875001 0.5246710520833333 0.721153846875 0.5246710520833333 0.7259615390625 0.5230263166666667 0.727564103125 0.5246710520833333 0.7323717953125 0.5279605270833333 0.7355769234375
2 0.44736842083333334 0.625 0.45230263125000003 0.6201923078125 0.45230263125000003 0.6137820515625 0.45065789375 0.6105769234375 0.44572368333333334 0.6073717953125 0.44407894791666663 0.608974359375 0.43914473750000005 0.608974359375 0.4375 0.6121794875 0.4375 0.6201923078125 0.4424342104166667 0.625 0.44736842083333334 0.625
2 0.6315789479166667 0.602564103125 0.6414473687500001 0.602564103125 0.6447368416666667 0.5977564109375 0.6447368416666667 0.591346153125 0.6414473687500001 0.588141025 0.6299342104166666 0.5897435890625 0.6282894729166667 0.5929487171875001 0.6282894729166667 0.5977564109375 0.6299342104166666 0.6009615390625 0.6315789479166667 0.602564103125
2 0.0328947375 0.846153846875 0.039473683333333336 0.846153846875 0.044407893749999997 0.8429487171875 0.04605263125 0.8397435890624999 0.04605263125 0.8333333328125001 0.044407893749999997 0.8301282046875 0.04111842083333333 0.8285256406249999 0.03453947291666667 0.8285256406249999 0.027960527083333336 0.834935896875 0.027960527083333336 0.841346153125 0.0296052625 0.8445512828125 0.0328947375 0.846153846875
2 0.14967105208333334 0.7820512828124999 0.1546052625 0.775641025 0.1546052625 0.7676282046875 0.15131578958333333 0.7644230765625 0.14473684166666667 0.7644230765625 0.13980263124999998 0.7676282046875 0.13980263124999998 0.772435896875 0.13815789374999998 0.7740384609375 0.14144736875000002 0.7820512828124999 0.14967105208333334 0.7820512828124999
2 0.14144736875000002 0.6794871796875 0.14802631666666669 0.6762820515625 0.14967105208333334 0.6730769234375 0.14967105208333334 0.6634615390625 0.14638157916666666 0.6602564109375 0.13980263124999998 0.6602564109375 0.13322368333333331 0.665064103125 0.13157894791666666 0.66826923125 0.13157894791666666 0.6762820515625 0.13322368333333331 0.677884615625 0.14144736875000002 0.6794871796875
2 0.25328947291666665 0.9166666671874999 0.25657894791666663 0.9134615390624999 0.25822368333333334 0.908653846875 0.25822368333333334 0.903846153125 0.25657894791666663 0.900641025 0.2516447375 0.897435896875 0.2483552625 0.897435896875 0.24342105208333334 0.900641025 0.24013157916666666 0.9070512828125 0.24013157916666666 0.911858975 0.24671052708333333 0.9166666671874999 0.25328947291666665 0.9166666671874999
0 0.16118421041666667 0.46794871718750003 0.16776315833333333 0.47115384687499995 0.17763157916666666 0.47115384687499995 0.1875 0.46634615312500005 0.20723684166666667 0.4503205125 0.20888157916666666 0.447115384375 0.20559210625000002 0.4375 0.20394736875000002 0.43589743593749997 0.20394736875000002 0.4262820515625 0.19572368333333331 0.4262820515625 0.1875 0.43269230781249995 0.1858552625 0.43910256406250003 0.16611842083333334 0.45993589687499997 0.16118421041666667 0.4615384609375 0.16118421041666667 0.46794871718750003
0 0.27467105208333337 0.37339743593749997 0.28289473750000005 0.3798076921875 0.29276315833333333 0.3798076921875 0.29769736874999997 0.37820512812499996 0.3075657895833333 0.36858974375 0.30921052708333335 0.365384615625 0.30921052708333335 0.358974359375 0.31085526249999995 0.3573717953125 0.31085526249999995 0.3477564109375 0.30921052708333335 0.346153846875 0.30427631666666666 0.346153846875 0.29111842083333334 0.3509615390625 0.28782894791666663 0.3541666671875 0.2861842104166667 0.3541666671875 0.28453947291666665 0.3573717953125 0.28125 0.358974359375 0.27467105208333337 0.365384615625 0.27467105208333337 0.37339743593749997
0 0.4424342104166667 0.37660256406250003 0.45394736874999997 0.38141025625 0.4638157895833333 0.38141025625 0.4736842104166667 0.37660256406250003 0.47532894791666663 0.37339743593749997 0.47532894791666663 0.365384615625 0.47861842083333334 0.358974359375 0.47861842083333334 0.3509615390625 0.47697368333333334 0.349358975 0.47203947291666665 0.349358975 0.47039473750000005 0.3509615390625 0.46546052708333335 0.3509615390625 0.45394736874999997 0.35576923125 0.44572368333333334 0.3637820515625 0.43914473750000005 0.3669871796875 0.43914473750000005 0.37339743593749997 0.4424342104166667 0.37660256406250003
0 0.4950657895833333 0.35576923125 0.5032894729166667 0.3637820515625 0.5082236833333333 0.3637820515625 0.5098684208333333 0.365384615625 0.5197368416666667 0.365384615625 0.5213815791666667 0.3637820515625 0.5263157895833334 0.3637820515625 0.5361842104166666 0.35576923125 0.5361842104166666 0.35256410312500003 0.53125 0.3477564109375 0.51315789375 0.3397435890625 0.5082236833333333 0.3397435890625 0.5065789479166667 0.338141025 0.49835526249999995 0.338141025 0.4950657895833333 0.3397435890625 0.49177631666666666 0.3429487171875 0.49177631666666666 0.35256410312500003 0.49342105208333337 0.35576923125 0.4950657895833333 0.35576923125
0 0.45230263125000003 0.40865384687499995 0.46710526249999995 0.4022435890625 0.47203947291666665 0.39743589687499997 0.4736842104166667 0.3926282046875 0.4736842104166667 0.37820512812499996 0.46710526249999995 0.38141025625 0.45394736874999997 0.3830128203125 0.44407894791666663 0.3878205125 0.44078947291666665 0.391025640625 0.43914473750000005 0.39423076875 0.44078947291666665 0.40705128281249997 0.44572368333333334 0.4102564109375 0.45230263125000003 0.40865384687499995
0 0.6710526312499999 0.24358974375 0.6907894729166667 0.2451923078125 0.70065789375 0.2419871796875 0.7072368416666667 0.23557692343749997 0.7088815791666666 0.23237179531250002 0.7088815791666666 0.22916666718749998 0.7023026312499999 0.224358975 0.6957236833333333 0.224358975 0.6940789479166667 0.22275641093749998 0.66940789375 0.22275641093749998 0.6628289479166667 0.22916666718749998 0.6628289479166667 0.23557692343749997 0.6644736833333333 0.23878205156250001 0.6710526312499999 0.24358974375
7 0.6398026312499999 0.2980769234375 0.6463815791666666 0.3044871796875 0.6463815791666666 0.30608974375 0.6513157895833334 0.30608974375 0.6529605270833333 0.3076923078125 0.66940789375 0.3076923078125 0.6726973687500001 0.30608974375 0.6759868416666667 0.2996794875 0.6759868416666667 0.2948717953125 0.66940789375 0.286858975 0.6628289479166667 0.283653846875 0.65625 0.2772435890625 0.6463815791666666 0.27243589687499997 0.63815789375 0.27243589687499997 0.6348684208333334 0.2740384609375 0.6332236833333333 0.275641025 0.6332236833333333 0.2820512828125 0.6348684208333334 0.286858975 0.6398026312499999 0.2980769234375
5 0.63815789375 0 0.6365131583333333 0.003205128125 0.6365131583333333 0.0128205125 0.63815789375 0.0176282046875 0.6447368416666667 0.0272435890625 0.6463815791666666 0.0320512828125 0.6513157895833334 0.035256410937499996 0.6578947374999999 0.0384615390625 0.6825657895833334 0.0384615390625 0.6957236833333333 0.035256410937499996 0.70065789375 0.0320512828125 0.70065789375 0.0272435890625 0.6957236833333333 0.0208333328125 0.6924342104166666 0.01923076875 0.6875 0.01923076875 0.6546052625000001 0.00641025625 0.6480263166666667 0 0.63815789375 0
3 0.36677631666666666 0.365384615625 0.3799342104166667 0.365384615625 0.39309210625 0.3605769234375 0.42763157916666666 0.3573717953125 0.43585526249999995 0.3509615390625 0.43914473750000005 0.3445512828125 0.43914473750000005 0.33493589687499997 0.4325657895833333 0.3301282046875 0.42105263125000003 0.328525640625 0.40460526249999995 0.33493589687499997 0.38980263125000003 0.33493589687499997 0.3799342104166667 0.3301282046875 0.3799342104166667 0.328525640625 0.37664473750000005 0.328525640625 0.37171052708333335 0.3237179484375 0.36348684166666667 0.3237179484375 0.35690789375 0.3301282046875 0.35690789375 0.33493589687499997 0.35526315833333333 0.3365384609375 0.35690789375 0.35576923125 0.36677631666666666 0.365384615625
3 0.47039473750000005 0.3253205125 0.47861842083333334 0.3173076921875 0.49671052708333335 0.3076923078125 0.5098684208333333 0.3173076921875 0.5197368416666667 0.3173076921875 0.5279605270833333 0.31410256406250003 0.5361842104166666 0.3044871796875 0.5378289479166667 0.29006410312500003 0.5345394729166667 0.2820512828125 0.5263157895833334 0.2740384609375 0.5115131583333333 0.27243589687499997 0.47861842083333334 0.278846153125 0.4736842104166667 0.2820512828125 0.46546052708333335 0.2820512828125 0.45394736874999997 0.2916666671875 0.45065789375 0.2996794875 0.44901315833333333 0.3076923078125 0.45394736874999997 0.322115384375 0.46546052708333335 0.3269230765625 0.47039473750000005 0.3253205125
4 0.5394736833333333 0.1955128203125 0.5526315791666666 0.1875 0.5904605270833333 0.18108974375 0.6019736833333333 0.16987179531250002 0.6036184208333334 0.1634615390625 0.6019736833333333 0.14423076875000002 0.5970394729166667 0.1378205125 0.5855263166666667 0.1378205125 0.5641447374999999 0.1490384609375 0.5575657895833334 0.1554487171875 0.5263157895833334 0.16826923124999998 0.51644736875 0.177884615625 0.51480263125 0.18108974375 0.51644736875 0.190705128125 0.5279605270833333 0.1955128203125 0.5394736833333333 0.1955128203125
4 0.5625 0.121794871875 0.5953947374999999 0.1121794875 0.60690789375 0.11858974375 0.6167763166666667 0.11858974375 0.6282894729166667 0.1121794875 0.6365131583333333 0.096153846875 0.6365131583333333 0.091346153125 0.6266447374999999 0.0769230765625 0.6151315791666666 0.07211538437500001 0.5970394729166667 0.0705128203125 0.5789473687500001 0.0769230765625 0.5674342104166666 0.078525640625 0.5575657895833334 0.08333333281250001 0.5460526312499999 0.096153846875 0.54440789375 0.10096153906250001 0.5460526312499999 0.11698717968750001 0.5509868416666667 0.121794871875 0.5625 0.121794871875
5 0.10690789375000001 0.24358974375 0.12171052708333334 0.24358974375 0.15953947291666667 0.21474358906250002 0.20394736875000002 0.190705128125 0.2171052625 0.17628205156250001 0.22203947291666667 0.14423076875000002 0.2203947375 0.13621794843749999 0.21217105208333334 0.13141025625 0.05592105208333333 0.128205128125 0.050986841666666664 0.1330128203125 0.05263157916666667 0.158653846875 0.07236842083333334 0.20673076875000002 0.08059210624999999 0.2195512828125 0.10690789375000001 0.24358974375
4 0.82565789375 0.43108974375000003 0.8404605270833333 0.4246794875 0.8536184208333334 0.4246794875 0.8585526312499999 0.4230769234375 0.8601973687500001 0.41987179531249996 0.8585526312499999 0.3926282046875 0.85690789375 0.391025640625 0.8470394729166667 0.391025640625 0.8453947374999999 0.3894230765625 0.8009868416666667 0.391025640625 0.7894736833333333 0.3878205125 0.78125 0.3894230765625 0.7796052625000001 0.391025640625 0.78125 0.41987179531249996 0.7861842104166666 0.43108974375000003 0.82565789375 0.43108974375000003
0 0.8634868416666667 0.8830128203125 0.8980263166666667 0.8830128203125 0.9177631583333333 0.8782051281250001 0.9276315791666666 0.8733974359375001 0.9440789479166667 0.8573717953125 0.95559210625 0.838141025 0.9539473687500001 0.8269230765625 0.9440789479166667 0.8221153843750001 0.7927631583333333 0.8253205124999999 0.7894736833333333 0.8285256406249999 0.7894736833333333 0.8445512828125 0.8059210520833333 0.8573717953125 0.8388157895833334 0.8798076921875 0.8634868416666667 0.8830128203125
4 0.7615131583333333 0.6105769234375 0.7565789479166667 0.5977564109375 0.7203947374999999 0.578525640625 0.6973684208333334 0.5753205125 0.6875 0.5833333328125 0.6875 0.6041666671875 0.73190789375 0.625 0.7467105270833333 0.6282051281250001 0.7615131583333333 0.6105769234375
9 0.07401315833333334 0.6330128203125 0.07072368333333333 0.6458333328125 0.08059210624999999 0.6522435890625 0.08881578958333333 0.6394230765625 0.07401315833333334 0.6330128203125
9 0.8486842104166666 0.44230769218750005 0.8503289479166667 0.427884615625 0.8404605270833333 0.4230769234375 0.8141447374999999 0.43108974375000003 0.8157894729166667 0.4615384609375 0.8322368416666667 0.46634615312500005 0.8404605270833333 0.44551282031249995 0.8486842104166666 0.44230769218750005
9 0.73190789375 0.04326923125 0.73684210625 0.04326923125 0.7384868416666667 0.044871795312500004 0.7434210520833333 0.044871795312500004 0.7483552625000001 0.0416666671875 0.7467105270833333 0.0384615390625 0.73684210625 0.033653846875 0.7253289479166667 0.028846153125000003 0.7138157895833334 0.025641025 0.7088815791666666 0.025641025 0.7072368416666667 0.0240384609375 0.7023026312499999 0.0240384609375 0.7023026312499999 0.033653846875 0.70559210625 0.035256410937499996 0.73190789375 0.04326923125
9 0.6414473687500001 0.09775641093750001 0.64309210625 0.096153846875 0.6546052625000001 0.096153846875 0.65625 0.0945512828125 0.6661184208333334 0.0945512828125 0.6677631583333333 0.0929487171875 0.6677631583333333 0.088141025 0.6661184208333334 0.08653846093749999 0.6414473687500001 0.088141025 0.63815789375 0.08974358906249999 0.6365131583333333 0.091346153125 0.6365131583333333 0.096153846875 0.63815789375 0.09775641093750001 0.6414473687500001 0.09775641093750001
8 0.11842105208333333 0.3333333328125 0.12993421041666667 0.3076923078125 0.1233552625 0.2852564109375 0.09868421041666667 0.2708333328125 0.07401315833333334 0.278846153125 0.05592105208333333 0.2980769234375 0.054276316666666664 0.3125 0.08223684166666666 0.3301282046875 0.09868421041666667 0.35256410312500003 0.11842105208333333 0.3333333328125
8 0.06907894791666667 0.39423076875 0.09046052708333334 0.37820512812499996 0.0953947375 0.35256410312500003 0.07401315833333334 0.3205128203125 0.05263157916666667 0.3125 0.026315789583333336 0.328525640625 0.03125 0.35256410312500003 0.024671052083333332 0.384615384375 0.0296052625 0.3958333328125 0.06907894791666667 0.39423076875
9 0.10855263125 0.5576923078125 0.10855263125 0.5641025640625 0.11019736875 0.5673076921875 0.11348684166666666 0.5689102562499999 0.11513157916666666 0.5657051281250001 0.12006578958333333 0.5657051281250001 0.12171052708333334 0.5641025640625 0.11513157916666666 0.546474359375 0.11348684166666666 0.5448717953125 0.11184210624999999 0.5320512828124999 0.10855263125 0.5272435890625 0.10361842083333334 0.5272435890625 0.10197368333333333 0.528846153125 0.10197368333333333 0.533653846875 0.10526315833333334 0.552884615625 0.10855263125 0.5576923078125
9 0.08059210624999999 0.591346153125 0.08552631666666667 0.584935896875 0.08388157916666666 0.5737179484375 0.08059210624999999 0.5673076921875 0.07401315833333334 0.5673076921875 0.07236842083333334 0.5737179484375 0.07730263125 0.5833333328125 0.07730263125 0.588141025 0.08059210624999999 0.591346153125