8 0.2069970841836735 0.800518134765625 0.20553935841836735 0.777202072265625 0.17346938775510204 0.73834196875 0.15451895025510204 0.74352331640625 0.14139941709183673 0.76165803125 0.14139941709183673 0.8056994814453124 0.15597667602040816 0.83937823828125 0.18804664668367346 0.83937823828125 0.2069970841836735 0.800518134765625
8 0.2274052474489796 0.717616580078125 0.22886297321428573 0.69689119140625 0.22011661862244897 0.681347150390625 0.17930029209183673 0.6787564765625 0.16472303188775508 0.704663212890625 0.16326530612244897 0.717616580078125 0.17346938775510204 0.73834196875 0.19825072831632654 0.7538860107421875 0.2274052474489796 0.717616580078125
8 0.3527696798469388 0.28497409375 0.34548104974489796 0.2538860107421875 0.3163265306122449 0.2487046630859375 0.2973760931122449 0.2746113994140625 0.30174927168367344 0.3264248701171875 0.31778425637755103 0.33937823828125 0.3425655982142857 0.33937823828125 0.3527696798469388 0.28497409375
8 0.45918367346938777 0.3341968916015625 0.4548104961734694 0.30310880859375 0.4338469387755102 0.2997772021484375 0.41836734693877553 0.277202072265625 0.38338192474489796 0.3082901552734375 0.38338192474489796 0.3523316064453125 0.4154518954081633 0.37564766796875 0.4489795918367347 0.357512953125 0.45918367346938777 0.3341968916015625
8 0.47813411096938774 0.18393782421875 0.4868804668367347 0.16062176171875 0.4907682219387755 0.1097953369140625 0.4868804668367347 0.095854921875 0.4606413992346939 0.0725388603515625 0.44314868749999997 0.075129533203125 0.4329446058673469 0.0932642490234375 0.4329446058673469 0.12435233203125 0.45772594770408165 0.18393782421875 0.4650145778061225 0.1917098447265625 0.47813411096938774 0.18393782421875
6 0.7230320701530611 0.1865284970703125 0.7230320701530611 0.163212435546875 0.7172011658163265 0.1528497412109375 0.702623906887755 0.1502590673828125 0.6865889209183673 0.1658031083984375 0.6865889209183673 0.19689119140625 0.6967930025510204 0.217616580078125 0.7084548099489796 0.21502590625 0.7230320701530611 0.1865284970703125
3 0.6034985420918367 0.0906735751953125 0.5976676390306123 0.0595854921875 0.5772594757653061 0.056994818359375 0.5685131198979592 0.0699481865234375 0.567055394132653 0.095854921875 0.5758017487244897 0.119170984375 0.5932944604591837 0.116580310546875 0.6034985420918367 0.0906735751953125
5 0.5787172015306122 0.240932642578125 0.5626822155612244 0.25647668359375 0.5655976670918367 0.2720207255859375 0.5787172015306122 0.2694300517578125 0.5976676390306123 0.23834196875 0.5787172015306122 0.240932642578125
5 0.6137026237244898 0.1891191708984375 0.5860058303571428 0.1658031083984375 0.5830903788265306 0.176165802734375 0.5918367346938775 0.2020725390625 0.6195335280612245 0.24352331640625 0.6137026237244898 0.1891191708984375
3 0.6180758022959184 0.4093264248046875 0.6137026237244898 0.383419689453125 0.5889212831632653 0.380829015625 0.5743440229591836 0.3678756474609375 0.5612244897959183 0.383419689453125 0.5597667640306122 0.419689119140625 0.5743440229591836 0.4507772021484375 0.5976676390306123 0.443005181640625 0.6180758022959184 0.4093264248046875
6 0.6924198252551019 0.62435233203125 0.6851311951530613 0.6139896376953125 0.6705539362244898 0.6139896376953125 0.6618075803571428 0.6269430048828125 0.6661807576530612 0.6683937822265625 0.682215743622449 0.663212435546875 0.6924198252551019 0.642487046875 0.6924198252551019 0.62435233203125
6 0.6632653061224489 0.6658031083984375 0.6559766760204081 0.6450777197265625 0.6428571428571429 0.642487046875 0.6311953354591837 0.6709844560546875 0.634110786989796 0.6891191708984375 0.6486880471938776 0.6917098447265625 0.6603498545918367 0.68393782421875 0.6632653061224489 0.6658031083984375
6 0.6763848392857142 0.7668393779296875 0.6865889209183673 0.7461139892578125 0.6880466466836735 0.73834196875 0.6880466466836735 0.72020725390625 0.6865889209183673 0.71502590625 0.6836734693877551 0.7124352333984375 0.682215743622449 0.71502590625 0.6763848392857142 0.71502590625 0.6588921288265306 0.7305699482421875 0.6559883380102041 0.73506217578125 0.6516034987244899 0.735751294921875 0.644314868622449 0.7461139892578125 0.6370262385204082 0.7668393779296875 0.6501457729591837 0.7746113994140625 0.6661807576530612 0.7746113994140625 0.6763848392857142 0.7668393779296875
6 0.6268221568877551 0.7668393779296875 0.6307973762755102 0.7651968916015625 0.6370262385204082 0.764248705078125 0.6395932946428572 0.759847150390625 0.644314868622449 0.7461139892578125 0.6501457729591837 0.735751294921875 0.6501457729591837 0.7279792744140625 0.6472303201530611 0.722797927734375 0.6428571428571429 0.72020725390625 0.6252419821428571 0.727347150390625 0.6180758022959184 0.7461139892578125 0.6137026237244898 0.7538860107421875 0.6122448979591837 0.759067357421875 0.6137026237244898 0.76165803125 0.6224489795918368 0.7668393779296875 0.6268221568877551 0.7668393779296875
3 0.6807580178571428 0.51813471484375 0.701166181122449 0.515544041015625 0.702623906887755 0.5129533681640625 0.7069970841836735 0.5129533681640625 0.7128279885204081 0.5077720205078124 0.7201166186224489 0.4948186533203125 0.7201166186224489 0.48186528515625 0.7055393584183675 0.4689119169921875 0.6793002920918367 0.4689119169921875 0.6763848392857142 0.4715025908203125 0.6705539362244898 0.48186528515625 0.6705539362244898 0.497409326171875 0.6749271135204082 0.5129533681640625 0.6807580178571428 0.51813471484375
3 0.5160349859693878 0.259067357421875 0.5233236147959184 0.264248705078125 0.5306122448979592 0.264248705078125 0.5364431492346939 0.25647668359375 0.5364431492346939 0.2487046630859375 0.5393586007653062 0.240932642578125 0.5393586007653062 0.2331606220703125 0.5408163265306123 0.2305699482421875 0.5393586007653062 0.222797927734375 0.5364431492346939 0.22020725390625 0.5204081632653061 0.22020725390625 0.5189504375 0.222797927734375 0.5131195331632653 0.222797927734375 0.5102040816326531 0.2253886005859375 0.508746355867347 0.2305699482421875 0.508746355867347 0.23834196875 0.5102040816326531 0.2461139892578125 0.5160349859693878 0.259067357421875
7 0.5102040816326531 0.3082901552734375 0.5131195331632653 0.3134715029296875 0.5131195331632653 0.31606217578125 0.5174927117346939 0.318652849609375 0.5233236147959184 0.31606217578125 0.5291545191326531 0.30310880859375 0.5306122448979592 0.295336787109375 0.5306122448979592 0.27979274609375 0.5262390676020409 0.2694300517578125 0.5174927117346939 0.26165803125 0.5131195331632653 0.264248705078125 0.508746355867347 0.2746113994140625 0.5072886301020408 0.2901554404296875 0.508746355867347 0.2927461142578125 0.508746355867347 0.30310880859375 0.5102040816326531 0.3082901552734375
8 0.13119533545918366 0.4870466318359375 0.14285714285714285 0.497409326171875 0.15451895025510204 0.5 0.16472303188775508 0.4948186533203125 0.17201166198979592 0.48186528515625 0.1763848392857143 0.4663212431640625 0.1763848392857143 0.43523316015625 0.17055393622448978 0.4119170986328125 0.16034985459183673 0.3911917099609375 0.14723032015306123 0.37564766796875 0.13119533545918366 0.3652849736328125 0.11078717219387754 0.3652849736328125 0.10349854209183675 0.3678756474609375 0.09037900892857142 0.380829015625 0.08454810459183673 0.396373056640625 0.08454810459183673 0.437823833984375 0.09329446045918369 0.4637305703125 0.10641399362244898 0.48186528515625 0.13119533545918366 0.4870466318359375
3 0.5131195331632653 0.0699481865234375 0.5218658890306123 0.0699481865234375 0.5262390676020409 0.0673575126953125 0.5349854221938776 0.0595854921875 0.5393586007653062 0.0492227978515625 0.5393586007653062 0.038860103515625 0.5349854221938776 0.0310880830078125 0.5204081632653061 0.0310880830078125 0.5072886301020408 0.038860103515625 0.5043731772959184 0.044041451171875 0.5043731772959184 0.0544041455078125 0.5058309043367347 0.0595854921875 0.5131195331632653 0.0699481865234375
1 0.6370262385204082 0.2487046630859375 0.644314868622449 0.2487046630859375 0.645772594387755 0.2461139892578125 0.6501457729591837 0.2461139892578125 0.6574344017857143 0.2279792744140625 0.6574344017857143 0.21502590625 0.6530612244897959 0.204663212890625 0.6428571428571429 0.204663212890625 0.6399416913265307 0.2072538857421875 0.634110786989796 0.217616580078125 0.6311953354591837 0.217616580078125 0.6297376096938776 0.222797927734375 0.6297376096938776 0.235751294921875 0.6311953354591837 0.240932642578125 0.6370262385204082 0.2487046630859375
1 0.6370262385204082 0.0725388603515625 0.645772594387755 0.0725388603515625 0.6486880471938776 0.0699481865234375 0.6530612244897959 0.062176166015625 0.6545189502551021 0.0544041455078125 0.6574344017857143 0.0492227978515625 0.6574344017857143 0.0362694296875 0.6545189502551021 0.0310880830078125 0.6472303201530611 0.0259067353515625 0.6311953354591837 0.0362694296875 0.6297376096938776 0.038860103515625 0.6297376096938776 0.056994818359375 0.6311953354591837 0.062176166015625 0.6370262385204082 0.0725388603515625
1 0.8206997079081633 0.2305699482421875 0.8236151607142858 0.2279792744140625 0.8261676390306122 0.2286813466796875 0.8305758022959183 0.22369430078125 0.8323615165816326 0.21502590625 0.8338192423469388 0.2098445595703125 0.8338192423469388 0.19689119140625 0.8309037895408163 0.1917098447265625 0.8206997079081633 0.1917098447265625 0.8119533533163265 0.199481865234375 0.8104956262755102 0.2020725390625 0.8104956262755102 0.217616580078125 0.8163265306122449 0.2279792744140625 0.8206997079081633 0.2305699482421875