8 0.20908041875 0.800518134375 0.2075301 0.777202071875 0.17342309166666667 0.73834196875 0.15326895000000001 0.743523315625 0.1393160833333333 0.76165803125 0.1393160833333333 0.8056994812499999 0.15481926875 0.8393782390625001 0.18892627708333334 0.8393782390625001 0.20908041875 0.800518134375
8 0.22939598958333332 0.7176165796875 0.23094630624999998 0.6968911921875 0.2216443958333333 0.68134715 0.17823547708333332 0.6787564765625 0.16273228958333333 0.7046632125000001 0.16118197291666667 0.7176165796875 0.17203420208333334 0.73834196875 0.19838961875 0.7538860109375001 0.22939598958333332 0.7176165796875
8 0.3470161375 0.25388601093749996 0.3156686375 0.2487046625 0.29529276041666663 0.2746113984375 0.2999948854166667 0.3264248703125 0.31723601041666666 0.33937823906250003 0.34388138749999997 0.33937823906250003 0.35485301249999995 0.28497409375 0.3470161375 0.25388601093749996
8 0.46126700625 0.334196890625 0.45665344375 0.3031088078125 0.43453756458333337 0.2997772015625 0.4182070916666667 0.277202071875 0.3812985916666667 0.3082901546875 0.3812985916666667 0.35233160625000004 0.4151313833333334 0.37564766875 0.4505020270833333 0.357512953125 0.46126700625 0.334196890625
8 0.4574283145833334 0.1839378234375 0.4652421479166666 0.1917098453125 0.47930705208333335 0.1839378234375 0.48868365625 0.1606217609375 0.49285155416666665 0.10979533749999999 0.48868365625 0.095854921875 0.46055384791666665 0.072538859375 0.4418006416666667 0.075129534375 0.43086127291666665 0.0932642484375 0.43086127291666665 0.12435233125 0.4574283145833334 0.1839378234375
6 0.7251154041666666 0.186528496875 0.7251154041666666 0.16321243593749998 0.7186178333333333 0.152849740625 0.70237390625 0.15025906718749998 0.6845055875 0.165803109375 0.6845055875 0.1968911921875 0.6958763354166667 0.21761657968749998 0.7088714770833333 0.21502590625 0.7251154041666666 0.186528496875
3 0.5990843041666667 0.0595854921875 0.5763428083333333 0.056994818749999995 0.5665964520833333 0.06994818593749999 0.5649720604166667 0.095854921875 0.5747184166666667 0.119170984375 0.5942111270833333 0.11658031093750001 0.605581875 0.09067357499999999 0.5990843041666667 0.0595854921875
5 0.5785435916666667 0.2694300515625 0.5997509708333334 0.23834196875 0.5785435916666667 0.2409326421875 0.5605988833333334 0.25647668437500004 0.56386155625 0.272020725 0.5785435916666667 0.2694300515625
5 0.5907534020833333 0.2020725390625 0.6216168604166667 0.243523315625 0.6151192895833333 0.1891191703125 0.5842558312499999 0.165803109375 0.5810070458333333 0.17616580312500002 0.5907534020833333 0.2020725390625
3 0.6201591354166667 0.409326425 0.6154734562499999 0.3834196890625 0.5889212833333333 0.380829015625 0.57330235625 0.3678756484375 0.5592453229166666 0.3834196890625 0.55768343125 0.41968911875000003 0.57330235625 0.4507772015625 0.5982926375000001 0.44300518125000005 0.6201591354166667 0.409326425
6 0.6862224666666666 0.6139896375 0.6696610791666667 0.6139896375 0.6597242458333333 0.6269430046875 0.6646926625 0.6683937828125 0.6829101875 0.6632124359375 0.6945031583333333 0.642487046875 0.6945031583333333 0.62435233125 0.6862224666666666 0.6139896375
6 0.6571130416666667 0.6450777203125 0.6422889625 0.642487046875 0.6291120020833334 0.67098445625 0.6324062416666667 0.6891191703125 0.6488774395833333 0.6917098453125 0.6620544 0.6839378234375 0.6653486395833333 0.665803109375 0.6571130416666667 0.6450777203125
6 0.6585945104166666 0.7305699484375 0.6554535749999999 0.7350621765625001 0.6507106416666667 0.7357512953125 0.6428267729166667 0.7461139890624999 0.63494290625 0.766839378125 0.64913386875 0.7746113984375 0.6664783770833334 0.7746113984375 0.6775157916666666 0.766839378125 0.68855320625 0.7461139890624999 0.6901299812499999 0.73834196875 0.6901299812499999 0.720207253125 0.68855320625 0.71502590625 0.6853996583333333 0.7124352328125 0.6838228875 0.71502590625 0.6775157916666666 0.71502590625 0.6585945104166666 0.7305699484375
6 0.6441391958333333 0.720207253125 0.6245874958333334 0.72734715 0.61663349375 0.7461139890624999 0.6117795458333333 0.7538860109375001 0.6101615645833333 0.7590673578125 0.6117795458333333 0.76165803125 0.6214874416666666 0.766839378125 0.6263413895833333 0.766839378125 0.6307536270833333 0.765196890625 0.6376672645833333 0.7642487046875 0.64051653125 0.7598471499999999 0.6457571770833332 0.7461139890624999 0.65222910625 0.7357512953125 0.65222910625 0.727979275 0.6489931416666667 0.722797928125 0.6441391958333333 0.720207253125
3 0.6779522520833333 0.4689119171875 0.6747917020833333 0.471502590625 0.6684706020833333 0.481865284375 0.6684706020833333 0.49740932656250003 0.6732114291666667 0.5129533671875001 0.6795325270833333 0.518134715625 0.7016563770833333 0.5155440421875 0.7032366520833333 0.5129533671875001 0.7079774770833333 0.5129533671875001 0.714298575 0.5077720203125 0.7221999520833333 0.494818653125 0.7221999520833333 0.481865284375 0.7063972020833333 0.4689119171875 0.6779522520833333 0.4689119171875
3 0.5412525395833333 0.22279792812500002 0.5379583 0.22020725312499997 0.51983998125 0.22020725312499997 0.5181928625 0.22279792812500002 0.51160438125 0.22279792812500002 0.5083101416666667 0.2253886015625 0.5066630229166666 0.23056994843749998 0.5066630229166666 0.23834196875 0.5083101416666667 0.2461139890625 0.5148986208333334 0.2590673578125 0.5231342208333333 0.2642487046875 0.5313698208333333 0.2642487046875 0.5379583 0.25647668437500004 0.5379583 0.2487046625 0.5412525395833333 0.2409326421875 0.5412525395833333 0.23316062187500003 0.5428996604166667 0.23056994843749998 0.5412525395833333 0.22279792812500002
7 0.52754115 0.2694300515625 0.51723229375 0.26165803125 0.5120778666666667 0.2642487046875 0.5069234395833333 0.2746113984375 0.5052052958333333 0.290155440625 0.5069234395833333 0.2927461140625 0.5069234395833333 0.3031088078125 0.5086415812499999 0.3082901546875 0.5120778666666667 0.313471503125 0.5120778666666667 0.3160621765625 0.51723229375 0.31865285 0.5241048645833334 0.3160621765625 0.5309774354166666 0.3031088078125 0.5326955791666667 0.29533678750000003 0.5326955791666667 0.279792746875 0.52754115 0.2694300515625
8 0.161705675 0.39119170937500003 0.14799090208333335 0.37564766875 0.13122840416666667 0.3652849734375 0.10989431666666666 0.3652849734375 0.10227499583333333 0.3678756484375 0.08856022499999999 0.380829015625 0.08246477083333333 0.39637305624999997 0.08246477083333333 0.43782383437499994 0.09160795208333333 0.4637305703125 0.10532272291666667 0.481865284375 0.13122840416666667 0.48704663281249994 0.14341931249999998 0.49740932656250003 0.1556102208333333 0.5 0.16627726458333333 0.494818653125 0.17389658333333333 0.481865284375 0.17846817291666667 0.46632124375000006 0.17846817291666667 0.4352331609375 0.17237271875000001 0.41191709843749996 0.161705675 0.39119170937500003
3 0.50555251875 0.038860103125 0.50228984375 0.044041449999999996 0.50228984375 0.0544041453125 0.5039211812500001 0.0595854921875 0.5120778666666667 0.06994818593749999 0.5218658895833334 0.06994818593749999 0.5267599 0.06735751250000001 0.5365479229166666 0.0595854921875 0.5414419333333333 0.0492227984375 0.5414419333333333 0.038860103125 0.5365479229166666 0.0310880828125 0.5202345520833334 0.0310880828125 0.50555251875 0.038860103125
1 0.6393934458333334 0.2072538859375 0.6326853499999999 0.21761657968749998 0.6293313 0.21761657968749998 0.6276542749999999 0.22279792812500002 0.6276542749999999 0.2357512953125 0.6293313 0.2409326421875 0.6360393979166666 0.2487046625 0.6444245187500001 0.2487046625 0.6461015416666667 0.2461139890625 0.6511326145833334 0.2461139890625 0.6595177354166667 0.22797927499999998 0.6595177354166667 0.21502590625 0.6544866645833333 0.2046632125 0.6427474958333333 0.2046632125 0.6393934458333334 0.2072538859375
1 0.6477785666666667 0.025906735937499998 0.6293313 0.0362694296875 0.6276542749999999 0.038860103125 0.6276542749999999 0.056994818749999995 0.6293313 0.062176165625 0.6360393979166666 0.072538859375 0.6461015416666667 0.072538859375 0.6494555895833333 0.06994818593749999 0.6544866645833333 0.062176165625 0.6561636875 0.0544041453125 0.6595177354166667 0.0492227984375 0.6595177354166667 0.0362694296875 0.6561636875 0.0310880828125 0.6477785666666667 0.025906735937499998
1 0.8204392916666666 0.1917098453125 0.8101304354166667 0.199481865625 0.8084122937499999 0.2020725390625 0.8084122937499999 0.21761657968749998 0.8152848645833333 0.22797927499999998 0.8204392916666666 0.23056994843749998 0.8238755770833334 0.22797927499999998 0.82688404375 0.22868134687500002 0.8320797083333333 0.2236943 0.8341844333333334 0.21502590625 0.835902575 0.20984455937500002 0.835902575 0.1968911921875 0.8324662895833334 0.1917098453125 0.8204392916666666 0.1917098453125