8 0.20699708541666664 0.800518134375 0.2055393583333333 0.777202071875 0.1734693875 0.73834196875 0.15451895 0.743523315625 0.14139941666666667 0.76165803125 0.14139941666666667 0.8056994812499999 0.15597667708333332 0.8393782390625001 0.18804664791666664 0.8393782390625001 0.20699708541666664 0.800518134375
8 0.22740524791666666 0.7176165796875 0.22886297291666666 0.6968911921875 0.22011661875 0.68134715 0.17930029166666667 0.6787564765625 0.16472303124999998 0.7046632125000001 0.16326530625 0.7176165796875 0.1734693875 0.73834196875 0.19825072916666667 0.7538860109375001 0.22740524791666666 0.7176165796875
8 0.3527696791666666 0.28497409375 0.34548105 0.25388601093749996 0.31632653125 0.2487046625 0.29737609374999996 0.2746113984375 0.30174927083333336 0.3264248703125 0.31778425625 0.33937823906250003 0.3425655979166667 0.33937823906250003 0.3527696791666666 0.28497409375
8 0.4591836729166667 0.334196890625 0.45481049583333333 0.3031088078125 0.43384693958333337 0.2997772015625 0.4183673479166667 0.277202071875 0.383381925 0.3082901546875 0.383381925 0.35233160625000004 0.41545189583333336 0.37564766875 0.4489795916666666 0.357512953125 0.4591836729166667 0.334196890625
8 0.47813411041666665 0.1839378234375 0.4868804666666666 0.1606217609375 0.4907682208333333 0.10979533749999999 0.4868804666666666 0.095854921875 0.4606414 0.072538859375 0.44314868749999997 0.075129534375 0.43294460625000003 0.0932642484375 0.43294460625000003 0.12435233125 0.45772594791666665 0.1839378234375 0.4650145770833333 0.1917098453125 0.47813411041666665 0.1839378234375
6 0.7230320708333333 0.186528496875 0.7230320708333333 0.16321243593749998 0.7172011666666667 0.152849740625 0.70262390625 0.15025906718749998 0.6865889208333333 0.165803109375 0.6865889208333333 0.1968911921875 0.6967930020833334 0.21761657968749998 0.7084548104166667 0.21502590625 0.7230320708333333 0.186528496875
3 0.6034985416666667 0.09067357499999999 0.5976676375000001 0.0595854921875 0.577259475 0.056994818749999995 0.56851311875 0.06994818593749999 0.56705539375 0.095854921875 0.57580175 0.119170984375 0.5932944604166667 0.11658031093750001 0.6034985416666667 0.09067357499999999
5 0.5787172020833334 0.2409326421875 0.5626822166666667 0.25647668437500004 0.5655976666666667 0.272020725 0.5787172020833334 0.2694300515625 0.5976676375000001 0.23834196875 0.5787172020833334 0.2409326421875
5 0.6137026229166668 0.1891191703125 0.58600583125 0.165803109375 0.5830903791666666 0.17616580312500002 0.5918367354166667 0.2020725390625 0.6195335270833334 0.243523315625 0.6137026229166668 0.1891191703125
3 0.6180758020833333 0.409326425 0.6137026229166668 0.3834196890625 0.5889212833333333 0.380829015625 0.5743440229166666 0.3678756484375 0.5612244895833334 0.3834196890625 0.5597667645833333 0.41968911875000003 0.5743440229166666 0.4507772015625 0.5976676375000001 0.44300518125000005 0.6180758020833333 0.409326425
6 0.692419825 0.62435233125 0.6851311958333334 0.6139896375 0.6705539354166666 0.6139896375 0.6618075791666667 0.6269430046875 0.6661807583333333 0.6683937828125 0.6822157437499999 0.6632124359375 0.692419825 0.642487046875 0.692419825 0.62435233125
6 0.66326530625 0.665803109375 0.6559766770833334 0.6450777203125 0.64285714375 0.642487046875 0.6311953354166667 0.67098445625 0.6341107874999999 0.6891191703125 0.6486880458333334 0.6917098453125 0.6603498541666667 0.6839378234375 0.66326530625 0.665803109375
6 0.6763848395833333 0.766839378125 0.6865889208333333 0.7461139890624999 0.6880466479166666 0.73834196875 0.6880466479166666 0.720207253125 0.6865889208333333 0.71502590625 0.68367346875 0.7124352328125 0.6822157437499999 0.71502590625 0.6763848395833333 0.71502590625 0.6588921291666666 0.7305699484375 0.6559883375 0.7350621765625001 0.6516034979166666 0.7357512953125 0.64431486875 0.7461139890624999 0.6370262395833334 0.766839378125 0.6501457729166666 0.7746113984375 0.6661807583333333 0.7746113984375 0.6763848395833333 0.766839378125
6 0.6268221583333333 0.766839378125 0.6307973770833333 0.765196890625 0.6370262395833334 0.7642487046875 0.63959329375 0.7598471499999999 0.64431486875 0.7461139890624999 0.6501457729166666 0.7357512953125 0.6501457729166666 0.727979275 0.6472303208333333 0.722797928125 0.64285714375 0.720207253125 0.6252419833333334 0.72734715 0.6180758020833333 0.7461139890624999 0.6137026229166668 0.7538860109375001 0.6122448979166666 0.7590673578125 0.6137026229166668 0.76165803125 0.6224489791666666 0.766839378125 0.6268221583333333 0.766839378125
3 0.6807580166666667 0.518134715625 0.7011661812500001 0.5155440421875 0.70262390625 0.5129533671875001 0.7069970854166667 0.5129533671875001 0.7128279875000001 0.5077720203125 0.72011661875 0.494818653125 0.72011661875 0.481865284375 0.7055393583333333 0.4689119171875 0.6793002916666667 0.4689119171875 0.6763848395833333 0.471502590625 0.6705539354166666 0.481865284375 0.6705539354166666 0.49740932656250003 0.6749271145833333 0.5129533671875001 0.6807580166666667 0.518134715625
3 0.5160349854166667 0.2590673578125 0.5233236145833333 0.2642487046875 0.5306122458333333 0.2642487046875 0.5364431479166666 0.25647668437500004 0.5364431479166666 0.2487046625 0.5393586 0.2409326421875 0.5393586 0.23316062187500003 0.5408163270833334 0.23056994843749998 0.5393586 0.22279792812500002 0.5364431479166666 0.22020725312499997 0.5204081625 0.22020725312499997 0.5189504375 0.22279792812500002 0.5131195333333334 0.22279792812500002 0.5102040812499999 0.2253886015625 0.50874635625 0.23056994843749998 0.50874635625 0.23834196875 0.5102040812499999 0.2461139890625 0.5160349854166667 0.2590673578125
7 0.5102040812499999 0.3082901546875 0.5131195333333334 0.313471503125 0.5131195333333334 0.3160621765625 0.5174927104166667 0.31865285 0.5233236145833333 0.3160621765625 0.52915451875 0.3031088078125 0.5306122458333333 0.29533678750000003 0.5306122458333333 0.279792746875 0.5262390666666666 0.2694300515625 0.5174927104166667 0.26165803125 0.5131195333333334 0.2642487046875 0.50874635625 0.2746113984375 0.5072886291666666 0.290155440625 0.50874635625 0.2927461140625 0.50874635625 0.3031088078125 0.5102040812499999 0.3082901546875
8 0.13119533541666667 0.48704663281249994 0.14285714375 0.49740932656250003 0.15451895 0.5 0.16472303124999998 0.494818653125 0.1720116625 0.481865284375 0.1763848395833333 0.46632124375000006 0.1763848395833333 0.4352331609375 0.17055393541666666 0.41191709843749996 0.16034985416666667 0.39119170937500003 0.14723032083333332 0.37564766875 0.13119533541666667 0.3652849734375 0.11078717291666668 0.3652849734375 0.10349854166666667 0.3678756484375 0.09037900833333333 0.380829015625 0.08454810416666667 0.39637305624999997 0.08454810416666667 0.43782383437499994 0.09329446041666666 0.4637305703125 0.10641399374999999 0.481865284375 0.13119533541666667 0.48704663281249994
3 0.5131195333333334 0.06994818593749999 0.5218658895833334 0.06994818593749999 0.5262390666666666 0.06735751250000001 0.5349854229166666 0.0595854921875 0.5393586 0.0492227984375 0.5393586 0.038860103125 0.5349854229166666 0.0310880828125 0.5204081625 0.0310880828125 0.5072886291666666 0.038860103125 0.5043731770833333 0.044041449999999996 0.5043731770833333 0.0544041453125 0.5058309041666667 0.0595854921875 0.5131195333333334 0.06994818593749999
1 0.6370262395833334 0.2487046625 0.64431486875 0.2487046625 0.64577259375 0.2461139890625 0.6501457729166666 0.2461139890625 0.6574344020833334 0.22797927499999998 0.6574344020833334 0.21502590625 0.653061225 0.2046632125 0.64285714375 0.2046632125 0.6399416916666667 0.2072538859375 0.6341107874999999 0.21761657968749998 0.6311953354166667 0.21761657968749998 0.6297376083333333 0.22279792812500002 0.6297376083333333 0.2357512953125 0.6311953354166667 0.2409326421875 0.6370262395833334 0.2487046625
1 0.6370262395833334 0.072538859375 0.64577259375 0.072538859375 0.6486880458333334 0.06994818593749999 0.653061225 0.062176165625 0.65451895 0.0544041453125 0.6574344020833334 0.0492227984375 0.6574344020833334 0.0362694296875 0.65451895 0.0310880828125 0.6472303208333333 0.025906735937499998 0.6311953354166667 0.0362694296875 0.6297376083333333 0.038860103125 0.6297376083333333 0.056994818749999995 0.6311953354166667 0.062176165625 0.6370262395833334 0.072538859375
1 0.8206997083333333 0.23056994843749998 0.8236151604166667 0.22797927499999998 0.8261676375 0.22868134687500002 0.8305758020833333 0.2236943 0.8323615166666667 0.21502590625 0.8338192416666667 0.20984455937500002 0.8338192416666667 0.1968911921875 0.8309037895833333 0.1917098453125 0.8206997083333333 0.1917098453125 0.8119533520833334 0.199481865625 0.8104956270833333 0.2020725390625 0.8104956270833333 0.21761657968749998 0.81632653125 0.22797927499999998 0.8206997083333333 0.23056994843749998