7 0.5134382895833334 0.3439567046875 0.4882076791666667 0.3595911 0.48117619791666666 0.360793746875 0.4757991833333334 0.36861094375 0.47455833333333336 0.3926638609375 0.47662641666666666 0.39987973593750004 0.48324428125 0.40829825625 0.4853123645833334 0.4149128078125 0.49896171041666665 0.435959109375 0.5055795750000001 0.452194828125 0.5320510354166667 0.453998796875 0.5378416666666667 0.450390859375 0.53742805 0.4064942875 0.5324646520833334 0.333734215625 0.53039656875 0.3271196625 0.5134382895833334 0.3439567046875
2 0.7116261500000001 0.4942874328125 0.7069077583333333 0.48406494218749996 0.7003020125 0.48466626562500004 0.6993583333333333 0.49849669218750003 0.7017175291666666 0.5093205046875 0.7092669541666666 0.5141310890625 0.7130416666666667 0.5057125671875 0.7116261500000001 0.4942874328125
2 0.5457371208333334 0.966927240625 0.5437583333333333 0.974143115625 0.5447477270833333 0.978352375 0.5546416666666667 0.9849669265625 0.553157575 0.9681298859374999 0.5487053020833332 0.9627179796875 0.5457371208333334 0.966927240625
3 0.5007472229166666 0.5923030671875 0.49652320833333335 0.5796752859375001 0.4897647854166667 0.5676488281250001 0.4830063625 0.5784726390625 0.47455833333333336 0.6211665671875 0.4749807354166667 0.642814190625 0.47962715 0.664461815625 0.49610080625 0.693325315625 0.5053936375 0.7035478046875 0.5104624541666667 0.705953096875 0.5138416666666666 0.691521346875 0.5104624541666667 0.6722790140625 0.5037040312500001 0.657245940625 0.5011696229166667 0.6467227906249999 0.5011696229166667 0.6343956703125 0.5041264333333333 0.6157546609375 0.5007472229166666 0.5923030671875
7 0.5348240666666667 0.283793746875 0.5278496 0.27958448593749996 0.52620855 0.260342153125 0.5229264479166666 0.2489170171875 0.5184135583333334 0.2128376421875 0.51472119375 0.15150270625 0.506105675 0.12744978906249999 0.4987209458333333 0.1166259765625 0.49051569166666664 0.1136193625 0.4745154458333333 0.12624714374999998 0.4585152 0.1509013828125 0.45400231041666667 0.16232651874999998 0.45154073333333333 0.1749543 0.45236125833333335 0.193595309375 0.4617973020833333 0.2489170171875 0.46589992916666667 0.2537276 0.4777975479166667 0.25913950625000004 0.4777975479166667 0.281989778125 0.46877176875 0.28078713125 0.46631019166666665 0.283793746875 0.47000255625 0.3246837046875 0.47164360625 0.3288929640625 0.4749257083333333 0.3294942875 0.49051569166666664 0.3150625375 0.5348240666666667 0.283793746875
0 0.7863833333333333 0.3728202046875 0.8008687499999999 0.371617559375 0.8093895833333333 0.36139506875 0.8102416666666666 0.35778713125 0.8093895833333333 0.35237522499999996 0.807259375 0.349969934375 0.7761583333333333 0.3559831625 0.7761583333333333 0.3619963921875 0.7782885416666667 0.3674082984375 0.7863833333333333 0.3728202046875
6 0.8883563270833333 0.4197233921875 0.8816476854166667 0.42633794375 0.8753583333333333 0.44978953749999995 0.8753583333333333 0.46542393281249994 0.879970525 0.47745039062499994 0.8921299375 0.48947684843749995 0.8984192895833334 0.49128081718749994 0.9068050916666667 0.490078171875 0.9139330250000001 0.48226097343749996 0.9206416666666667 0.45520144374999993 0.9198030854166667 0.44076969374999997 0.9156101854166666 0.432351171875 0.9076436729166667 0.4239326515625 0.8963228395833334 0.41912206875 0.8883563270833333 0.4197233921875
6 0.9722052770833333 0.3457606734375 0.9619778375 0.32892363125 0.931295525 0.3036680703125 0.9153407208333333 0.2964521953125 0.9034768916666667 0.2964521953125 0.8961131375 0.3024654234375 0.8883402833333334 0.31449188281249996 0.88056743125 0.337342153125 0.8801583333333334 0.34696331874999997 0.8817947229166666 0.355381840625 0.8891584791666667 0.37221888125 0.8944767458333334 0.38003607968750003 0.9124770375 0.40048105781250004 0.9353865 0.4149128078125 0.9439775479166667 0.4161154546875 0.95093220625 0.4143114859375 0.9587050583333333 0.4064942875 0.9640233270833334 0.395670475 0.9738416666666667 0.362597715625 0.9722052770833333 0.3457606734375
6 1 0.5149154421875 0.996029475 0.5123271203125 0.9905787041666667 0.504509921875 0.9826121916666666 0.49849669218750003 0.9725492291666666 0.49969933906249997 0.962066975 0.5075165359375 0.9561969145833333 0.5177390265625 0.9553583333333333 0.5285628375 0.957874075 0.5381840046875 0.962066975 0.5472038484375 0.9712913583333334 0.5586289843750001 0.9868050916666667 0.5658448593750001 1 0.5641245484375 1 0.5149154421875
0 0.9222255374999999 0.4257366203125 0.9201695333333333 0.428743234375 0.9197583333333333 0.435959109375 0.9226367375 0.44317498437499997 0.93990716875 0.45520144374999993 0.9542991937499999 0.46181599531249995 0.9633456083333333 0.46001202656249995 0.9908960583333334 0.438965725 0.9962416666666667 0.43114852656249997 0.9921296604166667 0.4197233921875 0.98678405 0.4149128078125 0.9629344083333333 0.4281419125 0.943607975 0.42994588125 0.9222255374999999 0.4257366203125
0 0.9571527770833334 0.4233313296875 0.9708416666666667 0.425135296875 0.9858138895833334 0.4167167765625 0.9862416666666667 0.40829825625 0.9832472229166667 0.40288635 0.9781138895833333 0.40288635 0.9704138895833334 0.4070956109375 0.9580083333333334 0.4095009015625 0.9545861104166666 0.4131088390625 0.9541583333333333 0.4161154546875 0.9571527770833334 0.4233313296875
6 0.7401583333333334 0.9428743234375 0.7401583333333334 0.9506915218750001 0.7447725083333334 0.9585087187499999 0.75525926875 0.9657245937500001 0.7716186145833334 0.972339146875 0.7821053729166666 0.9675285625000001 0.7850416666666666 0.952495490625 0.77916908125 0.9350571249999999 0.7632292062499999 0.9248346359375 0.7573566208333333 0.9242333140625 0.7502256229166666 0.9272399281249999 0.74267515625 0.9362597718749999 0.7401583333333334 0.9428743234375
6 1 0.92474595625 0.9973548604166667 0.9194227296875 0.99447890625 0.9049909796875 0.9850293395833333 0.889356584375 0.9587348958333333 0.8628983765625 0.9357272562500001 0.8448586890625001 0.92833194375 0.8430547203125001 0.9217583333333333 0.8484666265625 0.9225800354166667 0.8665063140625 0.9291536458333333 0.903788334375 0.9369598083333333 0.9116055328125 0.95051788125 0.9326518343749999 0.9595565979166667 0.9398677093750001 0.9788665791666666 0.961515334375 0.9903704 0.9699338546874999 1 0.9704976125 1 0.92474595625
11 0.8889749458333333 0.6476247749999999 0.8853140687500001 0.6440168374999999 0.8238926958333334 0.6193625984375 0.8198250541666667 0.6217678890625 0.8055883125 0.6452194828125 0.7917583333333333 0.6692724 0.7921650979166667 0.6776909203125 0.8120965375 0.731208659375 0.8210453458333333 0.7414311484375 0.8344685604166667 0.749248346875 0.8535864708333333 0.7558628984375 0.8751449666666667 0.7504509921875 0.90809285625 0.73361395 0.9170416666666666 0.7251954296875 0.9166349020833333 0.720384846875 0.8930425875 0.657245940625 0.8889749458333333 0.6476247749999999
7 0.6800084 0.82200841875 0.6697983875 0.8208057734375 0.661221975 0.829825615625 0.6575463708333333 0.84906795 0.6575463708333333 0.8622970531249999 0.6375347437500001 0.9146121468749999 0.6314087374999999 0.9380637406250001 0.6297751354166666 0.9530968124999999 0.6289583333333333 0.9747444375000001 0.6314087374999999 0.9825616359374999 0.6412103499999999 0.9993986765624999 0.70328723125 0.9993986765624999 0.7053292333333334 0.9867708953125 0.7183980520833334 0.9392663859375 0.7290164645833334 0.9116055328125 0.7302416666666667 0.9049909796875 0.7294248645833333 0.8941671671875 0.7175812500000001 0.86891160625 0.6955276208333333 0.8376428140625001 0.6800084 0.82200841875
11 1 0.7616124828124999 0.92014816875 0.7288033671874999 0.90356408125 0.7360192421875 0.8873844833333333 0.7486470234375 0.8732273354166666 0.7564642218750001 0.8481489583333333 0.754660253125 0.8335873208333333 0.7504509921875 0.8133628229166666 0.73541791875 0.8129583333333333 0.740228503125 0.8149807833333333 0.747444378125 0.87889019375 0.9374624171875 0.88293509375 0.9452796156250001 1 0.99132906875 1 0.7616124828124999
7 0.4836017166666667 0.6758869515625 0.48152512291666666 0.6686710765625 0.4777872541666667 0.6686710765625 0.47363406875 0.6794948890625 0.46781960833333336 0.7047504515624999 0.46657365208333335 0.7197835234375 0.46615833333333334 0.72820204375 0.474880025 0.755261575 0.49149276875 0.7793144921875 0.51433529375 0.7991581484375 0.51682720625 0.7943475640625 0.5180731625 0.7829224296875 0.5213957104166667 0.7757065546875 0.5226416666666667 0.767288034375 0.5213957104166667 0.7516536375 0.5076901958333333 0.7089597109375 0.49232340625 0.689717378125 0.4836017166666667 0.6758869515625
7 0.5375828354166666 0.7799158140625 0.5292267104166667 0.75345760625 0.5250486458333333 0.7504509921875 0.5212883895833333 0.7594708359375 0.5204527770833333 0.77871316875 0.5150212958333333 0.798556825 0.5104254270833334 0.82561635625 0.5054117520833333 0.8412507515625001 0.5041583333333334 0.8520745640625 0.5041583333333334 0.871316896875 0.5070829770833334 0.8815393859375 0.5267198708333333 0.9122068546875 0.5459389604166667 0.9350571249999999 0.5488636041666666 0.9374624171875 0.5509526354166667 0.9362597718749999 0.5522060541666666 0.9344558031249999 0.5530416666666667 0.9152134703125 0.5496992166666667 0.8797354171875 0.5509526354166667 0.8665063140625 0.5471923791666666 0.8340348765625001 0.5375828354166666 0.7799158140625
3 0.33617471250000003 0.5093205046875 0.33157715416666667 0.500901984375 0.32112816041666664 0.499098015625 0.30900732708333334 0.504509921875 0.30106609166666665 0.5159350578125 0.2985583333333333 0.5273601921875 0.2985583333333333 0.54119061875 0.30106609166666665 0.55201443125 0.30524568958333337 0.5604329531250001 0.3127689645833333 0.5688514734375001 0.32112816041666664 0.5724594109375001 0.32948735625 0.5724594109375001 0.3382645125 0.5676488281250001 0.3470416666666667 0.5586289843750001 0.3470416666666667 0.5502104625 0.3411902291666667 0.54119061875 0.33784655208333336 0.5285628375 0.33617471250000003 0.5093205046875
11 0.4094416666666667 0.17017438437500002 0.3828797708333333 0.07035478125 0.38042790416666666 0.069152134375 0.37838468125 0.070956103125 0.31218426666666665 0.14612146718750002 0.31095833333333334 0.153938665625 0.31422748958333335 0.17017438437500002 0.3338424270833333 0.23211064375 0.3416066729166667 0.2477450390625 0.35264007708333334 0.2555622375 0.36122161041666667 0.25736620625 0.3698031458333333 0.24473842499999998 0.38124519375 0.23872519531249997 0.39432181875 0.23872519531249997 0.3984082645833333 0.23451593437499998 0.40821573333333333 0.1918220078125 0.4094416666666667 0.17017438437500002
7 0.5326212958333333 0.32110643437499997 0.5305603791666667 0.328322309375 0.5363309458333333 0.4076969328125 0.5404527770833333 0.4167167765625 0.5565279249999999 0.4347564640625 0.5672446875 0.4401683703125 0.5767249020833333 0.438965725 0.5849685666666667 0.4257366203125 0.5874416666666666 0.41551413125 0.5767249020833333 0.1202645828125 0.5688934208333334 0.105231509375 0.5622984895833334 0.09861695781249999 0.5565279249999999 0.096211665625 0.5429258770833333 0.09861695781249999 0.5359187625 0.103427540625 0.5293238312499999 0.1118460609375 0.5202557999999999 0.1316897171875 0.5173705166666667 0.1443174984375 0.5169583333333333 0.16055321718749999 0.5198436166666667 0.2170775703125 0.5214923479166667 0.22489476874999997 0.5206679833333333 0.229104028125 0.5239654479166667 0.2555622375 0.5297360145833333 0.2790138296875 0.5284994645833333 0.283223090625 0.5317969291666667 0.286831028125 0.5363309458333333 0.28382441406250003 0.5470477104166667 0.3054720390625 0.5441624270833334 0.31088394531249997 0.5326212958333333 0.32110643437499997
4 0.9080016375 0.139506915625 0.9346047395833333 0.1154539984375 0.9394416666666667 0.107035478125 0.9394416666666667 0.099819603125 0.9293647333333334 0.0757666859375 0.9213031875 0.060132290624999994 0.9116293333333334 0.0499098015625 0.8934908541666666 0.0541190625 0.8414938833333333 0.0811785921875 0.81730924375 0.0883944671875 0.7935276833333333 0.090799759375 0.7596691895833333 0.0847865296875 0.69920759375 0.0643415515625 0.6850998895833332 0.05592303125 0.6802629625000001 0.05592303125 0.6758291104166666 0.061936259375000004 0.6673644875 0.0914010828125 0.6665583333333333 0.0992182796875 0.6709921833333333 0.108839446875 0.7173460729166667 0.14852675937499998 0.75805688125 0.1713770296875 0.7749861270833333 0.1846061328125 0.7802261333333332 0.1858087796875 0.7907061416666666 0.19302465468750002 0.8023953833333334 0.19603126875000002 0.8112630854166666 0.1954299453125 0.8354477229166667 0.1858087796875 0.8745462208333333 0.16235718593749998 0.9080016375 0.139506915625
11 0.5918143375 0.5453998796875 0.5914031354166667 0.5953096812500001 0.5930479395833334 0.5983162953125001 0.61031836875 0.5935057125000001 0.6662416666666666 0.5640408906250001 0.6477376354166666 0.5508117859375 0.6144303770833334 0.533373421875 0.5951039416666667 0.517137703125 0.5901695333333333 0.508117859375 0.5897583333333334 0.53036680625 0.5918143375 0.5453998796875
11 0.7054361104166667 0.544197234375 0.7131115083333334 0.5429945875 0.78582579375 0.5069152140625001 0.7874416666666666 0.502705953125 0.7866337291666666 0.4942874328125 0.7183630958333332 0.1653638 0.7131115083333334 0.14852675937499998 0.7054361104166667 0.1389055921875 0.59272896875 0.045700540625 0.5789940479166666 0.034876728125 0.5753583333333334 0.036079375000000004 0.5753583333333334 0.1154539984375 0.5862654770833333 0.4365604328125 0.58788135 0.446782921875 0.59798055625 0.455802765625 0.6185829374999999 0.48226097343749996 0.65857579375 0.5219482859375 0.6731186499999999 0.527961515625 0.6779662708333334 0.52675886875 0.6848337291666666 0.5057125671875 0.70503214375 0.517137703125 0.70422420625 0.536981359375 0.7054361104166667 0.544197234375
3 0.6529583333333334 0.157546603125 0.6563567458333334 0.166566446875 0.6695255958333333 0.1809981953125 0.6737736104166667 0.18159951875 0.6835440479166667 0.1773902578125 0.6886416666666667 0.1695730609375 0.6869424604166666 0.1545399875 0.6741984124999999 0.1401082375 0.6601799604166666 0.13710162343750001 0.6567815479166667 0.13830426875 0.6529583333333334 0.14612146718750002 0.6529583333333334 0.157546603125
4 0.17163495625 0.310282621875 0.16956504375 0.30968129843750003 0.16542522291666667 0.306674684375 0.16418327708333333 0.3018641015625 0.15838752708333334 0.2946482265625 0.1451401 0.2880336734375 0.1414142625 0.2910402890625 0.13975833333333335 0.304870715625 0.14017231458333335 0.3271196625 0.15590363541666666 0.35237522499999996 0.18129564166666665 0.3633433546875 0.18902220416666668 0.362597715625 0.1981298104166667 0.362597715625 0.20061370208333335 0.358989778125 0.20144166666666666 0.34335538125 0.19771582708333335 0.3180998203125 0.19564591666666667 0.310282621875 0.19109211458333333 0.3024654234375 0.18571034583333335 0.3000601328125 0.17163495625 0.310282621875
4 0.22877435000000002 0.2513529765625 0.21753489583333332 0.273601925 0.20005130208333333 0.286831028125 0.19422343749999998 0.29404690312500004 0.19422343749999998 0.303066746875 0.19255833333333333 0.30607336093750004 0.20254895833333333 0.32651834062499996 0.21253958333333334 0.333734215625 0.22835807291666665 0.333734215625 0.23751614583333333 0.32651834062499996 0.24251145833333335 0.3132892359375 0.24584166666666668 0.299458809375 0.24500911458333335 0.2754058921875 0.23834869791666666 0.259771496875 0.23252083333333334 0.2519543 0.22877435000000002 0.2513529765625
4 0.30715256458333334 0.1858087796875 0.30257628125 0.1834034875 0.28593525625 0.1942273 0.27511858958333335 0.1978352375 0.27179038541666667 0.20625375781250002 0.27095833333333336 0.2279013828125 0.2742865375 0.24654239375000003 0.2867673083333333 0.268791340625 0.29633589791666665 0.2766085390625 0.30590448750000004 0.277811184375 0.3113128208333333 0.276007215625 0.31921730833333334 0.26819001875000004 0.32337756458333333 0.25736620625 0.3250416666666667 0.24714371562499998 0.3229615375 0.2206855078125 0.31921730833333334 0.2056524359375 0.30715256458333334 0.1858087796875
0 0.2954416666666667 0.47564642187499995 0.29106041666666665 0.47564642187499995 0.28521875 0.4798556828125 0.28375833333333333 0.48647023437500003 0.28667916666666665 0.4924834640625 0.2920340270833333 0.493686109375 0.2954416666666667 0.4906794953125 0.2954416666666667 0.47564642187499995
0 0.3918416666666667 0.693325315625 0.39139206249999997 0.6891160546874999 0.38105118958333334 0.6788935656249999 0.37610555625 0.6800962109375 0.37295833333333334 0.6849067953125 0.37295833333333334 0.693325315625 0.3806015875 0.7017438359375 0.3877952375 0.700541190625 0.3918416666666667 0.693325315625
11 0.5319575750000001 0.6175586296875 0.5323765145833333 0.6037282015625001 0.5340522729166667 0.5935057125000001 0.5382416666666666 0.5917017437500001 0.5059833333333333 0.5490078171875 0.4963477270833333 0.5484064937500001 0.4929962125 0.551413109375 0.4938340916666667 0.5604329531250001 0.4921583333333333 0.5670475046875 0.4976045458333333 0.5766686703125 0.504307575 0.6193625984375 0.50011818125 0.63860493125 0.5017939395833333 0.653638003125 0.5072401520833333 0.6584485875 0.5093348479166667 0.6680697531249999 0.5147810604166667 0.6686710765625 0.5298628791666666 0.6488274203125 0.5344712125 0.6271797953125 0.5319575750000001 0.6175586296875
11 0.5470497333333333 0.8755261578125 0.5458343770833333 0.876728803125 0.5478599708333333 0.882140709375 0.5498855645833333 0.9212266984375 0.5490753270833333 0.9356584484375 0.5450241395833333 0.9392663859375 0.5434036645833333 0.9482862296875 0.5490753270833333 0.9777510515625 0.5559623458333333 0.9849669265625 0.5652800770833333 0.98556825 0.5863462520833332 0.9813589890625 0.5997151729166668 0.9825616359374999 0.6268581291666667 0.974143115625 0.6288837229166667 0.970535178125 0.6292888416666667 0.9500901984375 0.6357707416666667 0.9200240531249999 0.6535959666666666 0.86891160625 0.6612932229166667 0.8286229703125001 0.6730416666666666 0.7829224296875 0.6730416666666666 0.7702946484375001 0.5758131645833333 0.641010221875 0.5737875708333333 0.642814190625 0.5725722145833333 0.6506313890625 0.5689261458333333 0.6578472640624999 0.5579879395833333 0.6698737218749999 0.5470497333333333 0.6782922421875 0.5249707625 0.6939266390625 0.5126146395833333 0.6891160546874999 0.5126146395833333 0.6957306078125 0.5101839270833334 0.7035478046875 0.5081583333333334 0.7047504515624999 0.5093736895833333 0.7143716171875 0.5174760645833333 0.743836440625 0.5199067770833333 0.7480457 0.5255784395833333 0.751052315625 0.5324654583333334 0.7648827421875 0.5381371208333333 0.7877330125 0.5385422395833334 0.798556825 0.5438087833333333 0.8232110640625001 0.5470497333333333 0.8755261578125
11 0.23700412916666666 0.5381840046875 0.23618536041666666 0.5015033078125 0.23864166666666667 0.45460012031249997 0.15267094583333335 0.4275405890625 0.14816771874999998 0.4281419125 0.14775833333333335 0.4437763078125 0.1522615625 0.5213469640625 0.15635540625 0.55923030625 0.16167740208333334 0.571256765625 0.17232139583333334 0.5790739625 0.1784621625 0.5898977750000001 0.2177630625 0.6380036078125 0.22554136666666666 0.6404089 0.229225825 0.6470234515625 0.23331966875000001 0.6343956703125 0.2341384375 0.575466025 0.23700412916666666 0.5381840046875
0 0.24144166666666667 0.6819001796874999 0.2409615375 0.6740829828125 0.23712051250000002 0.67107636875 0.231358975 0.67107636875 0.22991858958333333 0.6734816593749999 0.22895833333333335 0.6788935656249999 0.231358975 0.6885147328125 0.23904102500000002 0.6891160546874999 0.24144166666666667 0.6819001796874999
4 0.23261785625 0.6343956703125 0.23175833333333334 0.646422128125 0.23347738125 0.6548406499999999 0.24078333333333332 0.655441971875 0.24980833333333333 0.651834034375 0.255825 0.6398075765625 0.26098214375 0.6235718578125 0.26184166666666664 0.6145520140625 0.26055238125 0.60613349375 0.2562547625 0.60252555625 0.24336190416666667 0.6139506921875 0.23390714375000002 0.62597715 0.23261785625 0.6343956703125
7 0.23895833333333333 0.604329525 0.24025598958333333 0.6103427546875 0.24328385416666667 0.6127480453125 0.25539531249999997 0.6013229109375 0.25928828125000003 0.5947083578125001 0.26664166666666667 0.553217078125 0.26404635416666666 0.544197234375 0.26015338541666666 0.542393265625 0.25453020833333334 0.5472038484375 0.24371640625 0.5670475046875 0.23939088541666667 0.5814792546875001 0.23895833333333333 0.604329525
4 0.29378656666666664 0.3884546 0.2717625625 0.4209260375 0.262204975 0.439567046875 0.26095833333333335 0.44317498437499997 0.26137388125 0.46361996406249995 0.2646982583333333 0.48226097343749996 0.2709314666666666 0.4834636203125 0.2804890541666667 0.48105832812499993 0.29711094583333336 0.47203848437499996 0.307915175 0.44257366249999996 0.31664166666666665 0.40829825625 0.31664166666666665 0.39807576718750004 0.3112395520833333 0.3770294640625 0.3066685333333333 0.3746241734375 0.29378656666666664 0.3884546
11 0.37921521666666663 0.48226097343749996 0.3670642520833333 0.45640408906249996 0.3577485104166667 0.4239326515625 0.34640760833333334 0.4064942875 0.34478747916666663 0.3944678296875 0.34762270625 0.3770294640625 0.35248309166666664 0.37221888125 0.35410322083333334 0.366806975 0.36098876875 0.360793746875 0.3644550333333333 0.3600360796875 0.36654135416666667 0.3548731203125 0.3721056875 0.3283692125 0.37697457916666666 0.32458328281250004 0.3727347020833333 0.3180998203125 0.3709464854166667 0.3108147921875 0.3653821520833333 0.301521346875 0.3613938 0.30426939218750004 0.35572335 0.310282621875 0.23826401041666667 0.45460012031249997 0.2342136875 0.5947083578125001 0.23056839791666667 0.642814190625 0.23178349375 0.6614552015624999 0.22975833333333334 0.6728803375 0.22975833333333334 0.7047504515624999 0.23259355833333334 0.7089597109375 0.2439344604166667 0.7107636796875 0.31684025833333335 0.709561034375 0.37840515208333336 0.7119663265625 0.39339134375 0.7089597109375 0.39744166666666664 0.705953096875 0.39177121666666664 0.5357787125 0.3832655395833333 0.504509921875 0.37921521666666663 0.48226097343749996
11 0.45664166666666667 0.6734816593749999 0.45500806458333337 0.6698737218749999 0.4537828625 0.6416115453125 0.4505156583333333 0.6247745046875 0.43540483958333337 0.6001202640625001 0.43295443541666667 0.5911004203125 0.4317292333333333 0.5718580875 0.4068168020833333 0.5033072765625 0.387213575 0.438965725 0.38843877708333335 0.41912206875 0.37332795625 0.3890559234375 0.3708775541666667 0.381238725 0.37210275625 0.37221888125 0.36883555208333335 0.36139506875 0.36393474375 0.358989778125 0.35780873750000003 0.36500300625 0.3586255375 0.368009621875 0.35535833333333333 0.3884546 0.36352634375000004 0.4473842453125 0.38190436875 0.49128081718749994 0.4149848125 0.646422128125 0.4162100125 0.659049909375 0.4239696229166666 0.6722790140625 0.43336283541666665 0.67468430625 0.4460232520833333 0.6855081171874999 0.4537828625 0.6855081171874999 0.45664166666666667 0.6812988578125 0.45664166666666667 0.6734816593749999
11 0.44716315 0.53036680625 0.43774334791666664 0.5057125671875 0.42136108541666667 0.48466626562500004 0.41276039791666663 0.45820805781249996 0.39146345625 0.42633794375 0.3881870020833333 0.4239326515625 0.38695833333333335 0.42633794375 0.38736788958333335 0.439567046875 0.4017023708333333 0.48827420312500003 0.4369242354166667 0.5868911609375 0.4459344791666667 0.6001202640625001 0.45453516875 0.6079374625 0.46682186458333336 0.61695730625 0.4737843270833333 0.6175586296875 0.4762416666666667 0.6115454 0.4758321104166667 0.5995189421875 0.46846009166666663 0.542393265625 0.45617339375000004 0.538785328125 0.44716315 0.53036680625
3 0.41344166666666665 0.82200841875 0.41344166666666665 0.812988575 0.4077902770833333 0.8051713765624999 0.39344444375 0.80396873125 0.3873583333333333 0.8105832828124999 0.38779305625 0.8165965125 0.3964875 0.8244137109375 0.4086597229166667 0.8268190015625001 0.41344166666666665 0.82200841875
3 0.44777598125 0.849669271875 0.45584166666666665 0.841852075 0.45541715625 0.831629584375 0.45117205833333335 0.826217678125 0.44353088333333335 0.8214070953125001 0.43037107916666667 0.82020445 0.42103186249999996 0.82561635625 0.41975833333333334 0.833433553125 0.43461617708333333 0.846061334375 0.44777598125 0.849669271875
3 0.4365583333333333 0.8833433546875 0.4391020125 0.8881539390625001 0.45563591875 0.9007817203125 0.46326695416666663 0.9025856890625 0.47174588125 0.9013830421875 0.4734416666666667 0.8989777515625 0.4730177208333333 0.8923631984375 0.4670824708333334 0.8743235125 0.44800488541666666 0.87251954375 0.4407977979166667 0.8737221890625 0.4365583333333333 0.8773301265625 0.4365583333333333 0.8833433546875
1 0.8256467958333332 0.4076969328125 0.8210705125000001 0.4070956109375 0.8181583333333333 0.4125075171875 0.8181583333333333 0.4221286828125 0.82439871875 0.4353577875 0.84145576875 0.45279615156249997 0.8518564104166667 0.45820805781249996 0.8576807687500001 0.457606734375 0.8630891020833332 0.452194828125 0.8709935895833334 0.434155140625 0.8722416666666667 0.425135296875 0.8714096145833333 0.4076969328125 0.8672493583333334 0.39987973593750004 0.8639211541666667 0.39747444375 0.8256467958333332 0.4076969328125
1 0.8234640104166666 0.1966325921875 0.8209734291666667 0.2020444984375 0.8205583333333333 0.2122669875 0.8263696854166667 0.2260974140625 0.8413131645833333 0.24293445624999999 0.85459625625 0.2513529765625 0.8604076083333333 0.2513529765625 0.8666340583333334 0.2459410703125 0.8741057979166666 0.23331328906249998 0.8778416666666666 0.2188815390625 0.8778416666666666 0.1978352375 0.8741057979166666 0.18821407031249998 0.8695397333333333 0.1834034875 0.8234640104166666 0.1966325921875
1 0.76766246875 0 0.7593583333333334 0.0102224890625 0.7601887479166667 0.0240529171875 0.7647560229166667 0.033072759374999997 0.7817795020833334 0.050511125000000004 0.7958965333333333 0.057726999999999994 0.8037854625 0.05592303125 0.8083527375 0.0499098015625 0.81250480625 0.038484665625 0.8162416666666666 0.018039687500000002 0.8158264604166666 0 0.76766246875 0