7 0.5136765791666666 0.3439567046875 0.4876153604166667 0.3595911 0.48035239583333333 0.360793746875 0.47479836666666664 0.36861094375 0.4735166666666667 0.3926638609375 0.47565283124999996 0.39987973593750004 0.48248856250000005 0.40829825625 0.4846247270833333 0.4149128078125 0.4987234208333333 0.435959109375 0.5055591500000001 0.452194828125 0.53290206875 0.453998796875 0.5388833333333333 0.450390859375 0.5384561 0.4064942875 0.5333293020833333 0.333734215625 0.5311931375 0.3271196625 0.5136765791666666 0.3439567046875
2 0.7124522979166666 0.4942874328125 0.7070155166666667 0.48406494218749996 0.6994040229166667 0.48466626562500004 0.6983166666666667 0.49849669218750003 0.7010350583333333 0.5093205046875 0.7097339083333334 0.5141310890625 0.7140833333333333 0.5057125671875 0.7124522979166666 0.4942874328125
2 0.5450742416666666 0.966927240625 0.5427166666666667 0.974143115625 0.5438954541666666 0.978352375 0.5556833333333333 0.9849669265625 0.5539151520833333 0.9681298859374999 0.54861060625 0.9627179796875 0.5450742416666666 0.966927240625
3 0.50109444375 0.5923030671875 0.49664641666666665 0.5796752859375001 0.48952957083333337 0.5676488281250001 0.482412725 0.5784726390625 0.4735166666666667 0.6211665671875 0.47396146875 0.642814190625 0.47885430208333335 0.664461815625 0.4962016125 0.693325315625 0.5059872750000001 0.7035478046875 0.5113249104166667 0.705953096875 0.5148833333333334 0.691521346875 0.5113249104166667 0.6722790140625 0.5042080645833333 0.657245940625 0.5015392479166667 0.6467227906249999 0.5015392479166667 0.6343956703125 0.5046528666666666 0.6157546609375 0.50109444375 0.5923030671875
7 0.5358657333333333 0.283793746875 0.5287168 0.27958448593749996 0.5270346979166667 0.260342153125 0.5236704958333334 0.2489170171875 0.5190447145833333 0.2128376421875 0.5152599854166666 0.15150270625 0.5064289520833333 0.12744978906249999 0.49885949375000005 0.1166259765625 0.49044898541666665 0.1136193625 0.4740484916666666 0.12624714374999998 0.457648 0.1509013828125 0.45302221875 0.16232651874999998 0.45049906666666667 0.1749543 0.4513401166666667 0.193595309375 0.4610122020833333 0.2489170171875 0.46521745833333333 0.2537276 0.47741269583333334 0.25913950625000004 0.47741269583333334 0.281989778125 0.46816113541666665 0.28078713125 0.46563798333333334 0.283793746875 0.4694227125 0.3246837046875 0.47110481458333336 0.3288929640625 0.47446901666666663 0.3294942875 0.49044898541666665 0.3150625375 0.5358657333333333 0.283793746875
0 0.7859666666666667 0.3728202046875 0.8013375 0.371617559375 0.8103791666666668 0.36139506875 0.8112833333333334 0.35778713125 0.8103791666666668 0.35237522499999996 0.80811875 0.349969934375 0.7751166666666667 0.3559831625 0.7751166666666667 0.3619963921875 0.7773770833333333 0.3674082984375 0.7859666666666667 0.3728202046875
6 0.8879126541666668 0.4197233921875 0.8808953708333332 0.42633794375 0.8743166666666667 0.44978953749999995 0.8743166666666667 0.46542393281249994 0.87914105 0.47745039062499994 0.8918598770833334 0.48947684843749995 0.89843858125 0.49128081718749994 0.9072101854166666 0.490078171875 0.9146660499999999 0.48226097343749996 0.9216833333333334 0.45520144374999993 0.9208061729166667 0.44076969374999997 0.9164203708333333 0.432351171875 0.9080873458333334 0.4239326515625 0.8962456791666666 0.41912206875 0.8879126541666668 0.4197233921875
6 0.9732105541666667 0.3457606734375 0.9627556770833333 0.32892363125 0.9313910479166666 0.3036680703125 0.9150814416666667 0.2964521953125 0.9029537854166667 0.2964521953125 0.8954262729166668 0.3024654234375 0.8874805666666667 0.31449188281249996 0.8795348625 0.337342153125 0.8791166666666667 0.34696331874999997 0.8807894458333333 0.355381840625 0.8883169583333334 0.37221888125 0.8937534937499999 0.38003607968750003 0.912154075 0.40048105781250004 0.9355729979166667 0.4149128078125 0.9443550937499999 0.4161154546875 0.9514644104166667 0.4143114859375 0.9594101166666668 0.4064942875 0.9648466520833333 0.395670475 0.9748833333333333 0.362597715625 0.9732105541666667 0.3457606734375
6 1 0.5142846609375 0.99685895 0.5123271203125 0.9911574083333333 0.504509921875 0.9828243833333333 0.49849669218750003 0.97229845625 0.49969933906249997 0.96133395 0.5075165359375 0.9551938270833333 0.5177390265625 0.9543166666666667 0.5285628375 0.9569481479166666 0.5381840046875 0.96133395 0.5472038484375 0.9709827166666667 0.5586289843750001 0.9872101854166666 0.5658448593750001 1 0.5642507046875 1 0.5142846609375
0 0.921251075 0.4257366203125 0.9191390687500001 0.428743234375 0.9187166666666666 0.435959109375 0.9216734770833334 0.44317498437499997 0.9394143375 0.45520144374999993 0.9541983875 0.46181599531249995 0.96349121875 0.46001202656249995 0.9917921145833334 0.438965725 0.9972833333333334 0.43114852656249997 0.99305931875 0.4197233921875 0.9875681000000001 0.4149128078125 0.9630688166666667 0.4281419125 0.94321595 0.42994588125 0.921251075 0.4257366203125
0 0.9563055562499999 0.4233313296875 0.9708833333333333 0.425135296875 0.9868277770833332 0.4167167765625 0.9872833333333334 0.40829825625 0.98409444375 0.40288635 0.9786277770833334 0.40288635 0.9704277770833334 0.4070956109375 0.9572166666666667 0.4095009015625 0.9535722229166667 0.4131088390625 0.9531166666666666 0.4161154546875 0.9563055562499999 0.4233313296875
6 0.7391166666666666 0.9428743234375 0.7391166666666666 0.9506915218750001 0.7439450145833334 0.9585087187499999 0.7549185354166668 0.9657245937500001 0.7720372270833333 0.972339146875 0.7830107479166667 0.9675285625000001 0.7860833333333334 0.952495490625 0.7799381625 0.9350571249999999 0.7632584104166666 0.9248346359375 0.7571132395833333 0.9242333140625 0.7496512458333334 0.9272399281249999 0.7417503125 0.9362597718749999 0.7391166666666666 0.9428743234375
6 1 0.9227368125 0.9983097229166666 0.9194227296875 0.9953578125 0.9049909796875 0.98565868125 0.889356584375 0.9586697916666667 0.8628983765625 0.9350545145833333 0.8448586890625001 0.9274638895833333 0.8430547203125001 0.9207166666666667 0.8484666265625 0.9215600687500001 0.8665063140625 0.9283072916666666 0.903788334375 0.93631961875 0.9116055328125 0.9502357645833333 0.9326518343749999 0.95951319375 0.9398677093750001 0.9793331604166667 0.961515334375 0.9911407979166668 0.9699338546874999 1 0.9704391640625 1 0.9227368125
11 0.8895498916666666 0.6476247749999999 0.8858281375 0.6440168374999999 0.8233853895833333 0.6193625984375 0.8192501083333333 0.6217678890625 0.8047766229166666 0.6452194828125 0.7907166666666666 0.6692724 0.7911301958333333 0.6776909203125 0.8113930729166667 0.731208659375 0.8204906916666667 0.7414311484375 0.8341371208333332 0.749248346875 0.85357294375 0.7558628984375 0.8754899354166666 0.7504509921875 0.9089857145833334 0.73361395 0.9180833333333334 0.7251954296875 0.9176698041666668 0.720384846875 0.8936851729166667 0.657245940625 0.8895498916666666 0.6476247749999999
7 0.6800168020833334 0.82200841875 0.669596775 0.8208057734375 0.6608439520833334 0.829825615625 0.6570927416666666 0.84906795 0.6570927416666666 0.8622970531249999 0.6366694895833334 0.9146121468749999 0.6304174729166667 0.9380637406250001 0.6287502687500001 0.9530968124999999 0.6279166666666666 0.9747444375000001 0.6304174729166667 0.9825616359374999 0.6404206979166667 0.9993986765624999 0.7037744625 0.9993986765624999 0.70585846875 0.9867708953125 0.7191961020833334 0.9392663859375 0.7300329291666666 0.9116055328125 0.7312833333333334 0.9049909796875 0.73044973125 0.8941671671875 0.7183625 0.86891160625 0.6958552416666667 0.8376428140625001 0.6800168020833334 0.82200841875
11 1 0.76119208125 0.9202963354166667 0.7288033671874999 0.9035281604166666 0.7360192421875 0.8871689645833333 0.7486470234375 0.87285466875 0.7564642218750001 0.8474979166666666 0.754660253125 0.8327746416666667 0.7504509921875 0.8123256458333333 0.73541791875 0.8119166666666667 0.740228503125 0.8139615666666666 0.747444378125 0.8785803875 0.9374624171875 0.8826701875 0.9452796156250001 1 0.9909265812499999 1 0.76119208125
7 0.48320343125 0.6758869515625 0.48105024583333333 0.6686710765625 0.4771745104166667 0.6686710765625 0.4728681375 0.6794948890625 0.46683921666666667 0.7047504515624999 0.4655473041666667 0.7197835234375 0.4651166666666667 0.72820204375 0.47416005 0.755261575 0.49138553958333336 0.7793144921875 0.5150705875 0.7991581484375 0.5176544125 0.7943475640625 0.5189463229166666 0.7829224296875 0.5223914208333333 0.7757065546875 0.5236833333333333 0.767288034375 0.5223914208333333 0.7516536375 0.5081803916666667 0.7089597109375 0.4922468145833333 0.689717378125 0.48320343125 0.6758869515625
7 0.53796566875 0.7799158140625 0.52925341875 0.75345760625 0.52489729375 0.7504509921875 0.52097678125 0.7594708359375 0.52010555625 0.77871316875 0.5144425916666667 0.798556825 0.5096508541666667 0.82561635625 0.5044235041666666 0.8412507515625001 0.5031166666666667 0.8520745640625 0.5031166666666667 0.871316896875 0.5061659541666667 0.8815393859375 0.52663974375 0.9122068546875 0.5466779208333333 0.9350571249999999 0.5497272083333333 0.9374624171875 0.5519052708333334 0.9362597718749999 0.5532121083333333 0.9344558031249999 0.5540833333333333 0.9152134703125 0.5505984333333332 0.8797354171875 0.5519052708333334 0.8665063140625 0.5479847583333334 0.8340348765625001 0.53796566875 0.7799158140625
3 0.336749425 0.5093205046875 0.3319543104166666 0.500901984375 0.32105632083333335 0.499098015625 0.30841465416666664 0.504509921875 0.3001321833333333 0.5159350578125 0.29751666666666665 0.5273601921875 0.29751666666666665 0.54119061875 0.3001321833333333 0.55201443125 0.3044913791666667 0.5604329531250001 0.31233793125 0.5688514734375001 0.32105632083333335 0.5724594109375001 0.3297747125 0.5724594109375001 0.3389290229166667 0.5676488281250001 0.34808333333333336 0.5586289843750001 0.34808333333333336 0.5502104625 0.3419804604166667 0.54119061875 0.33849310416666667 0.5285628375 0.336749425 0.5093205046875
11 0.41048333333333337 0.17017438437500002 0.38335954375000003 0.07035478125 0.3808558083333333 0.069152134375 0.3787693645833333 0.070956103125 0.31116853333333333 0.14612146718750002 0.3099166666666667 0.153938665625 0.31325497916666667 0.17017438437500002 0.3332848541666667 0.23211064375 0.3412133479166667 0.2477450390625 0.35248015208333333 0.2555622375 0.36124322291666666 0.25736620625 0.37000629375000005 0.24473842499999998 0.3816903875 0.23872519531249997 0.3950436375 0.23872519531249997 0.39921652916666667 0.23451593437499998 0.40923146666666665 0.1918220078125 0.41048333333333337 0.17017438437500002
7 0.5320425916666667 0.32110643437499997 0.5299207604166667 0.328322309375 0.5358618916666666 0.4076969328125 0.54010555625 0.4167167765625 0.5566558479166667 0.4347564640625 0.5676893770833333 0.4401683703125 0.5774498041666667 0.438965725 0.5859371354166666 0.4257366203125 0.5884833333333332 0.41551413125 0.5774498041666667 0.1202645828125 0.5693868416666666 0.105231509375 0.5625969791666667 0.09861695781249999 0.5566558479166667 0.096211665625 0.5426517541666667 0.09861695781249999 0.5354375250000001 0.103427540625 0.5286476604166667 0.1118460609375 0.5193115979166667 0.1316897171875 0.5163410333333334 0.1443174984375 0.5159166666666667 0.16055321718749999 0.51888723125 0.2170775703125 0.5205846979166666 0.22489476874999997 0.5197359645833334 0.229104028125 0.5231308958333334 0.2555622375 0.5290720270833333 0.2790138296875 0.5277989270833333 0.283223090625 0.5311938604166666 0.286831028125 0.5358618916666666 0.28382441406250003 0.5468954187499999 0.3054720390625 0.5439248541666667 0.31088394531249997 0.5320425916666667 0.32110643437499997
4 0.908803275 0.139506915625 0.9356094770833334 0.1154539984375 0.9404833333333333 0.107035478125 0.9404833333333333 0.099819603125 0.93032946875 0.0757666859375 0.9222063770833333 0.060132290624999994 0.9124586666666666 0.0499098015625 0.8941817083333333 0.0541190625 0.8417877645833334 0.0811785921875 0.8174184875 0.0883944671875 0.7934553666666667 0.090799759375 0.7593383791666667 0.0847865296875 0.6984151895833333 0.0643415515625 0.6841997791666666 0.05592303125 0.6793259229166666 0.05592303125 0.6748582229166666 0.061936259375000004 0.6663289750000001 0.0914010828125 0.6655166666666666 0.0992182796875 0.6699843666666666 0.108839446875 0.7166921458333333 0.14852675937499998 0.7577137625 0.1713770296875 0.7747722541666667 0.1846061328125 0.7800522645833333 0.1858087796875 0.7906122854166667 0.19302465468750002 0.8023907687499999 0.19603126875000002 0.81132616875 0.1954299453125 0.8356954458333333 0.1858087796875 0.8750924416666667 0.16235718593749998 0.908803275 0.139506915625
11 0.5908286729166666 0.5453998796875 0.5904062729166667 0.5953096812500001 0.5920958791666667 0.5983162953125001 0.6098367375 0.5935057125000001 0.6672833333333333 0.5640408906250001 0.64827526875 0.5508117859375 0.6140607520833333 0.533373421875 0.5942078854166667 0.517137703125 0.58913906875 0.508117859375 0.5887166666666667 0.53036680625 0.5908286729166666 0.5453998796875
11 0.7056722229166666 0.544197234375 0.7134230166666666 0.5429945875 0.7868515875 0.5069152140625001 0.7884833333333333 0.502705953125 0.7876674604166667 0.4942874328125 0.7187261895833333 0.1653638 0.7134230166666666 0.14852675937499998 0.7056722229166666 0.1389055921875 0.5918579375 0.045700540625 0.5779880958333333 0.034876728125 0.5743166666666667 0.036079375000000004 0.5743166666666667 0.1154539984375 0.5853309520833334 0.4365604328125 0.5869626979166667 0.446782921875 0.5971611104166666 0.455802765625 0.6179658729166667 0.48226097343749996 0.6583515875 0.5219482859375 0.6730373020833333 0.527961515625 0.6779325395833333 0.52675886875 0.6848674604166667 0.5057125671875 0.7052642854166666 0.517137703125 0.7044484125 0.536981359375 0.7056722229166666 0.544197234375
3 0.6519166666666667 0.157546603125 0.6555134916666667 0.166566446875 0.6694511895833333 0.1809981953125 0.6739472229166666 0.18159951875 0.6842880958333333 0.1773902578125 0.6896833333333333 0.1695730609375 0.6878849208333333 0.1545399875 0.6743968250000001 0.1401082375 0.6595599208333333 0.13710162343750001 0.6559630958333333 0.13830426875 0.6519166666666667 0.14612146718750002 0.6519166666666667 0.157546603125
4 0.17166991041666665 0.310282621875 0.16953008958333332 0.30968129843750003 0.16525044791666668 0.306674684375 0.16396655416666667 0.3018641015625 0.15797505625000002 0.2946482265625 0.14428020208333334 0.2880336734375 0.1404285229166667 0.2910402890625 0.13871666666666668 0.304870715625 0.13914463125 0.3271196625 0.15540727083333333 0.35237522499999996 0.18165688333333332 0.3633433546875 0.18964440624999998 0.362597715625 0.19905961874999997 0.362597715625 0.20162740416666666 0.358989778125 0.20248333333333332 0.34335538125 0.19863165624999998 0.3180998203125 0.19649183541666665 0.310282621875 0.19178422916666668 0.3024654234375 0.18622069375 0.3000601328125 0.17166991041666665 0.310282621875
4 0.22914869791666667 0.2513529765625 0.21746979166666666 0.273601925 0.19930260416666667 0.286831028125 0.19324687499999998 0.29404690312500004 0.19324687499999998 0.303066746875 0.19151666666666667 0.30607336093750004 0.20189791666666668 0.32651834062499996 0.21227916666666669 0.333734215625 0.22871614583333333 0.333734215625 0.23823229166666668 0.32651834062499996 0.24342291666666668 0.3132892359375 0.24688333333333334 0.299458809375 0.24601822916666669 0.2754058921875 0.23909739583333334 0.259771496875 0.23304166666666667 0.2519543 0.22914869791666667 0.2513529765625
4 0.30750512916666667 0.1858087796875 0.3027525645833334 0.1834034875 0.2854705125 0.1942273 0.2742371791666667 0.1978352375 0.27078076875 0.20625375781250002 0.2699166666666667 0.2279013828125 0.2733730770833333 0.24654239375000003 0.28633461458333337 0.268791340625 0.29627179583333335 0.2766085390625 0.306208975 0.277811184375 0.31182564166666665 0.276007215625 0.3200346145833333 0.26819001875000004 0.32435512916666664 0.25736620625 0.32608333333333334 0.24714371562499998 0.32392307708333334 0.2206855078125 0.3200346145833333 0.2056524359375 0.30750512916666667 0.1858087796875
0 0.2964833333333334 0.47564642187499995 0.29132083333333336 0.47564642187499995 0.2844375 0.4798556828125 0.28271666666666667 0.48647023437500003 0.28615833333333335 0.4924834640625 0.29246805625 0.493686109375 0.2964833333333334 0.4906794953125 0.2964833333333334 0.47564642187499995
0 0.39288333333333336 0.693325315625 0.3923841270833333 0.6891160546874999 0.38090238125000003 0.6788935656249999 0.37541111041666664 0.6800962109375 0.3719166666666667 0.6849067953125 0.3719166666666667 0.693325315625 0.380403175 0.7017438359375 0.3883904770833333 0.700541190625 0.39288333333333336 0.693325315625
11 0.5327151520833333 0.6175586296875 0.53315303125 0.6037282015625001 0.5349045458333334 0.5935057125000001 0.5392833333333333 0.5917017437500001 0.5055666666666666 0.5490078171875 0.4954954541666667 0.5484064937500001 0.491992425 0.551413109375 0.49286818125000004 0.5604329531250001 0.49111666666666665 0.5670475046875 0.4968090916666667 0.5766686703125 0.5038151520833334 0.6193625984375 0.49943636458333335 0.63860493125 0.5011878791666666 0.653638003125 0.5068803020833333 0.6584485875 0.5090696979166667 0.6680697531249999 0.5147621208333333 0.6686710765625 0.5305257583333334 0.6488274203125 0.535342425 0.6271797953125 0.5327151520833333 0.6175586296875
11 0.5464994666666667 0.8755261578125 0.5452687541666666 0.876728803125 0.5473199416666666 0.882140709375 0.54937113125 0.9212266984375 0.5485506541666666 0.9356584484375 0.5444482791666666 0.9392663859375 0.5428073291666667 0.9482862296875 0.5485506541666666 0.9777510515625 0.55552469375 0.9849669265625 0.5649601562500001 0.98556825 0.5862925062500001 0.9813589890625 0.59983034375 0.9825616359374999 0.62731625625 0.974143115625 0.6293674437500001 0.970535178125 0.62977768125 0.9500901984375 0.6363414833333334 0.9200240531249999 0.6543919333333333 0.86891160625 0.6621864458333333 0.8286229703125001 0.6740833333333334 0.7829224296875 0.6740833333333334 0.7702946484375001 0.57562633125 0.641010221875 0.5735751437500001 0.642814190625 0.57234443125 0.6506313890625 0.56865229375 0.6578472640624999 0.5575758812499999 0.6698737218749999 0.5464994666666667 0.6782922421875 0.5241415229166667 0.6939266390625 0.5116292791666667 0.6891160546874999 0.5116292791666667 0.6957306078125 0.5091678541666667 0.7035478046875 0.5071166666666667 0.7047504515624999 0.5083473791666667 0.7143716171875 0.5165521291666667 0.743836440625 0.5190135541666667 0.7480457 0.5247568791666667 0.751052315625 0.5317309166666667 0.7648827421875 0.5374742416666667 0.7877330125 0.5378844791666667 0.798556825 0.5432175666666667 0.8232110640625001 0.5464994666666667 0.8755261578125
11 0.23800825833333333 0.5381840046875 0.23717072083333332 0.5015033078125 0.23968333333333333 0.45460012031249997 0.15174189166666666 0.4275405890625 0.14713543541666668 0.4281419125 0.1467166666666667 0.4437763078125 0.15132312291666666 0.5213469640625 0.15551081041666667 0.55923030625 0.1609548041666667 0.571256765625 0.17184279374999997 0.5790739625 0.178124325 0.5898977750000001 0.21832612708333335 0.6380036078125 0.22628273333333335 0.6404089 0.2300516520833333 0.6470234515625 0.23423933958333334 0.6343956703125 0.23507687708333333 0.575466025 0.23800825833333333 0.5381840046875
0 0.24248333333333333 0.6819001796874999 0.24192307708333333 0.6740829828125 0.237441025 0.67107636875 0.23071794791666667 0.67107636875 0.22903717916666666 0.6734816593749999 0.22791666666666668 0.6788935656249999 0.23071794791666667 0.6885147328125 0.23968205208333335 0.6891160546874999 0.24248333333333333 0.6819001796874999
4 0.23163571458333332 0.6343956703125 0.23071666666666665 0.646422128125 0.23255476249999998 0.6548406499999999 0.24036666666666667 0.655441971875 0.25001666666666666 0.651834034375 0.25645 0.6398075765625 0.26196428541666666 0.6235718578125 0.2628833333333333 0.6145520140625 0.2615047625 0.60613349375 0.25690952291666663 0.60252555625 0.24312381041666667 0.6139506921875 0.23301428541666666 0.62597715 0.23163571458333332 0.6343956703125
7 0.23791666666666667 0.604329525 0.23931197916666666 0.6103427546875 0.24256770833333335 0.6127480453125 0.255590625 0.6013229109375 0.25977656250000003 0.5947083578125001 0.26768333333333333 0.553217078125 0.26489270833333334 0.544197234375 0.2607067708333333 0.542393265625 0.25466041666666667 0.5472038484375 0.2430328125 0.5670475046875 0.2383817708333333 0.5814792546875001 0.23791666666666667 0.604329525
4 0.2939731333333333 0.3884546 0.271125125 0.4209260375 0.26120994999999997 0.439567046875 0.2599166666666667 0.44317498437499997 0.2603477604166667 0.46361996406249995 0.26379651666666665 0.48226097343749996 0.2702629354166667 0.4834636203125 0.2801781104166666 0.48105832812499993 0.2974218895833333 0.47203848437499996 0.3086303479166667 0.44257366249999996 0.3176833333333333 0.40829825625 0.3176833333333333 0.39807576718750004 0.3120791041666667 0.3770294640625 0.3073370645833334 0.3746241734375 0.2939731333333333 0.3884546
11 0.3800304354166667 0.48226097343749996 0.36772850208333335 0.45640408906249996 0.35829702083333337 0.4239326515625 0.34681521666666665 0.4064942875 0.3451749604166666 0.3944678296875 0.3480454104166667 0.3770294640625 0.35296618333333335 0.37221888125 0.35460644166666666 0.366806975 0.3615775354166667 0.360793746875 0.3650868666666666 0.3600360796875 0.36719910833333336 0.3548731203125 0.372832575 0.3283692125 0.3777619583333333 0.32458328281250004 0.37346940416666663 0.3180998203125 0.3716589708333334 0.3108147921875 0.3660255041666666 0.301521346875 0.3619876 0.30426939218750004 0.35624669791666663 0.310282621875 0.23732801875 0.45460012031249997 0.233227375 0.5947083578125001 0.22953679583333333 0.642814190625 0.23076698958333333 0.6614552015624999 0.22871666666666668 0.6728803375 0.22871666666666668 0.7047504515624999 0.23158711666666668 0.7089597109375 0.2430689208333333 0.7107636796875 0.31688051458333333 0.709561034375 0.37921030625 0.7119663265625 0.3943826895833333 0.7089597109375 0.3984833333333333 0.705953096875 0.39274243125 0.5357787125 0.38413107916666667 0.504509921875 0.3800304354166667 0.48226097343749996
11 0.45768333333333333 0.6734816593749999 0.4560161291666667 0.6698737218749999 0.45476572499999995 0.6416115453125 0.45143131666666664 0.6247745046875 0.4360096770833334 0.6001202640625001 0.43350887083333334 0.5911004203125 0.43225846874999996 0.5718580875 0.4068336020833333 0.5033072765625 0.38682715 0.438965725 0.38807755416666667 0.41912206875 0.37265591458333336 0.3890559234375 0.3701551083333333 0.381238725 0.37140551041666664 0.37221888125 0.3680711020833333 0.36139506875 0.36306948958333335 0.358989778125 0.3568174729166667 0.36500300625 0.357651075 0.368009621875 0.35431666666666667 0.3884546 0.36265268749999996 0.4473842453125 0.3814087375 0.49128081718749994 0.41516962291666665 0.646422128125 0.4164200270833333 0.659049909375 0.42433924791666666 0.6722790140625 0.43392567291666667 0.67468430625 0.44684650625 0.6855081171874999 0.45476572499999995 0.6855081171874999 0.45768333333333333 0.6812988578125 0.45768333333333333 0.6734816593749999
11 0.4475263 0.53036680625 0.4378866979166667 0.5057125671875 0.42112217083333336 0.48466626562500004 0.41232079583333336 0.45820805781249996 0.3905269104166667 0.42633794375 0.38717400625000004 0.4239326515625 0.3859166666666667 0.42633794375 0.38633577916666667 0.439567046875 0.4010047395833333 0.48827420312500003 0.4370484708333333 0.5868911609375 0.4462689604166667 0.6001202640625001 0.4550703354166667 0.6079374625 0.46764373124999997 0.61695730625 0.4747686541666667 0.6175586296875 0.47728333333333334 0.6115454 0.4768642208333333 0.5995189421875 0.4693201833333333 0.542393265625 0.45674678958333337 0.538785328125 0.4475263 0.53036680625
3 0.4144833333333333 0.82200841875 0.4144833333333333 0.812988575 0.40838055625 0.8051713765624999 0.39288888958333335 0.80396873125 0.38631666666666664 0.8105832828124999 0.38678611041666666 0.8165965125 0.396175 0.8244137109375 0.40931944375 0.8268190015625001 0.4144833333333333 0.82200841875
3 0.4483519604166667 0.849669271875 0.45688333333333336 0.841852075 0.45643431458333333 0.831629584375 0.4519441166666667 0.826217678125 0.4438617645833334 0.8214070953125001 0.42994215625 0.82020445 0.420063725 0.82561635625 0.4187166666666667 0.833433553125 0.4344323520833333 0.846061334375 0.4483519604166667 0.849669271875
3 0.43551666666666666 0.8833433546875 0.43820402291666666 0.8881539390625001 0.45567183958333335 0.9007817203125 0.46373390833333333 0.9025856890625 0.4726917625 0.9013830421875 0.47448333333333337 0.8989777515625 0.47403543958333333 0.8923631984375 0.46776494166666666 0.8743235125 0.4476097708333333 0.87251954375 0.43999559375 0.8737221890625 0.43551666666666666 0.8773301265625 0.43551666666666666 0.8833433546875
1 0.8248935895833333 0.4076969328125 0.820141025 0.4070956109375 0.8171166666666667 0.4125075171875 0.8171166666666667 0.4221286828125 0.8235974354166667 0.4353577875 0.8413115375 0.45279615156249997 0.8521128208333334 0.45820805781249996 0.8581615374999999 0.457606734375 0.8637782041666667 0.452194828125 0.8719871791666667 0.434155140625 0.8732833333333333 0.425135296875 0.87241923125 0.4076969328125 0.86809871875 0.39987973593750004 0.8646423083333333 0.39747444375 0.8248935895833333 0.4076969328125
1 0.82252801875 0.1966325921875 0.8199468604166668 0.2020444984375 0.8195166666666667 0.2122669875 0.8255393729166667 0.2260974140625 0.8410263291666666 0.24293445624999999 0.8547925125 0.2513529765625 0.8608152166666667 0.2513529765625 0.8672681166666667 0.2459410703125 0.8750115937499999 0.23331328906249998 0.8788833333333332 0.2188815390625 0.8788833333333332 0.1978352375 0.8750115937499999 0.18821407031249998 0.8702794687500001 0.1834034875 0.82252801875 0.1966325921875
1 0.7669249395833333 0 0.7583166666666667 0.0102224890625 0.75917749375 0.0240529171875 0.76391204375 0.033072759374999997 0.7815590020833334 0.050511125000000004 0.7961930666666667 0.057726999999999994 0.8043709250000001 0.05592303125 0.8091054750000001 0.0499098015625 0.8134096104166667 0.038484665625 0.8172833333333334 0.018039687500000002 0.81685291875 0 0.7669249395833333 0