7 0.486 0.4149128078125 0.49920000000000003 0.435959109375 0.5055999999999999 0.452194828125 0.5312 0.453998796875 0.5367999999999999 0.450390859375 0.5364 0.4064942875 0.5316 0.333734215625 0.5296 0.3271196625 0.5132 0.3439567046875 0.4888 0.3595911 0.48200000000000004 0.360793746875 0.4768 0.36861094375 0.4756 0.3926638609375 0.47759999999999997 0.39987973593750004 0.484 0.40829825625 0.486 0.4149128078125
2 0.712 0.5057125671875 0.7108000000000001 0.4942874328125 0.7068 0.48406494218749996 0.7012 0.48466626562500004 0.7004 0.49849669218750003 0.7024 0.5093205046875 0.7088 0.5141310890625 0.712 0.5057125671875
2 0.5524 0.9681298859374999 0.5488 0.9627179796875 0.5464 0.966927240625 0.5448000000000001 0.974143115625 0.5456 0.978352375 0.5536 0.9849669265625 0.5524 0.9681298859374999
3 0.5048 0.7035478046875 0.5096 0.705953096875 0.5128 0.691521346875 0.5096 0.6722790140625 0.5032 0.657245940625 0.5008 0.6467227906249999 0.5008 0.6343956703125 0.5036 0.6157546609375 0.5004000000000001 0.5923030671875 0.4964 0.5796752859375001 0.49 0.5676488281250001 0.4836 0.5784726390625 0.4756 0.6211665671875 0.476 0.642814190625 0.48040000000000005 0.664461815625 0.49600000000000005 0.693325315625 0.5048 0.7035478046875
7 0.47818239999999995 0.25913950625000004 0.47818239999999995 0.281989778125 0.4693824 0.28078713125 0.4669824 0.283793746875 0.47058239999999996 0.3246837046875 0.4721824 0.3288929640625 0.4753824 0.3294942875 0.49058240000000003 0.3150625375 0.5337824 0.283793746875 0.5269824 0.27958448593749996 0.5253824 0.260342153125 0.5221823999999999 0.2489170171875 0.5177824 0.2128376421875 0.5141823999999999 0.15150270625 0.5057824 0.12744978906249999 0.4985824 0.1166259765625 0.49058240000000003 0.1136193625 0.4749824 0.12624714374999998 0.4593824 0.1509013828125 0.45498239999999995 0.16232651874999998 0.4525824 0.1749543 0.45338239999999996 0.193595309375 0.46258239999999995 0.2489170171875 0.4665824 0.2537276 0.47818239999999995 0.25913950625000004
0 0.8004 0.371617559375 0.8084 0.36139506875 0.8092 0.35778713125 0.8084 0.35237522499999996 0.8064 0.349969934375 0.7772 0.3559831625 0.7772 0.3619963921875 0.7792 0.3674082984375 0.7867999999999999 0.3728202046875 0.8004 0.371617559375
6 0.8984000000000001 0.49128081718749994 0.9064 0.490078171875 0.9132 0.48226097343749996 0.9196000000000001 0.45520144374999993 0.9188 0.44076969374999997 0.9148 0.432351171875 0.9072 0.4239326515625 0.8964 0.41912206875 0.8888 0.4197233921875 0.8824000000000001 0.42633794375 0.8764000000000001 0.44978953749999995 0.8764000000000001 0.46542393281249994 0.8808 0.47745039062499994 0.8924 0.48947684843749995 0.8984000000000001 0.49128081718749994
6 0.8952000000000001 0.38003607968750003 0.9128000000000001 0.40048105781250004 0.9352 0.4149128078125 0.9436 0.4161154546875 0.9504 0.4143114859375 0.958 0.4064942875 0.9632000000000001 0.395670475 0.9728 0.362597715625 0.9712 0.3457606734375 0.9611999999999999 0.32892363125 0.9312 0.3036680703125 0.9156 0.2964521953125 0.904 0.2964521953125 0.8968 0.3024654234375 0.8892 0.31449188281249996 0.8816 0.337342153125 0.8812 0.34696331874999997 0.8828 0.355381840625 0.89 0.37221888125 0.8952000000000001 0.38003607968750003
6 0.9716 0.5586289843750001 0.9863999999999999 0.5658448593750001 0.9995999999999999 0.5640408906250001 0.9995999999999999 0.515333734375 0.9952000000000001 0.5123271203125 0.99 0.504509921875 0.9824 0.49849669218750003 0.9728 0.49969933906249997 0.9628 0.5075165359375 0.9572 0.5177390265625 0.9564 0.5285628375 0.9588 0.5381840046875 0.9628 0.5472038484375 0.9716 0.5586289843750001
0 0.9544 0.46181599531249995 0.9632000000000001 0.46001202656249995 0.99 0.438965725 0.9952000000000001 0.43114852656249997 0.9912 0.4197233921875 0.986 0.4149128078125 0.9628 0.4281419125 0.9440000000000001 0.42994588125 0.9232 0.4257366203125 0.9212 0.428743234375 0.9208 0.435959109375 0.9236 0.44317498437499997 0.9404 0.45520144374999993 0.9544 0.46181599531249995
0 0.9848 0.4167167765625 0.9852000000000001 0.40829825625 0.9824 0.40288635 0.9776 0.40288635 0.9703999999999999 0.4070956109375 0.9588 0.4095009015625 0.9556 0.4131088390625 0.9551999999999999 0.4161154546875 0.958 0.4233313296875 0.9708 0.425135296875 0.9848 0.4167167765625
6 0.7712 0.972339146875 0.7812 0.9675285625000001 0.784 0.952495490625 0.7784 0.9350571249999999 0.7632 0.9248346359375 0.7576 0.9242333140625 0.7508 0.9272399281249999 0.7436 0.9362597718749999 0.7412 0.9428743234375 0.7412 0.9506915218750001 0.7455999999999999 0.9585087187499999 0.7555999999999999 0.9657245937500001 0.7712 0.972339146875
6 0.9508 0.9326518343749999 0.9596 0.9398677093750001 0.9784 0.961515334375 0.9895999999999999 0.9699338546874999 0.9995999999999999 0.970535178125 0.9995999999999999 0.92603728125 0.9964 0.9194227296875 0.9936 0.9049909796875 0.9844 0.889356584375 0.9588 0.8628983765625 0.9364 0.8448586890625001 0.9292 0.8430547203125001 0.9228000000000001 0.8484666265625 0.9236 0.8665063140625 0.9299999999999999 0.903788334375 0.9376 0.9116055328125 0.9508 0.9326518343749999
11 0.8216 0.7414311484375 0.8348 0.749248346875 0.8536 0.7558628984375 0.8748 0.7504509921875 0.9072 0.73361395 0.916 0.7251954296875 0.9156 0.720384846875 0.8924 0.657245940625 0.8884000000000001 0.6476247749999999 0.8848 0.6440168374999999 0.8244 0.6193625984375 0.8203999999999999 0.6217678890625 0.8064 0.6452194828125 0.7928 0.6692724 0.7932 0.6776909203125 0.8128 0.731208659375 0.8216 0.7414311484375
7 0.7028 0.9993986765624999 0.7048 0.9867708953125 0.7175999999999999 0.9392663859375 0.728 0.9116055328125 0.7292000000000001 0.9049909796875 0.7284 0.8941671671875 0.7168 0.86891160625 0.6952 0.8376428140625001 0.6799999999999999 0.82200841875 0.67 0.8208057734375 0.6616 0.829825615625 0.6579999999999999 0.84906795 0.6579999999999999 0.8622970531249999 0.6384000000000001 0.9146121468749999 0.6324000000000001 0.9380637406250001 0.6308 0.9530968124999999 0.63 0.9747444375000001 0.6324000000000001 0.9825616359374999 0.642 0.9993986765624999 0.7028 0.9993986765624999
11 0.8832 0.9452796156250001 0.9995999999999999 0.9915814796875001 0.9995999999999999 0.761876128125 0.92 0.7288033671874999 0.9036000000000001 0.7360192421875 0.8876000000000001 0.7486470234375 0.8735999999999999 0.7564642218750001 0.8488 0.754660253125 0.8344 0.7504509921875 0.8143999999999999 0.73541791875 0.8140000000000001 0.740228503125 0.8160000000000001 0.747444378125 0.8792000000000001 0.9374624171875 0.8832 0.9452796156250001
7 0.5136 0.7991581484375 0.516 0.7943475640625 0.5172 0.7829224296875 0.5204 0.7757065546875 0.5216 0.767288034375 0.5204 0.7516536375 0.5072 0.7089597109375 0.4924 0.689717378125 0.484 0.6758869515625 0.48200000000000004 0.6686710765625 0.4784 0.6686710765625 0.4744 0.6794948890625 0.4688 0.7047504515624999 0.4676 0.7197835234375 0.4672 0.72820204375 0.4756 0.755261575 0.4916 0.7793144921875 0.5136 0.7991581484375
7 0.5452 0.9350571249999999 0.548 0.9374624171875 0.55 0.9362597718749999 0.5512 0.9344558031249999 0.5519999999999999 0.9152134703125 0.5488 0.8797354171875 0.55 0.8665063140625 0.5464 0.8340348765625001 0.5372 0.7799158140625 0.5292 0.75345760625 0.5252 0.7504509921875 0.5216 0.7594708359375 0.5208 0.77871316875 0.5156 0.798556825 0.5112 0.82561635625 0.5064 0.8412507515625001 0.5052 0.8520745640625 0.5052 0.871316896875 0.508 0.8815393859375 0.5268 0.9122068546875 0.5452 0.9350571249999999
3 0.31320000000000003 0.5688514734375001 0.3212 0.5724594109375001 0.3292 0.5724594109375001 0.3376 0.5676488281250001 0.34600000000000003 0.5586289843750001 0.34600000000000003 0.5502104625 0.3404 0.54119061875 0.3372 0.5285628375 0.3356 0.5093205046875 0.3312 0.500901984375 0.3212 0.499098015625 0.3096 0.504509921875 0.302 0.5159350578125 0.2996 0.5273601921875 0.2996 0.54119061875 0.302 0.55201443125 0.306 0.5604329531250001 0.31320000000000003 0.5688514734375001
11 0.34199999999999997 0.2477450390625 0.3528 0.2555622375 0.3612 0.25736620625 0.3696 0.24473842499999998 0.38079999999999997 0.23872519531249997 0.3936 0.23872519531249997 0.3976 0.23451593437499998 0.40719999999999995 0.1918220078125 0.40840000000000004 0.17017438437500002 0.38239999999999996 0.07035478125 0.38 0.069152134375 0.378 0.070956103125 0.31320000000000003 0.14612146718750002 0.312 0.153938665625 0.3152 0.17017438437500002 0.3344 0.23211064375 0.34199999999999997 0.2477450390625
7 0.5216 0.229104028125 0.5248 0.2555622375 0.5304 0.2790138296875 0.5292 0.283223090625 0.5324 0.286831028125 0.5367999999999999 0.28382441406250003 0.5472 0.3054720390625 0.5444 0.31088394531249997 0.5332 0.32110643437499997 0.5312 0.328322309375 0.5367999999999999 0.4076969328125 0.5408000000000001 0.4167167765625 0.5564 0.4347564640625 0.5668000000000001 0.4401683703125 0.5760000000000001 0.438965725 0.584 0.4257366203125 0.5863999999999999 0.41551413125 0.5760000000000001 0.1202645828125 0.5684 0.105231509375 0.5619999999999999 0.09861695781249999 0.5564 0.096211665625 0.5432 0.09861695781249999 0.5364 0.103427540625 0.53 0.1118460609375 0.5212 0.1316897171875 0.5184 0.1443174984375 0.518 0.16055321718749999 0.5208 0.2170775703125 0.5224 0.22489476874999997 0.5216 0.229104028125
4 0.7584 0.1713770296875 0.7752 0.1846061328125 0.7804 0.1858087796875 0.7908000000000001 0.19302465468750002 0.8024 0.19603126875000002 0.8111999999999999 0.1954299453125 0.8352 0.1858087796875 0.874 0.16235718593749998 0.9072 0.139506915625 0.9336 0.1154539984375 0.9384 0.107035478125 0.9384 0.099819603125 0.9284 0.0757666859375 0.9204 0.060132290624999994 0.9108 0.0499098015625 0.8927999999999999 0.0541190625 0.8412000000000001 0.0811785921875 0.8171999999999999 0.0883944671875 0.7936 0.090799759375 0.76 0.0847865296875 0.7 0.0643415515625 0.6859999999999999 0.05592303125 0.6812 0.05592303125 0.6768 0.061936259375000004 0.6684 0.0914010828125 0.6676 0.0992182796875 0.672 0.108839446875 0.718 0.14852675937499998 0.7584 0.1713770296875
11 0.594 0.5983162953125001 0.6108 0.5935057125000001 0.6652 0.5640408906250001 0.6472 0.5508117859375 0.6148 0.533373421875 0.596 0.517137703125 0.5912000000000001 0.508117859375 0.5908 0.53036680625 0.5928 0.5453998796875 0.5923999999999999 0.5953096812500001 0.594 0.5983162953125001
11 0.5988 0.455802765625 0.6192 0.48226097343749996 0.6587999999999999 0.5219482859375 0.6732 0.527961515625 0.678 0.52675886875 0.6848 0.5057125671875 0.7048 0.517137703125 0.7040000000000001 0.536981359375 0.7051999999999999 0.544197234375 0.7128 0.5429945875 0.7848 0.5069152140625001 0.7864 0.502705953125 0.7856000000000001 0.4942874328125 0.718 0.1653638 0.7128 0.14852675937499998 0.7051999999999999 0.1389055921875 0.5936 0.045700540625 0.58 0.034876728125 0.5764 0.036079375000000004 0.5764 0.1154539984375 0.5871999999999999 0.4365604328125 0.5888000000000001 0.446782921875 0.5988 0.455802765625
3 0.6736 0.18159951875 0.6828000000000001 0.1773902578125 0.6876 0.1695730609375 0.6859999999999999 0.1545399875 0.6739999999999999 0.1401082375 0.6608 0.13710162343750001 0.6576000000000001 0.13830426875 0.654 0.14612146718750002 0.654 0.157546603125 0.6572 0.166566446875 0.6696000000000001 0.1809981953125 0.6736 0.18159951875
4 0.1884 0.362597715625 0.19720000000000001 0.362597715625 0.19960000000000003 0.358989778125 0.2004 0.34335538125 0.1968 0.3180998203125 0.1948 0.310282621875 0.19039999999999999 0.3024654234375 0.1852 0.3000601328125 0.1716 0.310282621875 0.1696 0.30968129843750003 0.1656 0.306674684375 0.16440000000000002 0.3018641015625 0.1588 0.2946482265625 0.146 0.2880336734375 0.1424 0.2910402890625 0.1408 0.304870715625 0.1412 0.3271196625 0.1564 0.35237522499999996 0.1809344 0.3633433546875 0.1884 0.362597715625
4 0.21280000000000002 0.333734215625 0.228 0.333734215625 0.2368 0.32651834062499996 0.2416 0.3132892359375 0.24480000000000002 0.299458809375 0.24400000000000002 0.2754058921875 0.2376 0.259771496875 0.232 0.2519543 0.22840000000000002 0.2513529765625 0.2176 0.273601925 0.2008 0.286831028125 0.19519999999999998 0.29404690312500004 0.19519999999999998 0.303066746875 0.1936 0.30607336093750004 0.2032 0.32651834062499996 0.21280000000000002 0.333734215625
4 0.2964 0.2766085390625 0.3056 0.277811184375 0.3108 0.276007215625 0.31839999999999996 0.26819001875000004 0.3224 0.25736620625 0.324 0.24714371562499998 0.322 0.2206855078125 0.31839999999999996 0.2056524359375 0.3068 0.1858087796875 0.30239999999999995 0.1834034875 0.28640000000000004 0.1942273 0.27599999999999997 0.1978352375 0.2728 0.20625375781250002 0.272 0.2279013828125 0.2752 0.24654239375000003 0.2872 0.268791340625 0.2964 0.2766085390625
0 0.29440000000000005 0.4906794953125 0.29440000000000005 0.47564642187499995 0.2908 0.47564642187499995 0.286 0.4798556828125 0.2848 0.48647023437500003 0.2872 0.4924834640625 0.29159999999999997 0.493686109375 0.29440000000000005 0.4906794953125
0 0.3908 0.693325315625 0.39039999999999997 0.6891160546874999 0.3812 0.6788935656249999 0.3768 0.6800962109375 0.374 0.6849067953125 0.374 0.693325315625 0.38079999999999997 0.7017438359375 0.3872 0.700541190625 0.3908 0.693325315625
11 0.5048 0.6193625984375 0.5008 0.63860493125 0.5024 0.653638003125 0.5075999999999999 0.6584485875 0.5096 0.6680697531249999 0.5148 0.6686710765625 0.5292 0.6488274203125 0.5336 0.6271797953125 0.5312 0.6175586296875 0.5316 0.6037282015625001 0.5332 0.5935057125000001 0.5372 0.5917017437500001 0.5064 0.5490078171875 0.49720000000000003 0.5484064937500001 0.494 0.551413109375 0.49479999999999996 0.5604329531250001 0.49319999999999997 0.5670475046875 0.4984 0.5766686703125 0.5048 0.6193625984375
11 0.5104 0.7143716171875 0.5184 0.743836440625 0.5208 0.7480457 0.5264 0.751052315625 0.5332 0.7648827421875 0.5388000000000001 0.7877330125 0.5391999999999999 0.798556825 0.5444 0.8232110640625001 0.5476 0.8755261578125 0.5464 0.876728803125 0.5484000000000001 0.882140709375 0.5504 0.9212266984375 0.5496 0.9356584484375 0.5456 0.9392663859375 0.544 0.9482862296875 0.5496 0.9777510515625 0.5564 0.9849669265625 0.5656 0.98556825 0.5863999999999999 0.9813589890625 0.5996 0.9825616359374999 0.6264000000000001 0.974143115625 0.6284 0.970535178125 0.6288 0.9500901984375 0.6352 0.9200240531249999 0.6527999999999999 0.86891160625 0.6604 0.8286229703125001 0.672 0.7829224296875 0.672 0.7702946484375001 0.5760000000000001 0.641010221875 0.574 0.642814190625 0.5728000000000001 0.6506313890625 0.5692 0.6578472640624999 0.5584 0.6698737218749999 0.5476 0.6782922421875 0.5257999999999999 0.6939266390625 0.5136 0.6891160546874999 0.5136 0.6957306078125 0.5112 0.7035478046875 0.5092 0.7047504515624999 0.5104 0.7143716171875
11 0.1624 0.571256765625 0.1728 0.5790739625 0.1788 0.5898977750000001 0.2172 0.6380036078125 0.2248 0.6404089 0.22840000000000002 0.6470234515625 0.23240000000000002 0.6343956703125 0.23320000000000002 0.575466025 0.23600000000000002 0.5381840046875 0.2352 0.5015033078125 0.2376 0.45460012031249997 0.1536 0.4275405890625 0.1492 0.4281419125 0.14880000000000002 0.4437763078125 0.1532 0.5213469640625 0.1572 0.55923030625 0.1624 0.571256765625
0 0.2404 0.6819001796874999 0.24000000000000002 0.6740829828125 0.2368 0.67107636875 0.232 0.67107636875 0.2308 0.6734816593749999 0.23 0.6788935656249999 0.232 0.6885147328125 0.2384 0.6891160546874999 0.2404 0.6819001796874999
4 0.24960000000000002 0.651834034375 0.2552 0.6398075765625 0.26 0.6235718578125 0.2608 0.6145520140625 0.2596 0.60613349375 0.2556 0.60252555625 0.24359999999999998 0.6139506921875 0.23479999999999998 0.62597715 0.2336 0.6343956703125 0.2328 0.646422128125 0.2344 0.6548406499999999 0.2412 0.655441971875 0.24960000000000002 0.651834034375
7 0.2552 0.6013229109375 0.25880000000000003 0.5947083578125001 0.2656 0.553217078125 0.2632 0.544197234375 0.2596 0.542393265625 0.2544 0.5472038484375 0.2444 0.5670475046875 0.2404 0.5814792546875001 0.24000000000000002 0.604329525 0.2412 0.6103427546875 0.24400000000000002 0.6127480453125 0.2552 0.6013229109375
4 0.2716 0.4834636203125 0.2808 0.48105832812499993 0.2968 0.47203848437499996 0.3072 0.44257366249999996 0.3156 0.40829825625 0.3156 0.39807576718750004 0.31039999999999995 0.3770294640625 0.306 0.3746241734375 0.29359999999999997 0.3884546 0.27240000000000003 0.4209260375 0.2632 0.439567046875 0.262 0.44317498437499997 0.2624 0.46361996406249995 0.2656 0.48226097343749996 0.2716 0.4834636203125
11 0.2336 0.7089597109375 0.24480000000000002 0.7107636796875 0.31679999999999997 0.709561034375 0.3776 0.7119663265625 0.3924 0.7089597109375 0.3964 0.705953096875 0.3908 0.5357787125 0.38239999999999996 0.504509921875 0.3784 0.48226097343749996 0.3664 0.45640408906249996 0.35719999999999996 0.4239326515625 0.34600000000000003 0.4064942875 0.34440000000000004 0.3944678296875 0.3472 0.3770294640625 0.35200000000000004 0.37221888125 0.3536 0.366806975 0.3604 0.360793746875 0.36382319999999996 0.3600360796875 0.36588360000000003 0.3548731203125 0.37137879999999995 0.3283692125 0.3761872 0.32458328281250004 0.372 0.3180998203125 0.370234 0.3108147921875 0.3647388 0.301521346875 0.3608 0.30426939218750004 0.3552 0.310282621875 0.2392 0.45460012031249997 0.2352 0.5947083578125001 0.2316 0.642814190625 0.2328 0.6614552015624999 0.2308 0.6728803375 0.2308 0.7047504515624999 0.2336 0.7089597109375
11 0.38239999999999996 0.49128081718749994 0.4148 0.646422128125 0.41600000000000004 0.659049909375 0.42360000000000003 0.6722790140625 0.4328 0.67468430625 0.4452 0.6855081171874999 0.4528 0.6855081171874999 0.45559999999999995 0.6812988578125 0.45559999999999995 0.6734816593749999 0.45399999999999996 0.6698737218749999 0.4528 0.6416115453125 0.4496 0.6247745046875 0.4348 0.6001202640625001 0.4324 0.5911004203125 0.43119999999999997 0.5718580875 0.4068 0.5033072765625 0.3876 0.438965725 0.3888 0.41912206875 0.374 0.3890559234375 0.3716 0.381238725 0.37279999999999996 0.37221888125 0.3696 0.36139506875 0.3648 0.358989778125 0.35879999999999995 0.36500300625 0.35960000000000003 0.368009621875 0.3564 0.3884546 0.3644 0.4473842453125 0.38239999999999996 0.49128081718749994
11 0.4456 0.6001202640625001 0.45399999999999996 0.6079374625 0.466 0.61695730625 0.4728 0.6175586296875 0.4752 0.6115454 0.4748 0.5995189421875 0.4676 0.542393265625 0.45559999999999995 0.538785328125 0.4468 0.53036680625 0.4376 0.5057125671875 0.4216 0.48466626562500004 0.4132 0.45820805781249996 0.3924 0.42633794375 0.3892 0.4239326515625 0.388 0.42633794375 0.38839999999999997 0.439567046875 0.4024 0.48827420312500003 0.43679999999999997 0.5868911609375 0.4456 0.6001202640625001
3 0.4124 0.82200841875 0.4124 0.812988575 0.40719999999999995 0.8051713765624999 0.394 0.80396873125 0.38839999999999997 0.8105832828124999 0.3888 0.8165965125 0.3968 0.8244137109375 0.40800000000000003 0.8268190015625001 0.4124 0.82200841875
3 0.4548 0.841852075 0.45439999999999997 0.831629584375 0.4504 0.826217678125 0.4432 0.8214070953125001 0.43079999999999996 0.82020445 0.422 0.82561635625 0.4208 0.833433553125 0.4348 0.846061334375 0.4472 0.849669271875 0.4548 0.841852075
3 0.4628 0.9025856890625 0.4708 0.9013830421875 0.47240000000000004 0.8989777515625 0.47200000000000003 0.8923631984375 0.46640000000000004 0.8743235125 0.4484 0.87251954375 0.4416 0.8737221890625 0.4376 0.8773301265625 0.4376 0.8833433546875 0.44 0.8881539390625001 0.45559999999999995 0.9007817203125 0.4628 0.9025856890625
1 0.8515999999999999 0.45820805781249996 0.8572000000000001 0.457606734375 0.8623999999999999 0.452194828125 0.87 0.434155140625 0.8712 0.425135296875 0.8704 0.4076969328125 0.8664000000000001 0.39987973593750004 0.8632000000000001 0.39747444375 0.8264 0.4076969328125 0.822 0.4070956109375 0.8192 0.4125075171875 0.8192 0.4221286828125 0.8252 0.4353577875 0.8416 0.45279615156249997 0.8515999999999999 0.45820805781249996
1 0.8544 0.2513529765625 0.86 0.2513529765625 0.866 0.2459410703125 0.8732000000000001 0.23331328906249998 0.8767999999999999 0.2188815390625 0.8767999999999999 0.1978352375 0.8732000000000001 0.18821407031249998 0.8688 0.1834034875 0.8244 0.1966325921875 0.822 0.2020444984375 0.8216 0.2122669875 0.8271999999999999 0.2260974140625 0.8416 0.24293445624999999 0.8544 0.2513529765625
1 0.7684 0 0.7604000000000001 0.0102224890625 0.7612 0.0240529171875 0.7656 0.033072759374999997 0.782 0.050511125000000004 0.7956 0.057726999999999994 0.8032 0.05592303125 0.8076000000000001 0.0499098015625 0.8116 0.038484665625 0.8152 0.018039687500000002 0.8148 0 0.7684 0