7 0.486 0.41491280859375 0.4992 0.4359591103515625 0.5056 0.4521948291015625 0.5312 0.453998796875 0.5368 0.4503908603515625 0.5364 0.406494287109375 0.5316000000000001 0.33373421484375 0.5296 0.3271196630859375 0.5132 0.343956705078125 0.4888 0.3595911005859375 0.482 0.36079374609375 0.4768 0.3686109443359375 0.4756 0.3926638603515625 0.4776 0.3998797353515625 0.48400000000000004 0.408298255859375 0.486 0.41491280859375
2 0.712 0.5057125673828125 0.7108 0.4942874326171875 0.7068000000000001 0.484064943359375 0.7012 0.484666265625 0.7004 0.4984966923828125 0.7024 0.5093205048828126 0.7088 0.5141310888671875 0.712 0.5057125673828125
2 0.5524 0.9681298857421875 0.5488000000000001 0.9627179794921875 0.5464 0.966927240234375 0.5448 0.974143115234375 0.5456 0.978352375 0.5536 0.9849669267578125 0.5524 0.9681298857421875
3 0.5048 0.7035478046875 0.5096 0.7059530966796875 0.5127999999999999 0.6915213466796875 0.5096 0.672279013671875 0.5032 0.65724594140625 0.5008 0.6467227900390625 0.5008 0.6343956708984375 0.5036 0.61575466015625 0.5004 0.59230306640625 0.49639999999999995 0.57967528515625 0.49000000000000005 0.5676488271484375 0.48360000000000003 0.5784726396484375 0.4756 0.62116656640625 0.47600000000000003 0.64281419140625 0.4804 0.66446181640625 0.496 0.6933253154296874 0.5048 0.7035478046875
7 0.47818240051020405 0.2591395068359375 0.47818240051020405 0.28198977734375 0.46938240051020413 0.2807871318359375 0.46698240051020407 0.28379374609375 0.47058240051020406 0.3246837041015625 0.4721824005102041 0.32889296484375 0.47538240051020403 0.329494287109375 0.4905824005102041 0.315062537109375 0.5337824005102041 0.28379374609375 0.5269824005102041 0.279584486328125 0.5253824005102041 0.26034215234375 0.5221824005102041 0.248917017578125 0.5177824005102041 0.212837642578125 0.5141824005102041 0.1515027060546875 0.5057824005102041 0.1274497890625 0.4985824005102041 0.1166259775390625 0.4905824005102041 0.1136193623046875 0.47498240051020413 0.1262471435546875 0.45938240051020407 0.1509013828125 0.4549824005102041 0.1623265185546875 0.4525824005102041 0.1749542998046875 0.45338240051020406 0.1935953095703125 0.4625824005102041 0.248917017578125 0.4665824005102041 0.2537276005859375 0.47818240051020405 0.2591395068359375
0 0.8004 0.37161755859375 0.8084 0.3613950693359375 0.8091999999999999 0.3577871318359375 0.8084 0.3523752255859375 0.8063999999999999 0.34996993359375 0.7772 0.3559831630859375 0.7772 0.3619963916015625 0.7792 0.3674082978515625 0.7867999999999999 0.3728202041015625 0.8004 0.37161755859375
6 0.8984 0.4912808173828125 0.9064000000000001 0.490078171875 0.9132 0.482260974609375 0.9196 0.455201443359375 0.9188000000000001 0.440769693359375 0.9148000000000001 0.4323511728515625 0.9072000000000001 0.4239326513671875 0.8964 0.419122068359375 0.8888 0.4197233916015625 0.8824 0.426337943359375 0.8764000000000001 0.449789537109375 0.8764000000000001 0.4654239326171875 0.8807999999999999 0.477450390625 0.8924000000000001 0.4894768486328125 0.8984 0.4912808173828125
6 0.8952 0.3800360791015625 0.9128000000000001 0.40048105859375 0.9352 0.41491280859375 0.9436000000000001 0.4161154541015625 0.9504 0.4143114853515625 0.958 0.406494287109375 0.9632000000000001 0.395670474609375 0.9728 0.36259771484375 0.9712 0.345760673828125 0.9611999999999999 0.3289236318359375 0.9311999999999999 0.3036680693359375 0.9156000000000001 0.2964521953125 0.904 0.2964521953125 0.8967999999999999 0.302465423828125 0.8892 0.3144918818359375 0.8815999999999999 0.33734215234375 0.8812000000000001 0.3469633193359375 0.8827999999999999 0.35538183984375 0.89 0.3722188818359375 0.8952 0.3800360791015625
6 0.9716 0.5586289833984375 0.9863999999999999 0.5658448583984375 0.9996 0.5640408896484375 0.9996 0.515333734375 0.9952 0.5123271201171875 0.99 0.504509921875 0.9823999999999999 0.4984966923828125 0.9728 0.4996993388671875 0.9628 0.5075165361328124 0.9571999999999999 0.517739025390625 0.9563999999999999 0.528562837890625 0.9588 0.5381840048828125 0.9628 0.5472038486328125 0.9716 0.5586289833984375
0 0.9544 0.4618159951171875 0.9632000000000001 0.4600120263671875 0.99 0.438965724609375 0.9952 0.4311485263671875 0.9912000000000001 0.4197233916015625 0.986 0.41491280859375 0.9628 0.428141912109375 0.944 0.429945880859375 0.9232 0.4257366201171875 0.9212 0.4287432353515625 0.9208 0.4359591103515625 0.9236 0.4431749853515625 0.9404 0.455201443359375 0.9544 0.4618159951171875
0 0.9848 0.41671677734375 0.9852 0.408298255859375 0.9823999999999999 0.402886349609375 0.9776 0.402886349609375 0.9703999999999999 0.4070956103515625 0.9588 0.40950090234375 0.9555999999999999 0.41310883984375 0.9552 0.4161154541015625 0.958 0.4233313291015625 0.9708 0.4251352978515625 0.9848 0.41671677734375
6 0.7712 0.972339146484375 0.7811999999999999 0.9675285625 0.7839999999999999 0.952495490234375 0.7784 0.9350571259765625 0.7632 0.9248346357421875 0.7575999999999999 0.9242333134765625 0.7508 0.927239927734375 0.7435999999999999 0.936259771484375 0.7412000000000001 0.9428743232421875 0.7412000000000001 0.950691521484375 0.7455999999999999 0.95850871875 0.7556 0.96572459375 0.7712 0.972339146484375
6 0.9508 0.932651833984375 0.9596 0.939867708984375 0.9784 0.961515333984375 0.9896 0.9699338544921875 0.9996 0.970535177734375 0.9996 0.9260372822265625 0.9964 0.91942273046875 0.9935999999999999 0.90499098046875 0.9843999999999999 0.8893565849609375 0.9588 0.8628983759765625 0.9364 0.844858689453125 0.9292 0.843054720703125 0.9228 0.848466626953125 0.9236 0.8665063134765625 0.93 0.903788333984375 0.9376 0.9116055322265625 0.9508 0.932651833984375
11 0.8216 0.7414311484375 0.8348 0.7492483466796875 0.8536 0.7558628984375 0.8748 0.7504509921875 0.9072000000000001 0.733613951171875 0.916 0.7251954296875 0.9156000000000001 0.7203848466796875 0.8924000000000001 0.65724594140625 0.8884 0.6476247744140625 0.8848 0.6440168369140625 0.8244 0.61936259765625 0.8203999999999999 0.6217678896484375 0.8063999999999999 0.645219482421875 0.7928000000000001 0.6692723994140625 0.7931999999999999 0.677690919921875 0.8128 0.7312086591796875 0.8216 0.7414311484375
7 0.7028 0.9993986767578125 0.7048000000000001 0.9867708955078125 0.7176 0.9392663857421875 0.728 0.9116055322265625 0.7292000000000001 0.90499098046875 0.7284 0.89416716796875 0.7168 0.86891160546875 0.6951999999999999 0.837642814453125 0.68 0.8220084189453125 0.6699999999999999 0.8208057724609376 0.6616 0.8298256162109375 0.6579999999999999 0.84906794921875 0.6579999999999999 0.8622970537109375 0.6384 0.914612146484375 0.6324 0.938063740234375 0.6307999999999999 0.9530968134765625 0.63 0.9747444375 0.6324 0.9825616357421875 0.642 0.9993986767578125 0.7028 0.9993986767578125
11 0.8832 0.945279615234375 0.9996 0.9915814794921874 0.9996 0.7618761279296875 0.9199999999999999 0.7288033671875 0.9036000000000001 0.7360192421875 0.8876000000000001 0.7486470234375 0.8735999999999999 0.7564642216796875 0.8488 0.7546602529296875 0.8343999999999999 0.7504509921875 0.8144 0.7354179189453125 0.8140000000000001 0.7402285029296874 0.8160000000000001 0.7474443779296875 0.8792000000000001 0.9374624169921875 0.8832 0.945279615234375
7 0.5136 0.7991581474609375 0.516 0.794347564453125 0.5172 0.7829224296875 0.5204 0.7757065546875 0.5216 0.767288033203125 0.5204 0.7516536376953125 0.5072 0.7089597109375 0.4924 0.6897173779296875 0.48400000000000004 0.675886951171875 0.482 0.668671076171875 0.47840000000000005 0.668671076171875 0.4744 0.679494888671875 0.4688 0.704750451171875 0.4676 0.7197835234375 0.4672 0.728202044921875 0.4756 0.7552615751953125 0.4916 0.7793144921875 0.5136 0.7991581474609375
7 0.5452 0.9350571259765625 0.548 0.9374624169921875 0.5499999999999999 0.936259771484375 0.5512 0.934455802734375 0.5519999999999999 0.9152134697265625 0.5488000000000001 0.87973541796875 0.5499999999999999 0.8665063134765625 0.5464 0.834034876953125 0.5372 0.779915814453125 0.5292 0.7534576064453125 0.5252 0.7504509921875 0.5216 0.7594708359375 0.5208 0.7787131689453125 0.5156 0.7985568251953125 0.5112 0.8256163564453125 0.5064000000000001 0.841250751953125 0.5052 0.852074564453125 0.5052 0.8713168974609375 0.508 0.88153938671875 0.5267999999999999 0.91220685546875 0.5452 0.9350571259765625
3 0.3132 0.5688514736328125 0.3212 0.5724594111328125 0.3292 0.5724594111328125 0.3376 0.5676488271484375 0.34600000000000003 0.5586289833984375 0.34600000000000003 0.550210462890625 0.34040000000000004 0.541190619140625 0.3372 0.528562837890625 0.3356 0.5093205048828126 0.3312 0.500901984375 0.3212 0.499098015625 0.30960000000000004 0.504509921875 0.302 0.515935056640625 0.29960000000000003 0.5273601923828125 0.29960000000000003 0.541190619140625 0.302 0.552014431640625 0.306 0.5604329521484375 0.3132 0.5688514736328125
11 0.34199999999999997 0.2477450390625 0.35279999999999995 0.2555622373046875 0.36119999999999997 0.2573662060546875 0.3696 0.2447384248046875 0.38079999999999997 0.2387251953125 0.3936 0.2387251953125 0.39759999999999995 0.2345159345703125 0.4072 0.1918220087890625 0.40840000000000004 0.1701743837890625 0.3824 0.0703547802734375 0.38 0.069152134765625 0.37799999999999995 0.070956103515625 0.3132 0.146121466796875 0.312 0.1539386650390625 0.31520000000000004 0.1701743837890625 0.33440000000000003 0.2321106435546875 0.34199999999999997 0.2477450390625
7 0.5216 0.229104029296875 0.5247999999999999 0.2555622373046875 0.5304 0.279013830078125 0.5292 0.2832230908203125 0.5324 0.2868310283203125 0.5368 0.2838244140625 0.5472 0.3054720380859375 0.5444 0.3108839443359375 0.5332 0.3211064345703125 0.5312 0.32832230859375 0.5368 0.40769693359375 0.5408 0.41671677734375 0.5564 0.4347564638671875 0.5668 0.4401683701171875 0.576 0.438965724609375 0.584 0.4257366201171875 0.5864 0.415514130859375 0.576 0.12026458203125 0.5684 0.105231509765625 0.562 0.09861695703125 0.5564 0.096211666015625 0.5432 0.09861695703125 0.5364 0.103427541015625 0.53 0.1118460615234375 0.5212 0.1316897177734375 0.5184 0.144317498046875 0.518 0.160553216796875 0.5208 0.2170775703125 0.5224 0.2248947685546875 0.5216 0.229104029296875
4 0.7584 0.171377029296875 0.7752 0.1846061337890625 0.7804000000000001 0.185808779296875 0.7908000000000001 0.193024654296875 0.8024 0.1960312685546875 0.8112 0.1954299462890625 0.8351999999999999 0.185808779296875 0.874 0.162357185546875 0.9072000000000001 0.1395069150390625 0.9336 0.1154539990234375 0.9384 0.107035478515625 0.9384 0.099819603515625 0.9284 0.0757666865234375 0.9204 0.060132291015625 0.9107999999999999 0.0499098017578125 0.8928 0.0541190615234375 0.8412000000000001 0.0811785927734375 0.8172 0.0883944677734375 0.7936000000000001 0.090799759765625 0.76 0.0847865302734375 0.7 0.0643415517578125 0.6859999999999999 0.0559230302734375 0.6811999999999999 0.0559230302734375 0.6768000000000001 0.061936259765625 0.6684000000000001 0.09140108203125 0.6676000000000001 0.0992182802734375 0.6719999999999999 0.108839447265625 0.7180000000000001 0.1485267587890625 0.7584 0.171377029296875
11 0.5940000000000001 0.5983162958984375 0.6108 0.593505712890625 0.6652 0.5640408896484375 0.6472 0.5508117861328125 0.6148 0.533373421875 0.596 0.517137703125 0.5912000000000001 0.508117859375 0.5908 0.530366806640625 0.5928 0.5453998798828125 0.5924 0.595309681640625 0.5940000000000001 0.5983162958984375
11 0.5988 0.455802765625 0.6192000000000001 0.482260974609375 0.6587999999999999 0.5219482861328125 0.6732 0.527961515625 0.678 0.526758869140625 0.6848 0.5057125673828125 0.7048000000000001 0.517137703125 0.7040000000000001 0.536981359375 0.7052 0.544197234375 0.7128 0.542994587890625 0.7847999999999999 0.5069152138671875 0.7864 0.502705953125 0.7856 0.4942874326171875 0.7180000000000001 0.16536380078125 0.7128 0.1485267587890625 0.7052 0.1389055927734375 0.5936 0.045700541015625 0.5800000000000001 0.034876728515625 0.5764 0.036079375 0.5764 0.1154539990234375 0.5872 0.4365604326171875 0.5888 0.4467829228515625 0.5988 0.455802765625
3 0.6736 0.1815995185546875 0.6828 0.1773902587890625 0.6876 0.169573060546875 0.6859999999999999 0.15453998828125 0.674 0.14010823828125 0.6607999999999999 0.1371016240234375 0.6576 0.13830426953125 0.654 0.146121466796875 0.654 0.1575466025390625 0.6572000000000001 0.1665664462890625 0.6696 0.1809981962890625 0.6736 0.1815995185546875
4 0.1884 0.36259771484375 0.19720000000000001 0.36259771484375 0.1996 0.35898977734375 0.2004 0.3433553818359375 0.1968 0.3180998193359375 0.1948 0.3102826220703125 0.19039999999999999 0.302465423828125 0.1852 0.3000601318359375 0.1716 0.3102826220703125 0.1696 0.309681298828125 0.1656 0.3066746845703125 0.1644 0.3018641005859375 0.1588 0.2946482265625 0.146 0.288033673828125 0.1424 0.2910402890625 0.1408 0.3048707158203125 0.1412 0.3271196630859375 0.15639999999999998 0.3523752255859375 0.18093440051020407 0.36334335546875 0.1884 0.36259771484375
4 0.2128 0.33373421484375 0.228 0.33373421484375 0.23679999999999998 0.3265183408203125 0.2416 0.313289236328125 0.24480000000000002 0.2994588095703125 0.244 0.275405892578125 0.2376 0.2597714970703125 0.232 0.2519542998046875 0.2284 0.2513529765625 0.2176 0.273601923828125 0.2008 0.2868310283203125 0.1952 0.2940469033203125 0.1952 0.3030667470703125 0.1936 0.306073361328125 0.2032 0.3265183408203125 0.2128 0.33373421484375
4 0.2964 0.2766085390625 0.3056 0.2778111845703125 0.3108 0.2760072158203125 0.3184 0.268190017578125 0.32239999999999996 0.2573662060546875 0.324 0.2471437158203125 0.322 0.2206855078125 0.3184 0.205652435546875 0.3068 0.185808779296875 0.3024 0.1834034873046875 0.2864 0.1942272998046875 0.27599999999999997 0.1978352373046875 0.2728 0.2062537578125 0.27199999999999996 0.2279013828125 0.2752 0.2465423935546875 0.2872 0.2687913408203125 0.2964 0.2766085390625
0 0.2944 0.4906794951171875 0.2944 0.475646421875 0.2908 0.475646421875 0.286 0.4798556826171875 0.2848 0.486470234375 0.2872 0.4924834638671875 0.29159999999999997 0.493686109375 0.2944 0.4906794951171875
0 0.39080000000000004 0.6933253154296874 0.3904 0.6891160556640625 0.3812 0.6788935654296875 0.3768 0.6800962119140626 0.374 0.684906794921875 0.374 0.6933253154296874 0.38079999999999997 0.7017438369140625 0.3872 0.7005411904296875 0.39080000000000004 0.6933253154296874
11 0.5048 0.61936259765625 0.5008 0.6386049306640625 0.5024 0.65363800390625 0.5075999999999999 0.6584485869140625 0.5096 0.66806975390625 0.5148 0.668671076171875 0.5292 0.648827419921875 0.5336 0.6271797958984375 0.5312 0.61755862890625 0.5316000000000001 0.6037282021484375 0.5332 0.593505712890625 0.5372 0.591701744140625 0.5064000000000001 0.5490078173828125 0.4972 0.548406494140625 0.494 0.5514131083984375 0.4948 0.5604329521484375 0.49319999999999997 0.5670475048828125 0.4984 0.5766686708984375 0.5048 0.61936259765625
11 0.5104 0.7143716171875 0.5184 0.7438364404296876 0.5208 0.7480457001953125 0.5264 0.7510523154296875 0.5332 0.7648827421875 0.5388 0.7877330126953125 0.5392 0.7985568251953125 0.5444 0.823211064453125 0.5476 0.8755261572265625 0.5464 0.8767288037109375 0.5484 0.8821407099609375 0.5504 0.92122669921875 0.5496 0.9356584482421875 0.5456 0.9392663857421875 0.5439999999999999 0.9482862294921875 0.5496 0.977751052734375 0.5564 0.9849669267578125 0.5656 0.98556825 0.5864 0.981358990234375 0.5996 0.9825616357421875 0.6264 0.974143115234375 0.6284 0.970535177734375 0.6288 0.9500901982421875 0.6352 0.920024052734375 0.6528 0.86891160546875 0.6604 0.828622970703125 0.6719999999999999 0.7829224296875 0.6719999999999999 0.7702946484375 0.576 0.64101022265625 0.5740000000000001 0.64281419140625 0.5728 0.650631388671875 0.5691999999999999 0.657847263671875 0.5584 0.66987372265625 0.5476 0.6782922431640624 0.5257999999999999 0.693926638671875 0.5136 0.6891160556640625 0.5136 0.695730607421875 0.5112 0.7035478046875 0.5092 0.704750451171875 0.5104 0.7143716171875
11 0.16240000000000002 0.5712567646484376 0.1728 0.579073962890625 0.17880000000000001 0.589897775390625 0.21719999999999998 0.6380036083984375 0.2248 0.6404088994140625 0.2284 0.647023451171875 0.23240000000000002 0.6343956708984375 0.2332 0.575466025390625 0.236 0.5381840048828125 0.23520000000000002 0.5015033076171875 0.2376 0.4546001201171875 0.1536 0.4275405888671875 0.1492 0.428141912109375 0.1488 0.4437763076171875 0.1532 0.521346962890625 0.1572 0.559230306640625 0.16240000000000002 0.5712567646484376
0 0.2404 0.6819001806640625 0.24 0.674082982421875 0.23679999999999998 0.6710763681640625 0.232 0.6710763681640625 0.2308 0.6734816591796875 0.22999999999999998 0.6788935654296875 0.232 0.688514732421875 0.2384 0.6891160556640625 0.2404 0.6819001806640625
4 0.2496 0.65183403515625 0.2552 0.6398075771484375 0.26 0.6235718583984375 0.2608 0.6145520146484375 0.2596 0.606133494140625 0.2556 0.602525556640625 0.2436 0.61395069140625 0.2348 0.6259771494140625 0.2336 0.6343956708984375 0.23279999999999998 0.64642212890625 0.2344 0.6548406494140625 0.2412 0.65544197265625 0.2496 0.65183403515625
7 0.2552 0.60132291015625 0.25880000000000003 0.5947083583984375 0.2656 0.5532170771484375 0.2632 0.544197234375 0.2596 0.542393265625 0.2544 0.5472038486328125 0.2444 0.5670475048828125 0.2404 0.58147925390625 0.24 0.604329525390625 0.2412 0.61034275390625 0.244 0.6127480458984375 0.2552 0.60132291015625
4 0.2716 0.4834636201171875 0.2808 0.481058328125 0.2968 0.472038484375 0.3072 0.442573662109375 0.3156 0.408298255859375 0.3156 0.3980757666015625 0.3104 0.37702946484375 0.306 0.3746241728515625 0.2936 0.3884546005859375 0.2724 0.420926037109375 0.2632 0.4395670478515625 0.262 0.4431749853515625 0.26239999999999997 0.4636199638671875 0.2656 0.482260974609375 0.2716 0.4834636201171875
11 0.2336 0.7089597109375 0.24480000000000002 0.7107636796875 0.31679999999999997 0.7095610341796875 0.37760000000000005 0.711966326171875 0.39239999999999997 0.7089597109375 0.39640000000000003 0.7059530966796875 0.39080000000000004 0.535778712890625 0.3824 0.504509921875 0.37839999999999996 0.482260974609375 0.36640000000000006 0.4564040888671875 0.3572 0.4239326513671875 0.34600000000000003 0.406494287109375 0.3444 0.3944678291015625 0.34719999999999995 0.37702946484375 0.35200000000000004 0.3722188818359375 0.35359999999999997 0.3668069755859375 0.3604 0.36079374609375 0.36382320025510206 0.3600360791015625 0.3658835994897959 0.35487312109375 0.37137879974489796 0.3283692119140625 0.37618720025510205 0.324583283203125 0.37200000000000005 0.3180998193359375 0.370234 0.31081479296875 0.364738799744898 0.3015213466796875 0.3608 0.304269392578125 0.3552 0.3102826220703125 0.23920000000000002 0.4546001201171875 0.23520000000000002 0.5947083583984375 0.2316 0.64281419140625 0.23279999999999998 0.661455201171875 0.2308 0.6728803369140625 0.2308 0.704750451171875 0.2336 0.7089597109375
11 0.3824 0.4912808173828125 0.4148 0.64642212890625 0.416 0.65904991015625 0.4236 0.672279013671875 0.4328 0.6746843056640625 0.44520000000000004 0.6855081181640625 0.45280000000000004 0.6855081181640625 0.4556 0.681298857421875 0.4556 0.6734816591796875 0.45399999999999996 0.66987372265625 0.45280000000000004 0.641611544921875 0.4496 0.62477450390625 0.43479999999999996 0.6001202646484375 0.4324 0.5911004208984375 0.43119999999999997 0.571858087890625 0.4068 0.5033072763671875 0.3876 0.438965724609375 0.38880000000000003 0.419122068359375 0.374 0.3890559228515625 0.37160000000000004 0.3812387255859375 0.37279999999999996 0.3722188818359375 0.3696 0.3613950693359375 0.3648 0.35898977734375 0.3588 0.3650030068359375 0.3596 0.36800962109375 0.3564 0.3884546005859375 0.3644 0.4473842451171875 0.3824 0.4912808173828125
11 0.4456 0.6001202646484375 0.45399999999999996 0.607937462890625 0.46599999999999997 0.6169573056640625 0.4728 0.61755862890625 0.4752 0.6115453994140625 0.4748 0.59951894140625 0.4676 0.542393265625 0.4556 0.538785328125 0.44680000000000003 0.530366806640625 0.4376 0.5057125673828125 0.42160000000000003 0.484666265625 0.4132 0.4582080576171875 0.39239999999999997 0.426337943359375 0.3892 0.4239326513671875 0.388 0.426337943359375 0.3884 0.4395670478515625 0.40240000000000004 0.488274203125 0.43679999999999997 0.58689116015625 0.4456 0.6001202646484375
3 0.4124 0.8220084189453125 0.4124 0.8129885751953125 0.4072 0.805171376953125 0.394 0.8039687314453124 0.3884 0.810583283203125 0.38880000000000003 0.8165965126953125 0.39680000000000004 0.8244137099609375 0.40800000000000003 0.826819001953125 0.4124 0.8220084189453125
3 0.4548 0.84185207421875 0.45439999999999997 0.8316295849609375 0.4504 0.8262176787109375 0.4432 0.821407095703125 0.4308 0.8202044501953125 0.42200000000000004 0.8256163564453125 0.4208 0.8334335537109375 0.43479999999999996 0.8460613349609375 0.44720000000000004 0.8496692724609375 0.4548 0.84185207421875
3 0.4628 0.9025856884765625 0.4708 0.90138304296875 0.4724 0.8989777509765625 0.472 0.89236319921875 0.4664 0.87432351171875 0.44839999999999997 0.87251954296875 0.4416 0.8737221884765625 0.4376 0.8773301259765625 0.4376 0.88334335546875 0.43999999999999995 0.8881539384765625 0.4556 0.9007817197265625 0.4628 0.9025856884765625
1 0.8516 0.4582080576171875 0.8572 0.457606734375 0.8623999999999999 0.4521948291015625 0.8700000000000001 0.4341551416015625 0.8712 0.4251352978515625 0.8704 0.40769693359375 0.8664000000000001 0.3998797353515625 0.8632 0.397474443359375 0.8264 0.40769693359375 0.822 0.4070956103515625 0.8191999999999999 0.4125075166015625 0.8191999999999999 0.4221286826171875 0.8252 0.435357787109375 0.8416 0.4527961513671875 0.8516 0.4582080576171875
1 0.8544 0.2513529765625 0.86 0.2513529765625 0.866 0.2459410703125 0.8732 0.2333132890625 0.8768 0.2188815390625 0.8768 0.1978352373046875 0.8732 0.1882140712890625 0.8687999999999999 0.1834034873046875 0.8244 0.196632591796875 0.822 0.202044498046875 0.8216 0.2122669873046875 0.8272 0.2260974140625 0.8416 0.2429344560546875 0.8544 0.2513529765625
1 0.7684000000000001 0 0.7604 0.0102224892578125 0.7612 0.024052916015625 0.7656000000000001 0.033072759765625 0.7819999999999999 0.0505111240234375 0.7956 0.0577269990234375 0.8032 0.0559230302734375 0.8076 0.0499098017578125 0.8116 0.038484666015625 0.8152 0.0180396875 0.8148 0 0.7684000000000001 0