4 0.56015625 0.3104862328125 0.598046875 0.3268892796875 0.6359375 0.306385471875 0.6546875 0.2888107796875 0.6796875 0.271821909375 0.702734375 0.250732278125 0.708203125 0.2401874640625 0.70625 0.23257176406250002 0.70625 0.22437024062500002 0.708984375 0.21265377812500003 0.696484375 0.19273579375 0.688671875 0.1874633859375 0.676953125 0.1874633859375 0.66171875 0.1921499703125 0.596875 0.20269478593749998 0.5796875 0.21265377812500003 0.559375 0.2284710015625 0.543359375 0.2437024015625 0.53828125 0.2542472171875 0.540625 0.2788517875 0.54609375 0.2934973640625 0.55234375 0.3028705328125 0.56015625 0.3104862328125
3 0.54921875 0.0990041 0.56328125 0.1159929703125 0.565234375 0.12302284687500001 0.560546875 0.134739309375 0.558984375 0.14704159375 0.560546875 0.1558289390625 0.565234375 0.16227299374999998 0.58359375 0.1722319859375 0.617578125 0.17340363281249999 0.641015625 0.166959578125 0.65625 0.152899825 0.656640625 0.142355009375 0.653515625 0.130638546875 0.6275390625 0.11335676562500001 0.62265625 0.10310486249999999 0.621484375 0.0902167546875 0.62890625 0.056239015625 0.627734375 0.052138254687499996 0.623046875 0.048623315625 0.607421875 0.042765084375 0.565625 0.041007615625 0.54765625 0.049209139062500004 0.531640625 0.067955478125 0.530078125 0.0720562390625 0.5328125 0.08201523125 0.546484375 0.0931458703125 0.54921875 0.0990041
2 0.066796875 0.50966608125 0.069140625 0.49736379687500004 0.0640625 0.491505565625 0.05625 0.4920913890625 0.051953125 0.4967779734375 0.0484375 0.50556531875 0.04765625 0.512595196875 0.04921875 0.5155243109375001 0.06015625 0.5161101343750001 0.066796875 0.50966608125
2 0.108203125 0.5893380203125 0.11328125 0.58758055 0.119140625 0.581136496875 0.12109375 0.5758640890625 0.121484375 0.567662565625 0.11875 0.5594610421875 0.113671875 0.5588752203125 0.102734375 0.5635618046875 0.094140625 0.57234915 0.093359375 0.5787932046875001 0.095703125 0.5834797890625001 0.10234375 0.5881663734375 0.108203125 0.5893380203125
2 0.12109375 0.369068540625 0.11640625 0.36438195625 0.10390625 0.365553603125 0.10390625 0.37199765625 0.107421875 0.3755125953125 0.1109375 0.37609841875 0.12109375 0.369068540625
8 0 0.11306385468749999 0.0171875 0.119507909375 0.042578125 0.121265378125 0.063671875 0.115407146875 0.0765625 0.10310486249999999 0.082421875 0.0872876390625 0.082421875 0.0720562390625 0.07578125 0.049209139062500004 0.069140625 0.038664323437499995 0.0609375 0.029291154687499998 0.04375 0.0187463390625 0.03046875 0.014645576562500002 0.0078125 0.016403046875 0 0.019332160937500002 0 0.11306385468749999
3 0.6328125 0.4346807265625 0.64375 0.44288225 0.665625 0.4469830109375 0.68125 0.44405389531250006 0.70546875 0.4288224953125 0.709765625 0.42120679531249994 0.7078125 0.41183362656250005 0.696875 0.40538957187499997 0.694140625 0.39894551875 0.6984375 0.382542471875 0.69296875 0.3772700640625 0.65078125 0.371411834375 0.640234375 0.3801991796875 0.63125 0.39835969531250004 0.63125 0.40246045625000004 0.6359375 0.4153485640625 0.632421875 0.4270650265625 0.6328125 0.4346807265625
2 0.28046875 0.6930287046875 0.28359375 0.685998828125 0.28359375 0.6807264203125001 0.280859375 0.6777973046875 0.275390625 0.676625659375 0.2703125 0.6789689515624999 0.266796875 0.6836555359375 0.265234375 0.6883421203125 0.266015625 0.691857059375 0.272265625 0.6977152906249999 0.28046875 0.6930287046875
2 0.20859375 0.6321031046875001 0.208984375 0.6227299359375 0.203125 0.6221441125 0.19609375 0.625073228125 0.191796875 0.6315172812500001 0.19140625 0.6379613359375 0.193359375 0.6408904515625 0.204296875 0.640304628125 0.20859375 0.6321031046875001
2 0.283984375 0.4985354421875 0.2875 0.49033391875000004 0.28671875 0.4862331578125 0.283203125 0.48388986562499997 0.2765625 0.48388986562499997 0.273046875 0.4862331578125 0.27265625 0.495020503125 0.274609375 0.4985354421875 0.278515625 0.5002929109375 0.283984375 0.4985354421875
2 0.2875 0.7217340359375 0.288671875 0.7123608671875 0.2875 0.7088459281249999 0.283203125 0.7082601046875 0.273046875 0.7176332750000001 0.273828125 0.7322788515624999 0.275 0.73462214375 0.279296875 0.7340363203125 0.2875 0.7217340359375
2 0.244140625 0.819566490625 0.24375 0.811950790625 0.240234375 0.8055067375 0.236328125 0.8055067375 0.23203125 0.810193321875 0.232421875 0.825424721875 0.2359375 0.8289396609375 0.240234375 0.8277680140625 0.244140625 0.819566490625
2 0.17890625 0.45049795000000004 0.176953125 0.43526655 0.162890625 0.43526655 0.159765625 0.438195665625 0.160546875 0.4545987109375 0.1625 0.456942003125 0.175390625 0.455184534375 0.17890625 0.45049795000000004
2 0.445703125 0.15055653125 0.45234375 0.13942589375 0.45078125 0.1359109546875 0.4484375 0.13532513125 0.42734375 0.136496778125 0.42734375 0.14294083124999998 0.43046875 0.1482132390625 0.438671875 0.153485646875 0.445703125 0.15055653125
3 0.48984375 0.4545987109375 0.490625 0.46280023437500006 0.50390625 0.4692442875 0.51171875 0.4669009953125 0.512890625 0.4592852953125 0.51171875 0.453427065625 0.512109375 0.43526655 0.4875 0.42589337968749996 0.48671875 0.428236671875 0.491796875 0.44229642656249996 0.49140625 0.45108377343750006 0.48984375 0.4545987109375
3 0.593359375 0.43936731093750003 0.611328125 0.4411247796875 0.615234375 0.42765085 0.61796875 0.42355008749999995 0.619921875 0.4042179265625 0.61640625 0.40011716406250003 0.61015625 0.397773871875 0.583203125 0.40656121875 0.581640625 0.4077328640625 0.581640625 0.41183362656250005 0.58828125 0.4194493265625 0.593359375 0.43936731093750003
3 0.5234375 0.5301698890625001 0.529296875 0.546572934375 0.535546875 0.552431165625 0.54921875 0.552431165625 0.551953125 0.5371997656249999 0.54765625 0.52665495 0.540625 0.51728178125 0.539453125 0.508494434375 0.54609375 0.49794961875 0.54921875 0.49970708906250005 0.553515625 0.49736379687500004 0.55390625 0.4938488578125 0.557421875 0.4897480953125 0.56015625 0.47451669531249996 0.55703125 0.47158758125 0.548828125 0.4710017578125 0.51796875 0.478031634375 0.51171875 0.48271821875 0.512890625 0.4920913890625 0.522265625 0.5108377265625 0.523828125 0.520210896875 0.5234375 0.5301698890625001
2 0.3671875 0.8019917984375 0.3671875 0.798476859375 0.364453125 0.790861159375 0.35703125 0.7867603984375 0.351171875 0.790861159375 0.349609375 0.8008201515625 0.349609375 0.809021675 0.355078125 0.810193321875 0.36484375 0.8060925593749999 0.3671875 0.8019917984375
2 0.452734375 0.8963093140625 0.453125 0.8922085531249999 0.450390625 0.88752196875 0.446875 0.886350321875 0.44296875 0.8886936140625 0.440625 0.8922085531249999 0.441796875 0.89865260625 0.447265625 0.899824253125 0.452734375 0.8963093140625
2 0.55390625 0.9308728765625001 0.55234375 0.9273579375000001 0.5484375 0.9261862921875 0.54296875 0.9367311078125 0.54375 0.943760984375 0.548828125 0.9431751609375001 0.553515625 0.9367311078125 0.55390625 0.9308728765625001
0 0.49453125 0.9742237843750001 0.495703125 0.9642647921874999 0.49140625 0.95606326875 0.485546875 0.9543058 0.479296875 0.9601640296875 0.478515625 0.9671939078125 0.483984375 0.9783245453125 0.489453125 0.97891036875 0.49453125 0.9742237843750001
6 0.23399296875 0.7735957828125 0.25157109375000003 0.753091975 0.26016484375 0.7255582890625 0.26055546875 0.713841828125 0.25547734375000003 0.706226128125 0.24922734375 0.7015395437499999 0.23828984375 0.7021253656249999 0.21914921875 0.7202858812499999 0.20664921875 0.7454762734375 0.20508671875 0.7560210890625 0.21446171875 0.773009959375 0.22110234375 0.7759390749999999 0.23399296875 0.7735957828125
10 0.218359375 0.8699472765625 0.24296875 0.8646748687500001 0.2515625 0.8582308140625001 0.257421875 0.84944346875 0.25546875 0.8471001749999999 0.234765625 0.8471001749999999 0.20234375 0.8482718218749999 0.191796875 0.8506151140625 0.19140625 0.8535442296875001 0.201953125 0.8664323375 0.2078125 0.869361453125 0.218359375 0.8699472765625
11 0.2671875 0.8471001749999999 0.275 0.8301113062500001 0.27421875 0.8224956062500001 0.278125 0.8148799062500001 0.277734375 0.810193321875 0.3015625 0.71177504375 0.31171875 0.6772114828125 0.315625 0.6578793203125 0.314453125 0.649677796875 0.252734375 0.6455770359375 0.246484375 0.6473345046875 0.226171875 0.6444053890625 0.220703125 0.6461628593750001 0.1890625 0.7047451671875 0.15703125 0.7715289984375 0.139453125 0.7978910375 0.12421875 0.8301113062500001 0.11953125 0.8412419453125001 0.1203125 0.8482718218749999 0.12421875 0.8506151140625 0.2671875 0.8471001749999999
0 0.31484375 0.4967779734375 0.321484375 0.485647334375 0.3203125 0.47510251875 0.3140625 0.468658465625 0.30234375 0.46983011093749993 0.297265625 0.4756883421875 0.298828125 0.4897480953125 0.301953125 0.4956063265625 0.305859375 0.49794961875 0.31484375 0.4967779734375
0 0.351171875 0.49794961875 0.35390625 0.48799062656250003 0.351953125 0.4774458109375 0.345703125 0.47158758125 0.33359375 0.47275922656249997 0.328515625 0.485647334375 0.328515625 0.4920913890625 0.333984375 0.5002929109375 0.341796875 0.50205038125 0.351171875 0.49794961875
5 0.28125 0.428236671875 0.30078125 0.438195665625 0.319140625 0.43936731093750003 0.330078125 0.435852371875 0.3453125 0.42003515 0.35234375 0.4042179265625 0.356640625 0.3842999421875 0.361328125 0.374926771875 0.3625 0.3678968953125 0.361328125 0.3649677796875 0.355078125 0.3626244875 0.334375 0.3661394265625 0.275390625 0.3819566484375 0.261328125 0.390158171875 0.2609375 0.3966022265625 0.26875 0.41183362656250005 0.2734375 0.42003515 0.28125 0.428236671875
5 0.259765625 0.21206795625 0.26484375 0.2085530171875 0.272265625 0.19742237812500002 0.270703125 0.19273579375 0.255859375 0.1816051546875 0.251171875 0.1827768015625 0.24296875 0.1892208546875 0.22734375 0.19273579375 0.22578125 0.1950790859375 0.226171875 0.1991798484375 0.2296875 0.205038078125 0.24375 0.21441124843749998 0.259765625 0.21206795625
4 0.33125 0.2085530171875 0.329296875 0.20269478593749998 0.322265625 0.198594025 0.305859375 0.20035149375 0.301953125 0.2044522546875 0.301953125 0.220269478125 0.30625 0.22612770937499999 0.3140625 0.22437024062500002 0.33125 0.2085530171875
4 0.291015625 0.1148213234375 0.30546875 0.10661980156249999 0.314453125 0.09373169375 0.316015625 0.08611599375 0.312109375 0.08201523125 0.29765625 0.08201523125 0.287890625 0.0837727 0.2828125 0.0890451078125 0.28203125 0.100175746875 0.283203125 0.1072056234375 0.28671875 0.1142355015625 0.291015625 0.1148213234375
2 0.166796875 0.06912712343750001 0.166015625 0.06326889218750001 0.162109375 0.05916813125 0.151171875 0.061511423437500004 0.14609375 0.067955478125 0.146875 0.0767428234375 0.154296875 0.0843585234375 0.162109375 0.08084358593749999 0.166796875 0.06912712343750001
0 0.391015625 0 0.3875 0.0035149390625 0.3859375 0.005272407812499999 0.3859375 0.009373168749999999 0.3890625 0.014645576562500002 0.3953125 0.021089631249999997 0.4015625 0.0234329234375 0.41171875 0.0205038078125 0.415234375 0.00585823125 0.41484375 0 0.391015625 0
3 0.873828125 0.27650849375000003 0.876171875 0.28236672500000004 0.883984375 0.28822495625 0.895703125 0.2888107796875 0.91171875 0.28353837187500003 0.9140625 0.28002343281250003 0.924609375 0.2448740484375 0.934375 0.23140011718750003 0.9421875 0.22437024062500002 0.949609375 0.20620972499999998 0.947265625 0.20269478593749998 0.9171875 0.1962507328125 0.87265625 0.19332161718750002 0.87890625 0.2343292328125 0.87734375 0.2513181015625 0.874609375 0.259519625 0.873828125 0.27650849375000003
8 0.8453125 0.456942003125 0.853515625 0.4575278265625 0.85859375 0.4545987109375 0.867578125 0.4463971875 0.87109375 0.43526655 0.86953125 0.4176918578125 0.86640625 0.4077328640625 0.8671875 0.38840070312499997 0.855859375 0.3889865265625 0.840625 0.40304627968749995 0.830859375 0.40949033437500004 0.826171875 0.41007615625 0.820703125 0.4159343875 0.817578125 0.424721734375 0.8171875 0.435852371875 0.8234375 0.44288225 0.8328125 0.4463971875 0.8453125 0.456942003125
3 0.80625 0.382542471875 0.809375 0.36965436406249996 0.8046875 0.3550087875 0.808203125 0.3391915640625 0.80625 0.33801991875000004 0.801953125 0.3421206796875 0.7875 0.36028119531249997 0.787109375 0.376684240625 0.79140625 0.38488576406249997 0.795703125 0.38722905625 0.80625 0.382542471875
8 0.88828125 0.3468072640625 0.892578125 0.36438195625 0.903515625 0.367311071875 0.91953125 0.367311071875 0.926171875 0.3649677796875 0.936328125 0.3555946109375 0.94140625 0.33099004062500004 0.932421875 0.30345635625 0.932421875 0.28412419375 0.9359375 0.271821909375 0.93359375 0.26362038593750003 0.92734375 0.26127709375 0.9203125 0.262448740625 0.915234375 0.279437609375 0.9078125 0.287053309375 0.8859375 0.2893966015625 0.880078125 0.2876391328125 0.873046875 0.2817809015625 0.872265625 0.28353837187500003 0.87265625 0.2905682484375 0.8828125 0.30345635625 0.88671875 0.314001171875 0.88828125 0.3468072640625
3 0.94609375 0.3016988875 0.951171875 0.3075571171875 0.958203125 0.31107205625 0.963671875 0.30931458749999996 0.97109375 0.3028705328125 0.969140625 0.287053309375 0.965625 0.279437609375 0.97109375 0.2542472171875 0.970703125 0.24604569375000002 0.965625 0.241359109375 0.95859375 0.2401874640625 0.950390625 0.2437024015625 0.942578125 0.2524897484375 0.93828125 0.259519625 0.94453125 0.2712360859375 0.9421875 0.2905682484375 0.94609375 0.3016988875
2 0.1625 0.943760984375 0.15703125 0.9425893375 0.151171875 0.9507908609375001 0.151953125 0.9584065609374999 0.157421875 0.9584065609374999 0.1625 0.9507908609375001 0.1625 0.943760984375
8 0.319140625 0.9537199765625 0.326171875 0.9496192156250001 0.33984375 0.9355594609375 0.344140625 0.9273579375000001 0.344921875 0.9191564140624999 0.342578125 0.91036906875 0.339453125 0.90626830625 0.3296875 0.9033391921874999 0.302734375 0.9314587 0.30234375 0.9384885765625001 0.309375 0.9496192156250001 0.3140625 0.9531341531249999 0.319140625 0.9537199765625
4 0.362109375 0.8963093140625 0.36875 0.8881077921875 0.366796875 0.8746338609375 0.361328125 0.8711189218750001 0.338671875 0.8799062687499999 0.33359375 0.8763913296875 0.3296875 0.8793204453125 0.327734375 0.8851786765625 0.328515625 0.8916227296875 0.341796875 0.9068541296875001 0.34921875 0.9050966609375 0.362109375 0.8963093140625
5 0.349609375 0.875219684375 0.353125 0.872876390625 0.3578125 0.865260690625 0.358203125 0.8488576453125001 0.355078125 0.83772700625 0.35 0.8271821906250001 0.34140625 0.816637375 0.337109375 0.8183948453125 0.3265625 0.8306971296875 0.321484375 0.8383128296875 0.3171875 0.8506151140625 0.318359375 0.865260690625 0.334765625 0.8763913296875 0.3421875 0.8775629765625 0.349609375 0.875219684375
11 0.6261324229166667 0.39567486875 0.6384371104166667 0.37517106093749997 0.6480074229166667 0.3693128296875 0.6581636729166667 0.3669695375 0.7003511729166667 0.377514353125 0.7030855479166667 0.3827867609375 0.7026949229166667 0.38805916875 0.7042574229166667 0.39098828281250003 0.7023042979166667 0.40153309843749996 0.7046480479166667 0.4050480375 0.7093355479166666 0.4073913296875 0.7155855479166667 0.4050480375 0.7331636729166667 0.406219684375 0.7480074229166667 0.398603984375 0.7582105458333334 0.3888910375 0.7874605479166666 0.35642472187499996 0.80260390625 0.34197188125 0.8108980479166666 0.33299179843750004 0.8158351562499999 0.32806326874999997 0.8351167979166667 0.309558875 0.8433199229166667 0.2995998828125 0.845884375 0.2961652015625 0.8584972666666667 0.2844821328125 0.8499605479166666 0.2826110140625 0.7919570312499999 0.27058055 0.7800386729166667 0.2679654359375 0.7444917979166666 0.2632788515625 0.7132417979166666 0.28085354375 0.6417574229166667 0.31131634375 0.5636324229166667 0.3540814296875 0.5624605479166667 0.3587680140625 0.5659761729166667 0.364040421875 0.6163667979166667 0.396260690625 0.6261324229166667 0.39567486875
2 0.6921875 0.6145284125 0.694921875 0.6069127125 0.693359375 0.603983596875 0.688671875 0.603983596875 0.680859375 0.6110134734375 0.680078125 0.6151142359375 0.681640625 0.61628588125 0.68984375 0.61628588125 0.6921875 0.6145284125
2 0.7390625 0.5407147046875 0.7390625 0.53602811875 0.736328125 0.5330990046874999 0.732421875 0.5336848265625 0.728125 0.5383714125 0.728125 0.543057996875 0.730859375 0.5448154656249999 0.736328125 0.5442296421874999 0.7390625 0.5407147046875
2 0.7 0.653778559375 0.693359375 0.6526069125 0.687890625 0.6596367890625 0.687890625 0.6654950203125 0.694140625 0.6672524890625 0.69921875 0.6619800812500001 0.7 0.653778559375
2 0.7015625 0.6865846515625 0.7015625 0.68131224375 0.699609375 0.6789689515624999 0.691015625 0.6830697125 0.690234375 0.68892794375 0.6921875 0.6912712359375 0.698046875 0.6912712359375 0.7015625 0.6865846515625
10 0.686328125 0.905682484375 0.68828125 0.8916227296875 0.681640625 0.8640890453125 0.67734375 0.8623315765624999 0.67265625 0.8670181609375 0.659765625 0.8886936140625 0.655078125 0.8933801984375 0.653515625 0.899824253125 0.653125 0.907439953125 0.658203125 0.9109548921874999 0.678515625 0.91036906875 0.686328125 0.905682484375
0 0.712109375 0.755711775 0.71328125 0.7457527828125 0.7046875 0.7475102515625001 0.695703125 0.7580550671874999 0.6953125 0.7627416515625 0.696484375 0.7639132984375 0.708203125 0.7598125359375001 0.712109375 0.755711775
0 0.92265625 0.6449912125 0.926953125 0.6338605734375 0.923046875 0.6303456359374999 0.9109375 0.6391329812500001 0.91015625 0.6438195671875 0.912109375 0.649677796875 0.919140625 0.6490919749999999 0.92265625 0.6449912125
0 0.92265625 0.6203866437500001 0.925390625 0.6121851203124999 0.92421875 0.609841828125 0.919921875 0.609841828125 0.90703125 0.6139425890625 0.904296875 0.617457528125 0.904296875 0.6274165203125001 0.90859375 0.6321031046875001 0.912109375 0.630931459375 0.92265625 0.6203866437500001
7 0.866015625 0.6145284125 0.870703125 0.6028119515625 0.873828125 0.57996485 0.873046875 0.5682483890625 0.864453125 0.5711775046875001 0.85703125 0.5787932046875001 0.849609375 0.60105448125 0.85078125 0.617457528125 0.85703125 0.6256590515625 0.858203125 0.6215582890625 0.866015625 0.6145284125
5 0.0671875 0.3222026953125 0.07578125 0.327475103125 0.08359375 0.328060925 0.089453125 0.3227885171875 0.094921875 0.314001171875 0.097265625 0.3028705328125 0.096484375 0.2993555953125 0.087109375 0.2999414171875 0.081640625 0.2964264796875 0.071484375 0.28002343281250003 0.06796875 0.2788517875 0.06171875 0.2829525484375 0.065234375 0.2964264796875 0.0578125 0.3028705328125 0.06171875 0.3145869953125 0.0671875 0.3222026953125
10 0.083984375 0.297598125 0.093359375 0.3011130640625 0.09819882916666667 0.2976608078125 0.10078125 0.294669009375 0.119140625 0.27592267187499997 0.12734375 0.26362038593750003 0.12734375 0.259519625 0.121484375 0.256590509375 0.08984375 0.25366139374999996 0.080859375 0.25541886406250003 0.066796875 0.268306971875 0.06640625 0.271821909375 0.069140625 0.2788517875 0.078515625 0.2917398953125 0.083984375 0.297598125
0 0.144140625 0.312243703125 0.148046875 0.306385471875 0.146484375 0.2934973640625 0.1203125 0.2934973640625 0.119921875 0.2970123015625 0.12265625 0.3028705328125 0.133984375 0.312243703125 0.144140625 0.312243703125