4 0.374 0.5568 0.3768 0.5536 0.374 0.5365333330078125 0.3688 0.5232 0.3648 0.5226666669921874 0.356 0.5264 0.3492 0.5328 0.3488 0.5408 0.3572 0.5541333330078125 0.3688 0.5584 0.374 0.5568
3 0.2792 0.5701333330078125 0.2828 0.5664 0.2832 0.5525333330078125 0.28 0.5504 0.2672 0.552 0.258 0.5616 0.258 0.5664 0.2636 0.5754666669921875 0.2684 0.5749333330078125 0.2792 0.5701333330078125
11 0.4352 0.7429333330078125 0.44680000000000003 0.7472 0.44839999999999997 0.7456 0.4456 0.7365333330078125 0.388 0.6506666669921874 0.38079999999999997 0.6458666669921875 0.3072 0.6170666669921875 0.3024 0.6170666669921875 0.3012 0.6192 0.3064 0.6298666669921875 0.36119999999999997 0.7114666669921875 0.4352 0.7429333330078125
3 0.1936 0.5738666669921875 0.1956 0.5685333330078125 0.1936 0.5594666669921875 0.1872 0.5573333330078125 0.1808 0.5589333330078124 0.1808 0.5648 0.18560000000000001 0.5744 0.19039999999999999 0.576 0.1936 0.5738666669921875
0 0.43320000000000003 0.5525333330078125 0.4328 0.5408 0.42760000000000004 0.5376 0.4256 0.5418666669921876 0.4252 0.5445333330078125 0.42839999999999995 0.5509333330078126 0.4304 0.5530666669921875 0.43320000000000003 0.5525333330078125
0 0.3852 0.5370666669921875 0.382 0.5290666669921875 0.3768 0.528 0.376 0.5296 0.3764 0.5413333330078125 0.38 0.5450666669921875 0.38439999999999996 0.5445333330078125 0.3852 0.5370666669921875
0 0.3488 0.5168 0.3448 0.5141333330078125 0.3396 0.5194666669921875 0.34120000000000006 0.5237333330078126 0.3456 0.5232 0.348 0.5210666669921875 0.3488 0.5168
3 0.40399999999999997 0.4970666669921875 0.40959999999999996 0.4901333330078125 0.4104 0.4858666669921875 0.40879999999999994 0.4794666669921875 0.4008 0.4709333330078125 0.3896 0.472 0.3856 0.4768 0.3856 0.4821333330078125 0.3876 0.4864 0.3996 0.4986666669921875 0.40399999999999997 0.4970666669921875
3 0.412 0.5706666669921875 0.4204 0.5653333330078125 0.426 0.5568 0.4236 0.5456 0.40959999999999996 0.5466666669921875 0.4008 0.5536 0.4 0.5653333330078125 0.40280000000000005 0.5696 0.40599999999999997 0.5706666669921875 0.412 0.5706666669921875
2 0.27440000000000003 0.5194666669921875 0.27440000000000003 0.5274666669921875 0.2792 0.5285333330078125 0.2796 0.5205333330078125 0.27440000000000003 0.5194666669921875
2 0.2944 0.4810666669921875 0.2904 0.48 0.28759999999999997 0.4821333330078125 0.2872 0.4869333330078125 0.2892 0.4896 0.2948 0.488 0.2944 0.4810666669921875
3 0.3264 0.5290666669921875 0.32680000000000003 0.5253333330078125 0.3184 0.5184 0.314 0.5178666669921875 0.3112 0.5221333330078125 0.3116 0.5322666669921875 0.3144 0.5354666669921875 0.32239999999999996 0.5338666669921875 0.3264 0.5290666669921875
3 0.3392 0.5125333330078125 0.34040000000000004 0.5050666669921875 0.3376 0.4970666669921875 0.33 0.4938666669921875 0.32759999999999995 0.4976 0.32720000000000005 0.5056 0.3308 0.512 0.334 0.5141333330078125 0.3392 0.5125333330078125
4 0.1696 0.5610666669921875 0.17359999999999998 0.5568 0.1748 0.5450666669921875 0.17359999999999998 0.5344 0.16920000000000002 0.5328 0.154 0.5402666669921875 0.1492 0.5482666669921875 0.1504 0.5541333330078125 0.16519999999999999 0.5610666669921875 0.1696 0.5610666669921875
11 0.166 0.4688 0.15839999999999999 0.4586666669921875 0.14200000000000002 0.4448 0.14 0.448 0.1388 0.4704 0.1388 0.4864 0.1428 0.4885333330078125 0.16119999999999998 0.4768 0.166 0.4688
3 0.19720000000000001 0.4272 0.1976 0.4213333330078125 0.1952 0.4165333330078125 0.19039999999999999 0.4144 0.1848 0.416 0.1848 0.4213333330078125 0.18919999999999998 0.4277333330078125 0.19319999999999998 0.4304 0.19720000000000001 0.4272
3 0.1648 0.3930666669921875 0.1684 0.3845333330078125 0.1668 0.3765333330078125 0.1632 0.3738666669921875 0.15839999999999999 0.3738666669921875 0.1556 0.3776 0.1556 0.3829333330078125 0.1592 0.3872 0.1616 0.3941333330078125 0.1648 0.3930666669921875
4 0.2716 0.4 0.2732 0.3877333330078125 0.2712 0.384 0.2596 0.3829333330078125 0.258 0.3845333330078125 0.2584 0.3952 0.26233 0.3979162666015625 0.2706815994897959 0.3988992001953125 0.2716 0.4
0 0.3264 0.3258666669921875 0.3184 0.3194666669921875 0.314 0.3194666669921875 0.3136 0.3258666669921875 0.318 0.3317333330078125 0.3228 0.3312 0.3264 0.3258666669921875
0 0.3316 0.3536 0.3316 0.3493333330078125 0.3252 0.3424 0.322 0.3408 0.3204 0.344 0.3204 0.3493333330078125 0.32480000000000003 0.3552 0.33 0.3557333330078125 0.3316 0.3536
0 0.30920000000000003 0.3792 0.3076 0.3770666669921875 0.3044 0.3770666669921875 0.2988 0.3829333330078125 0.3 0.3888 0.306 0.3888 0.3088 0.3845333330078125 0.30920000000000003 0.3792
7 0.3076 0.4506666669921875 0.3064 0.448 0.3024 0.4485333330078125 0.29719999999999996 0.4554666669921875 0.29719999999999996 0.4624 0.30279999999999996 0.464 0.3068 0.4586666669921875 0.3076 0.4506666669921875
4 0.0652 0.5130666669921875 0.0764 0.5018666669921875 0.0808 0.4938666669921875 0.0808 0.4890666669921875 0.0768 0.4832 0.0712 0.4826666669921875 0.039599999999999996 0.4938666669921875 0.0372 0.4965333330078125 0.0368 0.5018666669921875 0.0444 0.5093333330078125 0.0524 0.5136 0.0652 0.5130666669921875
4 0.024800000000000003 0.6032 0.0244 0.5984 0.0216 0.5962666669921876 0.0092 0.5978666669921875 0.005200000000000001 0.6005333330078125 0.0056 0.6085333330078125 0.0096 0.6144 0.0172 0.6144 0.024800000000000003 0.6032
4 0.09160000000000001 0.3456 0.09160000000000001 0.3413333330078125 0.0888 0.3381333330078125 0.08320000000000001 0.3381333330078125 0.0704 0.344 0.0692 0.3498666669921875 0.072 0.3557333330078125 0.0808 0.3642666669921875 0.09160000000000001 0.3456
4 0.0948 0.2810666669921875 0.1032 0.2752 0.10719999999999999 0.2645333330078125 0.10719999999999999 0.2549333330078125 0.1012 0.2533333330078125 0.09160000000000001 0.256 0.08320000000000001 0.2597333330078125 0.0732 0.2677333330078125 0.0724 0.2709333330078125 0.08 0.2789333330078125 0.0872 0.2816 0.0948 0.2810666669921875
3 0.03 0.2042666669921875 0.0308 0.1973333330078125 0.026799999999999997 0.1850666669921875 0.0224 0.1829333330078125 0.0188 0.1856 0.0184 0.1904 0.0212 0.2 0.024800000000000003 0.2042666669921875 0.03 0.2042666669921875
3 0.2356 0.5296 0.2364 0.5210666669921875 0.23520000000000002 0.5189333330078125 0.2288 0.5146666669921875 0.2228 0.5178666669921875 0.2216 0.5253333330078125 0.2276 0.5333333330078125 0.23279999999999998 0.5333333330078125 0.2356 0.5296
3 0.246 0.5066666669921875 0.24480000000000002 0.5018666669921875 0.24 0.4965333330078125 0.228 0.5034666669921875 0.228 0.5098666669921875 0.236 0.52 0.2436 0.5125333330078125 0.246 0.5066666669921875
1 0.039599999999999996 0.4704 0.0404 0.4629333330078125 0.0376 0.4602666669921875 0.024800000000000003 0.4602666669921875 0.0228 0.4618666669921875 0.0224 0.4677333330078125 0.026799999999999997 0.4837333330078125 0.0332 0.4858666669921875 0.039599999999999996 0.4704
1 0.0548 0.4005333330078125 0.054 0.392 0.0424 0.3898666669921875 0.0376 0.3914666669921875 0.0368 0.3978666669921875 0.0404 0.4144 0.0484 0.416 0.0548 0.4005333330078125
1 0.044000000000000004 0.3333333330078125 0.05 0.3189333330078125 0.0508 0.3098666669921875 0.0436 0.3066666669921875 0.0356 0.3066666669921875 0.032 0.3088 0.0316 0.3162666669921875 0.036 0.3312 0.0404 0.3344 0.044000000000000004 0.3333333330078125
1 0.0432 0.2634666669921875 0.047599999999999996 0.2624 0.0524 0.2464 0.0524 0.2394666669921875 0.0484 0.2368 0.036 0.2378666669921875 0.0344 0.24 0.0344 0.2448 0.039599999999999996 0.2602666669921875 0.0432 0.2634666669921875
1 0.2828 0.2570666669921875 0.2864 0.256 0.2908 0.2426666669921875 0.2904 0.2309333330078125 0.288 0.2282666669921875 0.27599999999999997 0.2304 0.2748 0.232 0.2752 0.2394666669921875 0.2804 0.2554666669921875 0.2828 0.2570666669921875
2 0.0304 0.5605333330078125 0.0308 0.5562666669921875 0.0292 0.5536 0.023200000000000002 0.5546666669921875 0.0224 0.5589333330078124 0.024800000000000003 0.5626666669921875 0.0288 0.5626666669921875 0.0304 0.5605333330078125
2 0.026400000000000003 0.6704 0.025199999999999997 0.6645333330078125 0.0188 0.6666666669921875 0.0188 0.6725333330078125 0.020800000000000003 0.6757333330078125 0.025199999999999997 0.6741333330078125 0.026400000000000003 0.6704
1 0.2868 0.3472 0.2908 0.336 0.2908 0.3221333330078125 0.28759999999999997 0.3205333330078125 0.27599999999999997 0.3221333330078125 0.2752 0.3264 0.2808 0.3456 0.2832 0.3482666669921875 0.2868 0.3472
1 0.2848 0.4330666669921875 0.2896 0.4229333330078125 0.2908 0.408 0.2804 0.4058666669921875 0.27440000000000003 0.408 0.274 0.4122666669921875 0.2784 0.4309333330078125 0.2816 0.4336 0.2848 0.4330666669921875
5 0.3816 0.3776 0.39720000000000005 0.3536 0.3988 0.3477333330078125 0.39799999999999996 0.3418666669921875 0.39239999999999997 0.3386666669921875 0.3816 0.3450666669921875 0.37200000000000005 0.3610666669921875 0.3676 0.3749333330078125 0.368 0.3813333330078125 0.37120000000000003 0.3834666669921875 0.376 0.3829333330078125 0.3816 0.3776
5 0.3768 0.3285333330078125 0.39080000000000004 0.3002666669921875 0.39239999999999997 0.2954666669921875 0.3916 0.2874666669921875 0.3872 0.2837333330078125 0.3804 0.2890666669921875 0.3752 0.2954666669921875 0.36719999999999997 0.3141333330078125 0.36679999999999996 0.3258666669921875 0.368 0.328 0.37160000000000004 0.3306666669921875 0.3768 0.3285333330078125
3 0.4192 0.0917333330078125 0.4124 0.0864 0.40800000000000003 0.0885333330078125 0.4068 0.0922666669921875 0.40800000000000003 0.1045333330078125 0.4164 0.1034666669921875 0.41960000000000003 0.096 0.4192 0.0917333330078125
2 0.49679999999999996 0.6773333330078125 0.49679999999999996 0.6730666669921875 0.494 0.6698666669921876 0.48960000000000004 0.6714666669921875 0.4888 0.6773333330078125 0.49000000000000005 0.6810666669921875 0.494 0.6816 0.49679999999999996 0.6773333330078125
2 0.6344 0.6202666669921875 0.6288 0.6192 0.6264 0.6208 0.6268 0.6288 0.6312 0.6304 0.6352 0.6272 0.6344 0.6202666669921875
2 0.6204 0.6618666669921875 0.6144 0.6608 0.6128 0.6624 0.6124 0.6666666669921875 0.6152 0.6714666669921875 0.62 0.6688 0.6204 0.6618666669921875
2 0.5519999999999999 0.7061333330078124 0.5496 0.704 0.5436 0.704 0.5452 0.7130666669921875 0.5488000000000001 0.7136 0.5524 0.7093333330078125 0.5519999999999999 0.7061333330078124
3 0.39640000000000003 0.1429333330078125 0.39680000000000004 0.1376 0.3952 0.1344 0.3912 0.1322666669921875 0.386 0.1344 0.3852 0.1424 0.3876 0.1472 0.3928 0.1472 0.39640000000000003 0.1429333330078125
3 0.3796 0.1616 0.3796 0.1578666669921875 0.3768 0.1541333330078125 0.37200000000000005 0.1536 0.36920000000000003 0.1568 0.36920000000000003 0.1626666669921875 0.37239999999999995 0.1674666669921875 0.37720000000000004 0.1664 0.3796 0.1616
1 0.2896 0.1813333330078125 0.2928 0.1642666669921875 0.2924 0.1578666669921875 0.2868 0.1541333330078125 0.2788 0.1568 0.2768 0.16 0.2776 0.1685333330078125 0.2828 0.1813333330078125 0.2856 0.1829333330078125 0.2896 0.1813333330078125
1 0.2908 0.0933333330078125 0.2944 0.0762666669921875 0.2936 0.0730666669921875 0.2872 0.0698666669921875 0.2776 0.072 0.2792 0.0869333330078125 0.2832 0.0981333330078125 0.2868 0.0992 0.2908 0.0933333330078125
0 0.6036 0.4629333330078125 0.6003999999999999 0.4586666669921875 0.596 0.4586666669921875 0.5956 0.4634666669921875 0.5984 0.4666666669921875 0.602 0.4656 0.6036 0.4629333330078125
0 0.5728 0.5242666669921875 0.5712 0.5210666669921875 0.5676 0.5194666669921875 0.5612 0.5269333330078125 0.562 0.5328 0.5652 0.5344 0.572 0.5296 0.5728 0.5242666669921875
7 0.5876 0.5178666669921875 0.5916 0.5162666669921875 0.6088 0.4944 0.6068 0.4752 0.604 0.4714666669921875 0.6003999999999999 0.4725333330078125 0.5908 0.4794666669921875 0.5772 0.4938666669921875 0.576 0.4976 0.5768 0.5024 0.5836 0.5157333330078125 0.5876 0.5178666669921875
4 0.59 0.4128 0.5936 0.3994666669921875 0.5912000000000001 0.3946666669921875 0.5876 0.3925333330078125 0.5672 0.384 0.5632 0.3872 0.5592 0.4010666669921875 0.5588 0.408 0.5636 0.4149333330078125 0.5811999999999999 0.4186666669921875 0.59 0.4128
7 0.5856 0.6106666669921875 0.5884 0.6037333330078125 0.5864 0.5968 0.5724 0.5888 0.5680000000000001 0.5888 0.5672 0.5914666669921875 0.5680000000000001 0.6069333330078125 0.5716 0.6144 0.5804 0.616 0.5856 0.6106666669921875
4 0.5228 0.5370666669921875 0.5292 0.5237333330078126 0.5267999999999999 0.5082666669921875 0.5204 0.4986666669921875 0.5172 0.4976 0.506 0.4997333330078125 0.5032 0.5050666669921875 0.5012 0.5269333330078125 0.5044 0.5365333330078125 0.5092 0.5402666669921875 0.5228 0.5370666669921875
2 0.7979999999999999 0.4741333330078125 0.7951999999999999 0.4682666669921875 0.7904 0.4682666669921875 0.7888000000000001 0.4704 0.7884 0.4746666669921875 0.7904 0.4789333330078125 0.7948 0.4794666669921875 0.7979999999999999 0.4741333330078125
2 0.7944000000000001 0.5077333330078125 0.7904 0.5061333330078125 0.7864 0.5082666669921875 0.7876 0.5168 0.7908000000000001 0.5184 0.7948 0.5152 0.7944000000000001 0.5077333330078125
6 0.5499999999999999 0.5392 0.5508 0.5317333330078124 0.546 0.5232 0.5439999999999999 0.5226666669921874 0.5376000000000001 0.5296 0.5368 0.5381333330078125 0.5408 0.5445333330078125 0.5448 0.5450666669921875 0.5499999999999999 0.5392
5 0.65 0.4293333330078125 0.6496000000000001 0.4224 0.6384 0.4042666669921875 0.6348 0.4048 0.632 0.408 0.6328 0.4202666669921875 0.644 0.4325333330078125 0.6464 0.4330666669921875 0.65 0.4293333330078125
2 0.9196 0.6608 0.9196 0.6528 0.9136 0.6506666669921874 0.91 0.6533333330078125 0.9096 0.6581333330078125 0.9124 0.6629333330078125 0.916 0.6645333330078125 0.9196 0.6608
2 0.9356 0.6112 0.9392 0.608 0.9392 0.6032 0.9356 0.6 0.9316000000000001 0.5994666669921875 0.9292 0.6026666669921875 0.9292 0.6074666669921875 0.9316000000000001 0.6106666669921875 0.9356 0.6112
5 0.6192000000000001 0.304 0.6264 0.2869333330078125 0.6244000000000001 0.2821333330078125 0.62 0.28 0.616 0.2821333330078125 0.6096 0.2906666669921875 0.6028 0.3061333330078125 0.6036 0.3157333330078125 0.6068 0.3184 0.6112 0.3162666669921875 0.6192000000000001 0.304
5 0.6492 0.1589333330078125 0.6412 0.1578666669921875 0.638 0.1648 0.6368 0.1744 0.6424 0.1818666669921875 0.6488 0.1658666669921875 0.6492 0.1589333330078125
4 0.7136 0.2330666669921875 0.7144 0.2277333330078125 0.7128 0.224 0.7083999999999999 0.2245333330078125 0.6971999999999999 0.2330666669921875 0.6968 0.2437333330078125 0.7008 0.2458666669921875 0.7088 0.24 0.7136 0.2330666669921875
5 0.6324 0.36 0.6392 0.3658666669921875 0.6536000000000001 0.3936 0.6579999999999999 0.3946666669921875 0.6624 0.3888 0.664 0.3850666669921875 0.6628000000000001 0.3792 0.6556000000000001 0.3653333330078125 0.6504 0.3493333330078125 0.6496000000000001 0.3370666669921875 0.6512 0.3301333330078125 0.6504 0.3258666669921875 0.6472 0.3216 0.6416000000000001 0.3232 0.6348 0.3434666669921875 0.6228 0.3386666669921875 0.6144 0.3408 0.6132 0.344 0.614 0.3504 0.6172 0.3536 0.6324 0.36
4 0.6496000000000001 0.5498666669921874 0.6632 0.5392 0.6676000000000001 0.5290666669921875 0.6632 0.5045333330078124 0.6616 0.5013333330078125 0.6579999999999999 0.4997333330078125 0.6484 0.5029333330078125 0.6332 0.5264 0.6324 0.5344 0.634 0.5424 0.6392 0.5477333330078125 0.6496000000000001 0.5498666669921874
4 0.8376 0.5429333330078125 0.8432000000000001 0.5392 0.848 0.5328 0.8532000000000001 0.5162666669921875 0.854 0.5088 0.8488 0.5034666669921875 0.8371999999999999 0.4981333330078125 0.8203999999999999 0.496 0.8168000000000001 0.5018666669921875 0.8116 0.5237333330078126 0.8112 0.5296 0.8136 0.5333333330078125 0.8284 0.5413333330078125 0.8376 0.5429333330078125
4 0.8336 0.4117333330078125 0.84 0.4042666669921875 0.8392000000000001 0.3984 0.834 0.3946666669921875 0.826 0.3941333330078125 0.8208 0.3973333330078125 0.82 0.4032 0.826 0.4122666669921875 0.8300000000000001 0.4133333330078125 0.8336 0.4117333330078125
4 0.9695999999999999 0.5045333330078124 0.9772000000000001 0.5050666669921875 0.986 0.4992 0.9872 0.4954666669921875 0.986 0.4912 0.9496 0.4730666669921875 0.9471999999999999 0.4741333330078125 0.9488 0.4853333330078125 0.9588 0.4992 0.9695999999999999 0.5045333330078124
4 0.9863999999999999 0.5386666669921875 0.99 0.5328 0.9888 0.5274666669921875 0.976 0.5168 0.9624 0.5104 0.9588 0.5098666669921875 0.9571999999999999 0.512 0.962 0.5248 0.9703999999999999 0.5344 0.9792000000000001 0.5381333330078125 0.9863999999999999 0.5386666669921875
4 0.9331999999999999 0.5861333330078125 0.9380000000000001 0.5765333330078125 0.9359999999999999 0.5722666669921875 0.9236 0.5669333330078125 0.9196 0.5664 0.918 0.5696 0.9176000000000001 0.5797333330078125 0.9236 0.5904 0.9268000000000001 0.5904 0.9331999999999999 0.5861333330078125
4 0.91 0.4229333330078125 0.9132 0.416 0.9144 0.408 0.9132 0.4048 0.9028 0.4021333330078125 0.8964 0.4037333330078125 0.8964 0.4112 0.9 0.4192 0.904 0.4234666669921875 0.91 0.4229333330078125
4 0.9832 0.3504 0.9852 0.3456 0.9820000000000001 0.3424 0.9736 0.3397333330078125 0.9624 0.3386666669921875 0.9628 0.3472 0.9695999999999999 0.3541333330078125 0.9792000000000001 0.3536 0.9832 0.3504
4 0.9823999999999999 0.3034666669921875 0.9884000000000001 0.3002666669921875 0.9924000000000001 0.2949333330078125 0.99 0.2917333330078125 0.9812000000000001 0.2885333330078125 0.9624 0.2864 0.9636 0.2938666669921875 0.9668 0.2986666669921875 0.9732 0.3029333330078125 0.9823999999999999 0.3034666669921875
1 0.8024 0.0970666669921875 0.8076 0.0762666669921875 0.8063999999999999 0.0682666669921875 0.8024 0.0656 0.7948 0.0682666669921875 0.7908000000000001 0.0709333330078125 0.7888000000000001 0.0757333330078125 0.7884 0.08 0.7948 0.0970666669921875 0.7984 0.0986666669921875 0.8024 0.0970666669921875
1 0.7996 0.1584 0.8063999999999999 0.1376 0.806 0.1312 0.7984 0.1274666669921875 0.7908000000000001 0.1301333330078125 0.7876 0.1344 0.7872 0.1381333330078125 0.792 0.1562666669921875 0.7948 0.1594666669921875 0.7996 0.1584
1 0.7904 0.2384 0.7959999999999999 0.2165333330078125 0.7951999999999999 0.2112 0.786 0.2096 0.7788 0.2106666669921875 0.7776000000000001 0.2128 0.7768 0.2208 0.7827999999999999 0.2378666669921875 0.7856 0.2394666669921875 0.7904 0.2384
1 0.7988 0.3157333330078125 0.8068 0.2970666669921875 0.8071999999999999 0.2890666669921875 0.8044 0.2853333330078125 0.792 0.2858666669921875 0.7884 0.288 0.7884 0.2981333330078125 0.7908000000000001 0.3098666669921875 0.7928000000000001 0.3146666669921875 0.7988 0.3157333330078125
1 0.7988 0.4096 0.8063999999999999 0.3893333330078125 0.8071999999999999 0.3808 0.7916000000000001 0.3781333330078125 0.7872 0.3808 0.7872 0.3888 0.7908000000000001 0.4074666669921875 0.7936000000000001 0.4096 0.7988 0.4096
1 0.9432 0.3808 0.9468 0.3733333330078125 0.95 0.36 0.95 0.3536 0.9476 0.3509333330078125 0.9424 0.3498666669921875 0.9348 0.3509333330078125 0.9308000000000001 0.3541333330078125 0.9308000000000001 0.3621333330078125 0.9356 0.3781333330078125 0.9388 0.3808 0.9432 0.3808
1 0.9476 0.4469333330078125 0.9548000000000001 0.4256 0.9548000000000001 0.4197333330078125 0.9516 0.4176 0.944 0.4176 0.9348 0.4208 0.9339999999999999 0.4314666669921875 0.9392 0.4432 0.9416 0.4469333330078125 0.9476 0.4469333330078125
1 0.9536 0.2784 0.9532 0.2714666669921875 0.9492 0.2688 0.9376 0.2698666669921875 0.9352 0.2704 0.9331999999999999 0.2746666669921875 0.9339999999999999 0.2837333330078125 0.9392 0.2981333330078125 0.9468 0.2986666669921875 0.9536 0.2784
1 0.9660000000000001 0.2325333330078125 0.9708 0.2176 0.9708 0.2053333330078125 0.9628 0.2032 0.9548000000000001 0.2048 0.9512 0.208 0.9512 0.2165333330078125 0.9576000000000001 0.232 0.962 0.2341333330078125 0.9660000000000001 0.2325333330078125
1 0.9544 0.1578666669921875 0.9591999999999999 0.1402666669921875 0.9588 0.1306666669921875 0.948 0.1296 0.9392 0.1338666669921875 0.9392 0.1424 0.9456 0.1573333330078125 0.9496 0.1594666669921875 0.9544 0.1578666669921875
6 0.7052 0.3477333330078125 0.7148 0.3456 0.7160000000000001 0.3413333330078125 0.7136 0.3301333330078125 0.7091999999999999 0.3216 0.7088 0.3104 0.7132000000000001 0.2976 0.7203999999999999 0.2858666669921875 0.7203999999999999 0.2805333330078125 0.7164 0.28 0.712 0.2762666669921875 0.7020000000000001 0.2826666669921875 0.6971999999999999 0.2933333330078125 0.6928000000000001 0.2976 0.6864 0.3125333330078125 0.6856 0.3248 0.6900000000000001 0.3296 0.6936000000000001 0.3413333330078125 0.7052 0.3477333330078125
2 0.9352 0.7333333330078124 0.9376 0.7242666669921874 0.9352 0.7221333330078125 0.9292 0.7226666669921875 0.9276 0.7237333330078125 0.9276 0.7296 0.9311999999999999 0.7333333330078124 0.9352 0.7333333330078124
6 0.8532000000000001 0.6896 0.8807999999999999 0.6784 0.8812000000000001 0.6736 0.8768 0.6592 0.8695999999999999 0.6528 0.8668 0.6538666669921875 0.8603999999999999 0.6624 0.8536 0.6661333330078125 0.8512 0.6704 0.8504 0.6773333330078125 0.848 0.6821333330078125 0.8492 0.6858666669921875 0.8532000000000001 0.6896
1 0.0776 0.1968 0.0824 0.1818666669921875 0.0816 0.1738666669921875 0.0776 0.1706666669921875 0.06799999999999999 0.1701333330078125 0.0644 0.1722666669921875 0.064 0.1776 0.0684 0.1936 0.0716 0.1978666669921875 0.0776 0.1968
7 0.6424 0.5989333330078125 0.646 0.5877333330078125 0.6428 0.5818666669921875 0.6392 0.584 0.6348 0.5914666669921875 0.6348 0.5968 0.638 0.6016 0.6424 0.5989333330078125
4 0.6916 0.5333333330078125 0.6900000000000001 0.5258666669921875 0.6859999999999999 0.5242666669921875 0.6716 0.5312 0.6736 0.5418666669921876 0.6808000000000001 0.5525333330078125 0.6859999999999999 0.5493333330078125 0.6916 0.5333333330078125
6 0.6752 0.3050666669921875 0.6859999999999999 0.3024 0.7016 0.2816 0.7044 0.2757333330078125 0.7044 0.2714666669921875 0.6971999999999999 0.2602666669921875 0.6864 0.2634666669921875 0.6736 0.2832 0.668 0.2986666669921875 0.6668000000000001 0.3066666669921875 0.6696 0.3088 0.6732 0.3082666669921875 0.6752 0.3050666669921875
10 0.533498400510204 0.598015466796875 0.538442 0.6008037333984375 0.539582799744898 0.6081552001953126 0.53559 0.6170282666015625 0.535209599489796 0.62057706640625 0.537681200255102 0.6251402666015625 0.541864400510204 0.6299567998046876 0.542624799744898 0.637561599609375 0.5372 0.6421333330078125 0.5368 0.6501333330078125 0.5416 0.6565333330078125 0.5488000000000001 0.6565333330078125 0.554 0.6501333330078125 0.5568 0.6416 0.5616 0.5994666669921875 0.5616 0.5797333330078125 0.5564 0.5690666669921876 0.5484 0.568 0.5296 0.576 0.5224 0.5829333330078125 0.5212 0.5861333330078125 0.522 0.5962666669921876 0.5264 0.6 0.533498400510204 0.598015466796875
5 0.5836 0.744 0.5856 0.736 0.5768 0.72 0.572 0.7157333330078125 0.5604 0.7104 0.556 0.7136 0.5568 0.7216 0.572 0.7424 0.5796 0.7456 0.5836 0.744
7 0.5592 0.464 0.5588 0.4586666669921875 0.5524 0.4464 0.5484 0.4464 0.5448 0.4517333330078125 0.5448 0.4602666669921875 0.548 0.4650666669921875 0.5524 0.4672 0.5592 0.464
7 0.5748 0.4704 0.5744 0.4624 0.5716 0.4586666669921875 0.5648 0.4586666669921875 0.5612 0.464 0.5604 0.4730666669921875 0.5644 0.4778666669921875 0.5696 0.4778666669921875 0.5748 0.4704
4 0.5880000000000001 0.2864 0.5972 0.28 0.6108 0.2682666669921875 0.6132 0.2634666669921875 0.6124 0.256 0.6072 0.2522666669921875 0.5892 0.2501333330078125 0.5811999999999999 0.2512 0.5796 0.2517333330078125 0.5796 0.2570666669921875 0.5836 0.2869333330078125 0.5880000000000001 0.2864
0 0.6112 0.2037333330078125 0.6072 0.2032 0.6048 0.2069333330078125 0.6076 0.2170666669921875 0.6156 0.2202666669921875 0.6152 0.2096 0.6112 0.2037333330078125
3 0.5876 0.1376 0.584 0.1354666669921875 0.5796 0.1381333330078125 0.5756 0.1424 0.5744 0.1472 0.5770379999999999 0.153623466796875 0.5831999999999999 0.1552 0.5868 0.1504 0.5876 0.1376
4 0.9668 0.7189333330078125 0.9736 0.7178666669921875 0.974 0.7125333330078125 0.9703999999999999 0.7008 0.9672000000000001 0.6986666669921875 0.9524 0.6986666669921875 0.9508 0.7008 0.9512 0.704 0.9576000000000001 0.7136 0.9668 0.7189333330078125
4 0.9703999999999999 0.6538666669921875 0.9728 0.6448 0.9708 0.6357333330078125 0.9555999999999999 0.6378666669921875 0.9540000000000001 0.64 0.9548000000000001 0.6485333330078125 0.9588 0.6576 0.964 0.6597333330078125 0.9703999999999999 0.6538666669921875
8 0.9548000000000001 0.6261333330078125 0.9820000000000001 0.6117333330078125 0.984 0.6064 0.9823999999999999 0.6021333330078125 0.9788 0.5989333330078125 0.9664 0.5952 0.9583999999999999 0.5994666669921875 0.9504 0.6074666669921875 0.9492 0.6106666669921875 0.9496 0.6213333330078125 0.9512 0.6245333330078126 0.9548000000000001 0.6261333330078125
4 0.7396 0.432 0.7452 0.4341333330078125 0.7664000000000001 0.4357333330078125 0.7716 0.4314666669921875 0.7788 0.4186666669921875 0.7792 0.416 0.776 0.4112 0.7704 0.408 0.7363999999999999 0.3957333330078125 0.7320000000000001 0.3962666669921875 0.7288 0.4117333330078125 0.7292000000000001 0.4197333330078125 0.7348 0.4288 0.7396 0.432
4 0.8208 0.4394666669921875 0.8228 0.4298666669921875 0.82 0.4245333330078125 0.8099999999999999 0.4202666669921875 0.7984 0.4314666669921875 0.7964 0.4352 0.8 0.4405333330078125 0.8140000000000001 0.4469333330078125 0.8208 0.4394666669921875
4 0.9276 0.4490666669921875 0.9296000000000001 0.4432 0.9284 0.4373333330078125 0.912 0.4293333330078125 0.91 0.4304 0.9087999999999999 0.44 0.9116 0.4485333330078125 0.9232 0.4517333330078125 0.9276 0.4490666669921875
4 0.6024 0.4234666669921875 0.6024 0.4192 0.5996 0.4149333330078125 0.5940000000000001 0.416 0.5912000000000001 0.4197333330078125 0.5908 0.424 0.5932000000000001 0.4282666669921875 0.5992000000000001 0.4277333330078125 0.6024 0.4234666669921875
4 0.6488 0.4624 0.6464 0.4544 0.6384 0.4538666669921875 0.6348 0.4576 0.6352 0.4629333330078125 0.6396 0.4672 0.6464 0.4656 0.6488 0.4624
3 0.46440000000000003 0.2325333330078125 0.46480000000000005 0.2282666669921875 0.45959999999999995 0.2186666669921875 0.4548 0.2170666669921875 0.4496 0.2202666669921875 0.4496 0.2277333330078125 0.45399999999999996 0.2341333330078125 0.45999999999999996 0.2346666669921875 0.46440000000000003 0.2325333330078125
11 0.7512 0.6992 0.7488 0.7098666669921875 0.7427999999999999 0.7088 0.7424000000000001 0.7146666669921875 0.7363999999999999 0.72 0.7356 0.7248 0.738 0.7290666669921875 0.7464 0.7312 0.7912 0.7290666669921875 0.8748 0.7296 0.8827999999999999 0.7269333330078125 0.8844 0.7216 0.8844 0.712 0.8835999999999999 0.6805333330078125 0.8820000000000001 0.6757333330078125 0.8835999999999999 0.6714666669921875 0.8815999999999999 0.672 0.8799999999999999 0.6672 0.884 0.6544 0.8824 0.6464 0.8792000000000001 0.5786666669921875 0.8700000000000001 0.5728 0.8452 0.5642666669921875 0.8276 0.5605333330078125 0.7684000000000001 0.5408 0.7528 0.5429333330078125 0.7508 0.5466666669921875 0.748 0.5712 0.7452 0.6192 0.738 0.6784 0.7384000000000001 0.6837333330078125 0.7447999999999999 0.6906666669921875 0.7464 0.6965333330078125 0.7512 0.6992