4 0.56015625 0.3104862333984375 0.598046875 0.326889279296875 0.6359374999999999 0.3063854716796875 0.6546875 0.288810779296875 0.6796875 0.27182191015625 0.702734375 0.250732279296875 0.708203125 0.2401874638671875 0.70625 0.232571763671875 0.70625 0.224370240234375 0.708984375 0.2126537783203125 0.696484375 0.1927357939453125 0.688671875 0.1874633857421875 0.676953125 0.1874633857421875 0.66171875 0.192149970703125 0.5968749999999999 0.2026947861328125 0.5796875 0.2126537783203125 0.5593750000000001 0.228471001953125 0.543359375 0.24370240234375 0.5382812499999999 0.2542472177734375 0.540625 0.278851787109375 0.5460937499999999 0.2934973642578125 0.55234375 0.302870533203125 0.56015625 0.3104862333984375
3 0.54921875 0.0990041005859375 0.5632812500000001 0.1159929697265625 0.5652343750000001 0.1230228466796875 0.560546875 0.13473930859375 0.558984375 0.14704159375 0.560546875 0.155828939453125 0.5652343750000001 0.1622729931640625 0.58359375 0.172231986328125 0.617578125 0.1734036318359375 0.641015625 0.166959578125 0.65625 0.15289982421875 0.656640625 0.1423550087890625 0.653515625 0.130638546875 0.6275390625 0.1133567666015625 0.62265625 0.1031048623046875 0.621484375 0.0902167548828125 0.62890625 0.056239015625 0.6277343750000001 0.05213825390625 0.623046875 0.0486233154296875 0.607421875 0.0427650849609375 0.5656249999999999 0.041007615234375 0.5476562500000001 0.049209138671875 0.531640625 0.0679554775390625 0.5300781250000001 0.0720562392578125 0.5328125 0.0820152314453125 0.546484375 0.0931458701171875 0.54921875 0.0990041005859375
2 0.06679687499999999 0.5096660810546875 0.069140625 0.4973637958984375 0.06406250000000001 0.4915055654296875 0.05625 0.492091388671875 0.051953125 0.49677797265625 0.0484375 0.5055653193359375 0.04765625 0.5125951962890625 0.04921875 0.5155243115234375 0.06015625 0.516110134765625 0.06679687499999999 0.5096660810546875
2 0.108203125 0.58933801953125 0.11328125 0.58758055078125 0.119140625 0.5811364970703125 0.12109375 0.5758640888671875 0.121484375 0.5676625654296875 0.11875 0.55946104296875 0.113671875 0.5588752197265625 0.102734375 0.5635618046875 0.094140625 0.572349150390625 0.093359375 0.5787932041015625 0.095703125 0.5834797890625 0.10234375 0.5881663740234375 0.108203125 0.58933801953125
2 0.12109375 0.369068541015625 0.11640625 0.36438195703125 0.10390625 0.3655536025390625 0.10390625 0.37199765625 0.107421875 0.3755125947265625 0.1109375 0.37609841796875 0.12109375 0.369068541015625
8 0 0.1130638544921875 0.017187499999999998 0.119507908203125 0.042578125 0.1212653779296875 0.063671875 0.1154071474609375 0.07656249999999999 0.1031048623046875 0.082421875 0.087287638671875 0.082421875 0.0720562392578125 0.07578125000000001 0.049209138671875 0.069140625 0.0386643232421875 0.0609375 0.029291154296875 0.04375 0.0187463388671875 0.03046875 0.0146455771484375 0.0078125 0.0164030458984375 0 0.019332162109375 0 0.1130638544921875
3 0.6328125 0.4346807265625 0.6437499999999999 0.44288225 0.665625 0.4469830107421875 0.68125 0.4440538955078125 0.70546875 0.42882249609375 0.709765625 0.4212067958984375 0.7078125 0.4118336259765625 0.696875 0.405389572265625 0.694140625 0.3989455185546875 0.6984375 0.38254247265625 0.69296875 0.377270064453125 0.65078125 0.371411833984375 0.640234375 0.3801991796875 0.63125 0.3983596953125 0.63125 0.40246045703125 0.6359374999999999 0.415348564453125 0.632421875 0.4270650263671875 0.6328125 0.4346807265625
2 0.28046875 0.693028705078125 0.28359375000000003 0.685998828125 0.28359375000000003 0.6807264208984375 0.28085937499999997 0.6777973056640625 0.275390625 0.6766256591796875 0.2703125 0.678968951171875 0.266796875 0.6836555361328125 0.26523437499999997 0.68834212109375 0.26601562500000003 0.6918570595703125 0.272265625 0.6977152900390625 0.28046875 0.693028705078125
2 0.20859375 0.6321031044921875 0.208984375 0.622729935546875 0.203125 0.6221441123046875 0.19609375 0.6250732275390625 0.191796875 0.6315172822265624 0.19140625 0.6379613359375 0.193359375 0.640890451171875 0.204296875 0.6403046279296875 0.20859375 0.6321031044921875
2 0.283984375 0.4985354423828125 0.28750000000000003 0.4903339189453125 0.28671874999999997 0.4862331572265625 0.283203125 0.483889865234375 0.2765625 0.483889865234375 0.27304687499999997 0.4862331572265625 0.27265625 0.49502050390625 0.274609375 0.4985354423828125 0.278515625 0.5002929111328125 0.283984375 0.4985354423828125
2 0.28750000000000003 0.7217340361328125 0.28867187499999997 0.7123608671875 0.28750000000000003 0.7088459287109375 0.283203125 0.70826010546875 0.27304687499999997 0.7176332744140625 0.27382812500000003 0.7322788515625 0.27499999999999997 0.73462214453125 0.279296875 0.7340363212890625 0.28750000000000003 0.7217340361328125
2 0.244140625 0.8195664912109375 0.24375 0.811950791015625 0.240234375 0.8055067373046875 0.236328125 0.8055067373046875 0.23203125 0.8101933212890625 0.232421875 0.8254247216796875 0.2359375 0.82893966015625 0.240234375 0.827768013671875 0.244140625 0.8195664912109375
2 0.17890625 0.45049794921875 0.176953125 0.4352665498046875 0.16289062499999998 0.4352665498046875 0.159765625 0.4381956650390625 0.160546875 0.4545987109375 0.1625 0.45694200390625 0.175390625 0.4551845341796875 0.17890625 0.45049794921875
2 0.445703125 0.1505565322265625 0.45234375 0.1394258935546875 0.45078125 0.135910955078125 0.4484375 0.1353251318359375 0.42734375 0.1364967783203125 0.42734375 0.14294083203125 0.43046875 0.1482132392578125 0.438671875 0.1534856474609375 0.445703125 0.1505565322265625
3 0.48984375 0.4545987109375 0.490625 0.462800234375 0.50390625 0.4692442880859375 0.51171875 0.46690099609375 0.5128906249999999 0.4592852958984375 0.51171875 0.4534270654296875 0.512109375 0.4352665498046875 0.4875 0.4258933798828125 0.48671875 0.4282366728515625 0.491796875 0.4422964267578125 0.49140625 0.4510837724609375 0.48984375 0.4545987109375
3 0.593359375 0.4393673115234375 0.611328125 0.4411247802734375 0.615234375 0.427650849609375 0.6179687500000001 0.423550087890625 0.6199218750000001 0.40421792578125 0.6164062499999999 0.4001171650390625 0.6101562500000001 0.3977738720703125 0.5832031249999999 0.40656121875 0.581640625 0.4077328642578125 0.581640625 0.4118336259765625 0.58828125 0.419449326171875 0.593359375 0.4393673115234375
3 0.5234375 0.530169888671875 0.529296875 0.5465729345703125 0.535546875 0.552431166015625 0.54921875 0.552431166015625 0.5519531249999999 0.537199765625 0.5476562500000001 0.5266549501953125 0.540625 0.51728178125 0.539453125 0.5084944345703125 0.5460937499999999 0.497949619140625 0.54921875 0.4997070888671875 0.5535156250000001 0.4973637958984375 0.5539062499999999 0.493848857421875 0.5574218750000001 0.489748095703125 0.56015625 0.4745166962890625 0.55703125 0.471587580078125 0.548828125 0.4710017578125 0.51796875 0.478031634765625 0.51171875 0.48271821875 0.5128906249999999 0.492091388671875 0.5222656250000001 0.5108377265625 0.523828125 0.520210896484375 0.5234375 0.530169888671875
2 0.3671875 0.801991798828125 0.3671875 0.7984768603515625 0.364453125 0.79086116015625 0.35703125 0.7867603984375 0.351171875 0.79086116015625 0.349609375 0.80082015234375 0.349609375 0.80902167578125 0.355078125 0.8101933212890625 0.36484375 0.8060925595703125 0.3671875 0.801991798828125
2 0.452734375 0.896309314453125 0.453125 0.892208552734375 0.450390625 0.88752196875 0.446875 0.886350322265625 0.44296875 0.8886936142578125 0.440625 0.892208552734375 0.441796875 0.8986526064453125 0.447265625 0.8998242529296875 0.452734375 0.896309314453125
2 0.5539062499999999 0.9308728759765625 0.55234375 0.9273579375 0.5484375 0.9261862919921875 0.54296875 0.936731107421875 0.5437500000000001 0.943760984375 0.548828125 0.9431751611328125 0.5535156250000001 0.936731107421875 0.5539062499999999 0.9308728759765625
0 0.49453125 0.9742237841796875 0.495703125 0.9642647919921875 0.49140625 0.9560632685546875 0.485546875 0.9543057998046875 0.479296875 0.9601640302734376 0.478515625 0.9671939072265625 0.483984375 0.9783245458984375 0.489453125 0.978910369140625 0.49453125 0.9742237841796875
6 0.2339929693877551 0.7735957822265624 0.2515710943877551 0.753091974609375 0.2601648443877551 0.7255582890625 0.2605554693877551 0.713841828125 0.2554773443877551 0.7062261279296875 0.2492273443877551 0.70153954296875 0.2382898443877551 0.7021253662109375 0.21914921938775508 0.7202858818359374 0.2066492193877551 0.7454762744140625 0.2050867193877551 0.75602108984375 0.2144617193877551 0.773009958984375 0.22110234438775508 0.77593907421875 0.2339929693877551 0.7735957822265624
10 0.218359375 0.8699472763671875 0.24296875 0.8646748681640625 0.25156249999999997 0.858230814453125 0.25742187499999997 0.8494434677734375 0.25546874999999997 0.84710017578125 0.234765625 0.84710017578125 0.20234375 0.848271822265625 0.191796875 0.8506151142578126 0.19140625 0.8535442294921874 0.201953125 0.866432337890625 0.2078125 0.869361453125 0.218359375 0.8699472763671875
11 0.26718749999999997 0.84710017578125 0.27499999999999997 0.830111306640625 0.27421875 0.8224956064453125 0.278125 0.81487990625 0.27773437500000003 0.8101933212890625 0.3015625 0.7117750439453125 0.31171875 0.677211482421875 0.315625 0.6578793203125 0.314453125 0.649677796875 0.252734375 0.6455770361328125 0.246484375 0.6473345048828125 0.226171875 0.6444053896484375 0.220703125 0.6461628583984375 0.1890625 0.7047451669921875 0.15703124999999998 0.771528998046875 0.13945312499999998 0.797891037109375 0.12421875 0.830111306640625 0.11953125 0.8412419453125 0.1203125 0.848271822265625 0.12421875 0.8506151142578126 0.26718749999999997 0.84710017578125
0 0.31484375000000003 0.49677797265625 0.321484375 0.4856473349609375 0.3203125 0.4751025185546875 0.31406249999999997 0.46865846484375 0.30234374999999997 0.469830111328125 0.29726562500000003 0.475688341796875 0.298828125 0.489748095703125 0.301953125 0.4956063271484375 0.305859375 0.497949619140625 0.31484375000000003 0.49677797265625
0 0.351171875 0.497949619140625 0.35390625 0.487990626953125 0.351953125 0.4774458115234375 0.345703125 0.471587580078125 0.33359375 0.4727592265625 0.328515625 0.4856473349609375 0.328515625 0.492091388671875 0.333984375 0.5002929111328125 0.341796875 0.502050380859375 0.351171875 0.497949619140625
5 0.28125 0.4282366728515625 0.30078125 0.4381956650390625 0.319140625 0.4393673115234375 0.330078125 0.435852373046875 0.3453125 0.4200351494140625 0.35234375 0.40421792578125 0.356640625 0.38429994140625 0.361328125 0.3749267724609375 0.3625 0.3678968955078125 0.361328125 0.364967779296875 0.355078125 0.3626244873046875 0.334375 0.36613942578125 0.275390625 0.3819566494140625 0.26132812499999997 0.390158171875 0.2609375 0.3966022265625 0.26875 0.4118336259765625 0.2734375 0.4200351494140625 0.28125 0.4282366728515625
5 0.259765625 0.212067955078125 0.26484375 0.2085530166015625 0.272265625 0.19742237890625 0.270703125 0.1927357939453125 0.255859375 0.1816051552734375 0.251171875 0.1827768017578125 0.24296875 0.18922085546875 0.22734375 0.1927357939453125 0.22578125 0.1950790859375 0.226171875 0.19917984765625 0.2296875 0.205038078125 0.24375 0.214411248046875 0.259765625 0.212067955078125
4 0.33125 0.2085530166015625 0.329296875 0.2026947861328125 0.322265625 0.1985940244140625 0.305859375 0.200351494140625 0.301953125 0.204452255859375 0.301953125 0.220269478515625 0.30624999999999997 0.226127708984375 0.31406249999999997 0.224370240234375 0.33125 0.2085530166015625
4 0.291015625 0.11482132421875 0.30546875 0.10661980078125 0.314453125 0.093731693359375 0.31601562499999997 0.0861159931640625 0.31210937499999997 0.0820152314453125 0.29765625 0.0820152314453125 0.287890625 0.0837727001953125 0.28281249999999997 0.0890451083984375 0.28203125 0.1001757470703125 0.283203125 0.1072056240234375 0.28671874999999997 0.1142355009765625 0.291015625 0.11482132421875
2 0.166796875 0.0691271240234375 0.166015625 0.063268892578125 0.162109375 0.059168130859375 0.15117187499999998 0.061511423828125 0.14609375 0.0679554775390625 0.146875 0.0767428232421875 0.154296875 0.0843585234375 0.162109375 0.0808435849609375 0.166796875 0.0691271240234375
0 0.391015625 0 0.3875 0.0035149384765625 0.3859375 0.005272408203125 0.3859375 0.0093731689453125 0.3890625 0.0146455771484375 0.3953125 0.021089630859375 0.4015625 0.0234329228515625 0.41171875 0.0205038076171875 0.415234375 0.00585823046875 0.41484375 0 0.391015625 0
3 0.873828125 0.276508494140625 0.876171875 0.2823667255859375 0.883984375 0.2882249560546875 0.895703125 0.288810779296875 0.91171875 0.28353837109375 0.9140625 0.2800234326171875 0.924609375 0.2448740478515625 0.934375 0.2314001171875 0.9421875 0.224370240234375 0.949609375 0.206209724609375 0.947265625 0.2026947861328125 0.9171875 0.196250732421875 0.87265625 0.1933216171875 0.87890625 0.234329232421875 0.87734375 0.2513181015625 0.874609375 0.259519625 0.873828125 0.276508494140625
8 0.8453125 0.45694200390625 0.853515625 0.457527826171875 0.85859375 0.4545987109375 0.867578125 0.4463971884765625 0.87109375 0.4352665498046875 0.86953125 0.417691857421875 0.86640625 0.4077328642578125 0.8671875 0.388400703125 0.855859375 0.3889865263671875 0.840625 0.4030462802734375 0.830859375 0.409490333984375 0.826171875 0.4100761572265625 0.820703125 0.4159343876953125 0.817578125 0.424721734375 0.8171875 0.435852373046875 0.8234375 0.44288225 0.8328125 0.4463971884765625 0.8453125 0.45694200390625
3 0.80625 0.38254247265625 0.809375 0.3696543642578125 0.8046875 0.355008787109375 0.808203125 0.339191564453125 0.80625 0.33801991796875 0.801953125 0.3421206796875 0.7875 0.3602811953125 0.787109375 0.3766842412109375 0.79140625 0.3848857646484375 0.795703125 0.387229056640625 0.80625 0.38254247265625
8 0.88828125 0.3468072646484375 0.892578125 0.36438195703125 0.903515625 0.367311072265625 0.91953125 0.367311072265625 0.926171875 0.364967779296875 0.936328125 0.3555946103515625 0.94140625 0.330990041015625 0.932421875 0.3034563564453125 0.932421875 0.2841241943359375 0.9359375 0.27182191015625 0.93359375 0.26362038671875 0.92734375 0.2612770947265625 0.9203125 0.262448740234375 0.915234375 0.279437609375 0.9078125 0.2870533095703125 0.8859375 0.2893966025390625 0.880078125 0.2876391328125 0.873046875 0.28178090234375 0.872265625 0.28353837109375 0.87265625 0.290568248046875 0.8828125 0.3034563564453125 0.88671875 0.314001171875 0.88828125 0.3468072646484375
3 0.94609375 0.30169888671875 0.951171875 0.3075571181640625 0.958203125 0.311072056640625 0.963671875 0.3093145869140625 0.97109375 0.302870533203125 0.969140625 0.2870533095703125 0.965625 0.279437609375 0.97109375 0.2542472177734375 0.970703125 0.2460456943359375 0.965625 0.241359109375 0.95859375 0.2401874638671875 0.950390625 0.24370240234375 0.942578125 0.252489748046875 0.93828125 0.259519625 0.94453125 0.2712360869140625 0.9421875 0.290568248046875 0.94609375 0.30169888671875
2 0.1625 0.943760984375 0.15703124999999998 0.942589337890625 0.15117187499999998 0.950790861328125 0.151953125 0.9584065615234375 0.15742187500000002 0.9584065615234375 0.1625 0.950790861328125 0.1625 0.943760984375
8 0.319140625 0.9537199765625 0.326171875 0.94961921484375 0.33984375 0.9355594609375 0.344140625 0.9273579375 0.344921875 0.9191564150390625 0.342578125 0.910369068359375 0.339453125 0.906268306640625 0.3296875 0.90333919140625 0.302734375 0.93145869921875 0.30234374999999997 0.938488576171875 0.309375 0.94961921484375 0.31406249999999997 0.9531341533203125 0.319140625 0.9537199765625
4 0.362109375 0.896309314453125 0.36875 0.888107791015625 0.366796875 0.8746338603515625 0.361328125 0.871118921875 0.338671875 0.8799062685546875 0.33359375 0.876391330078125 0.3296875 0.8793204453125 0.327734375 0.88517867578125 0.328515625 0.8916227294921875 0.341796875 0.9068541298828126 0.34921875 0.9050966611328125 0.362109375 0.896309314453125
5 0.349609375 0.87521968359375 0.353125 0.8728763916015625 0.3578125 0.86526069140625 0.358203125 0.84885764453125 0.355078125 0.8377270068359375 0.35 0.82718219140625 0.34140625 0.8166373759765625 0.337109375 0.8183948447265625 0.3265625 0.8306971298828125 0.321484375 0.8383128291015625 0.3171875 0.8506151142578126 0.318359375 0.86526069140625 0.334765625 0.876391330078125 0.3421875 0.8775629755859375 0.349609375 0.87521968359375
11 0.6261324221938775 0.3956748681640625 0.6384371096938776 0.375171060546875 0.6480074221938775 0.3693128291015625 0.6581636721938775 0.366969537109375 0.7003511721938775 0.3775143525390625 0.7030855471938775 0.3827867607421875 0.7026949221938775 0.38805916796875 0.7042574221938775 0.390988283203125 0.7023042971938775 0.4015330986328125 0.7046480471938775 0.405048037109375 0.7093355471938775 0.407391330078125 0.7155855471938775 0.405048037109375 0.7331636721938775 0.40621968359375 0.7480074221938775 0.3986039833984375 0.7582105471938775 0.388891037109375 0.7874605471938775 0.3564247216796875 0.8026039068877551 0.341971880859375 0.8108980471938775 0.332991798828125 0.8158351568877551 0.3280632685546875 0.8351167971938775 0.309558875 0.8433199221938775 0.2995998828125 0.845884375 0.2961652021484375 0.8584972653061225 0.2844821328125 0.8499605471938775 0.282611013671875 0.7919570318877551 0.27058055078125 0.7800386721938775 0.2679654365234375 0.7444917971938775 0.2632788515625 0.7132417971938775 0.2808535439453125 0.6417574221938775 0.3113163447265625 0.5636324221938775 0.3540814296875 0.5624605471938775 0.358768013671875 0.5659761721938775 0.364040421875 0.6163667971938775 0.39626069140625 0.6261324221938775 0.3956748681640625
2 0.6921875 0.614528412109375 0.694921875 0.6069127119140625 0.693359375 0.6039835966796875 0.688671875 0.6039835966796875 0.680859375 0.6110134736328126 0.680078125 0.6151142353515625 0.681640625 0.6162858818359375 0.68984375 0.6162858818359375 0.6921875 0.614528412109375
2 0.7390625 0.5407147041015625 0.7390625 0.536028119140625 0.736328125 0.53309900390625 0.732421875 0.5336848271484375 0.728125 0.538371412109375 0.728125 0.54305799609375 0.730859375 0.5448154658203125 0.736328125 0.544229642578125 0.7390625 0.5407147041015625
2 0.7 0.65377855859375 0.693359375 0.6526069130859375 0.687890625 0.6596367900390625 0.687890625 0.6654950205078125 0.694140625 0.667252490234375 0.69921875 0.66198008203125 0.7 0.65377855859375
2 0.7015625 0.6865846513671875 0.7015625 0.681312244140625 0.699609375 0.678968951171875 0.691015625 0.683069712890625 0.690234375 0.688927943359375 0.6921875 0.691271236328125 0.698046875 0.691271236328125 0.7015625 0.6865846513671875
10 0.686328125 0.905682484375 0.68828125 0.8916227294921875 0.681640625 0.864089044921875 0.67734375 0.862331576171875 0.67265625 0.86701816015625 0.659765625 0.8886936142578125 0.655078125 0.89338019921875 0.653515625 0.8998242529296875 0.653125 0.907439953125 0.658203125 0.9109548916015625 0.678515625 0.910369068359375 0.686328125 0.905682484375
0 0.712109375 0.755711775390625 0.71328125 0.7457527822265625 0.7046875 0.747510251953125 0.695703125 0.7580550673828125 0.6953125 0.76274165234375 0.696484375 0.7639132978515625 0.708203125 0.7598125361328125 0.712109375 0.755711775390625
0 0.92265625 0.644991212890625 0.926953125 0.63386057421875 0.923046875 0.6303456357421875 0.9109375 0.6391329814453125 0.91015625 0.64381956640625 0.912109375 0.649677796875 0.919140625 0.649091974609375 0.92265625 0.644991212890625
0 0.92265625 0.6203866435546875 0.925390625 0.6121851201171875 0.92421875 0.609841828125 0.919921875 0.609841828125 0.90703125 0.6139425888671876 0.904296875 0.61745752734375 0.904296875 0.6274165205078125 0.90859375 0.6321031044921875 0.912109375 0.630931458984375 0.92265625 0.6203866435546875
7 0.866015625 0.614528412109375 0.870703125 0.602811951171875 0.873828125 0.5799648505859375 0.873046875 0.568248388671875 0.864453125 0.57117750390625 0.85703125 0.5787932041015625 0.849609375 0.6010544814453125 0.85078125 0.61745752734375 0.85703125 0.62565905078125 0.858203125 0.6215582890625 0.866015625 0.614528412109375
5 0.0671875 0.3222026943359375 0.07578125000000001 0.3274751025390625 0.08359375 0.32806092578125 0.089453125 0.322788517578125 0.094921875 0.314001171875 0.097265625 0.302870533203125 0.096484375 0.2993555947265625 0.087109375 0.29994141796875 0.081640625 0.2964264794921875 0.071484375 0.2800234326171875 0.06796875000000001 0.278851787109375 0.06171875 0.2829525478515625 0.065234375 0.2964264794921875 0.0578125 0.302870533203125 0.06171875 0.3145869951171875 0.0671875 0.3222026943359375
10 0.083984375 0.297598125 0.093359375 0.3011130634765625 0.09819882780612245 0.29766080859375 0.10078125 0.294669009765625 0.119140625 0.2759226708984375 0.12734375 0.26362038671875 0.12734375 0.259519625 0.121484375 0.256590509765625 0.08984375 0.25366139453125 0.080859375 0.25541886328125 0.06679687499999999 0.2683069716796875 0.06640625 0.27182191015625 0.069140625 0.278851787109375 0.07851562499999999 0.29173989453125 0.083984375 0.297598125
0 0.144140625 0.3122437021484375 0.148046875 0.3063854716796875 0.146484375 0.2934973642578125 0.1203125 0.2934973642578125 0.119921875 0.297012302734375 0.12265625 0.302870533203125 0.13398437500000002 0.3122437021484375 0.144140625 0.3122437021484375