4 0.35636666666666666 0.5541333328125 0.36969285625000003 0.5584 0.37566666666666665 0.5568 0.37888333333333335 0.5536 0.37566666666666665 0.5365333328124999 0.36969285625000003 0.5232 0.36509761875 0.5226666671875 0.3549880958333333 0.5264 0.34717618958333335 0.5328 0.3467166666666667 0.5408000000000001 0.35636666666666666 0.5541333328125
3 0.26803624375 0.5749333328125 0.28062195833333337 0.5701333328125 0.2848171958333333 0.5664 0.28528333333333333 0.5525333328124999 0.2815542333333333 0.5504 0.26663783125 0.5519999999999999 0.2559166666666667 0.5616 0.2559166666666667 0.5664 0.26244259166666667 0.5754666671875001 0.26803624375 0.5749333328125
11 0.29911666666666664 0.6192 0.30446385833333334 0.6298666671875 0.36081503541666665 0.7114666671875 0.4369096916666667 0.7429333328125 0.44883804375 0.7472000000000001 0.45048333333333335 0.7456 0.44760407708333333 0.7365333328125 0.3883736416666667 0.6506666671875 0.3809698375 0.6458666671875 0.30528650416666664 0.6170666671875 0.30035063333333334 0.6170666671875 0.29911666666666664 0.6192
3 0.19512027083333333 0.5738666671875 0.19768333333333335 0.5685333328125 0.19512027083333333 0.5594666671875 0.18691846875 0.5573333328125 0.1787166666666667 0.5589333328125 0.1787166666666667 0.5648 0.18486801875 0.5744 0.19101936875 0.576 0.19512027083333333 0.5738666671875
0 0.43467500000000003 0.5408000000000001 0.4267666666666667 0.5376000000000001 0.423725 0.5418666671875 0.4231166666666667 0.5445333328124999 0.4279833333333333 0.5509333328125 0.431025 0.5530666671875 0.43528333333333336 0.5525333328124999 0.43467500000000003 0.5408000000000001
0 0.3826340583333333 0.5290666671875 0.3750789854166667 0.528 0.3739166666666666 0.5296000000000001 0.37449782708333335 0.5413333328125 0.3797282604166667 0.5450666671875 0.3861210145833333 0.5445333328124999 0.3872833333333333 0.5370666671875 0.3826340583333333 0.5290666671875
0 0.3375166666666667 0.5194666671875 0.3398413041666667 0.5237333328125 0.34623405833333337 0.5232 0.3497210145833333 0.5210666671874999 0.3508833333333333 0.5168 0.3450717395833333 0.5141333328125001 0.3375166666666667 0.5194666671875
3 0.3858526875 0.4864 0.3998688166666666 0.49866666718749997 0.4050080645833333 0.4970666671875 0.411548925 0.49013333281250004 0.4124833333333333 0.48586666718749993 0.41061451666666665 0.47946666718750003 0.40127042916666666 0.4709333328125 0.38818871041666664 0.472 0.3835166666666667 0.4768 0.3835166666666667 0.48213333281250004 0.3858526875 0.4864
3 0.4048782041666667 0.5706666671875 0.41183974375 0.5706666671875 0.4215858979166667 0.5653333328125 0.4280833333333333 0.5568 0.42529871874999997 0.5456000000000001 0.4090551291666667 0.5466666671875 0.3988448708333333 0.5536 0.39791666666666664 0.5653333328125 0.40116538541666663 0.5696 0.4048782041666667 0.5706666671875
2 0.27231666666666665 0.5194666671875 0.27231666666666665 0.5274666671875 0.28096282083333335 0.5285333328124999 0.28168333333333334 0.5205333328124999 0.27231666666666665 0.5194666671875
2 0.28573596458333334 0.48213333281250004 0.28511666666666663 0.4869333328125 0.28821315833333333 0.4896 0.29688333333333333 0.488 0.2962640354166667 0.4810666671875 0.29007105208333334 0.48 0.28573596458333334 0.48213333281250004
3 0.32837649583333334 0.5290666671875 0.32888333333333336 0.5253333328124999 0.31823974375 0.5184 0.31266452916666665 0.5178666671875 0.30911666666666665 0.5221333328125 0.3096235041666667 0.5322666671875 0.3131713666666667 0.5354666671875 0.32330811875 0.5338666671875 0.32837649583333334 0.5290666671875
3 0.34090454583333335 0.5125333328125 0.3424833333333333 0.5050666671874999 0.33879949583333335 0.4970666671875 0.3288005041666667 0.49386666718749994 0.32564292916666665 0.4976 0.32511666666666666 0.5056 0.32985303125 0.512 0.33406313125 0.5141333328125001 0.34090454583333335 0.5125333328125
4 0.16572083333333334 0.5610666671875 0.17083697916666668 0.5610666671875 0.17548802083333334 0.5568 0.17688333333333334 0.5450666671875 0.17548802083333334 0.5344 0.17037187499999998 0.5328 0.15269791666666668 0.5402666671875 0.14711666666666667 0.5482666671875001 0.14851197916666664 0.5541333328125 0.16572083333333334 0.5610666671875
11 0.16808333333333333 0.4688 0.15931911666666665 0.45866666718750004 0.1404068625 0.44480000000000003 0.13810048958333335 0.44800000000000006 0.13671666666666665 0.4704 0.13671666666666665 0.4864 0.1413294125 0.4885333328125 0.16254803958333333 0.4768 0.16808333333333333 0.4688
3 0.19915312500000001 0.4272 0.19968333333333332 0.42133333281249996 0.19650208333333333 0.41653333281249993 0.19013958333333333 0.4144 0.18271666666666667 0.41600000000000004 0.18271666666666667 0.42133333281249996 0.18854895833333335 0.4277333328125 0.19385104166666667 0.4304 0.19915312500000001 0.4272
3 0.16146979166666667 0.39413333281249996 0.16571145833333334 0.3930666671875 0.17048333333333332 0.3845333328125 0.1683625 0.3765333328125 0.163590625 0.3738666671875 0.157228125 0.3738666671875 0.15351666666666666 0.3776 0.15351666666666666 0.3829333328125 0.15828854166666667 0.3872 0.16146979166666667 0.39413333281249996
4 0.2732447375 0.4 0.2752833333333333 0.3877333328125 0.27273508750000003 0.384 0.2579552625 0.3829333328125 0.2559166666666667 0.3845333328125 0.25642631666666665 0.3952 0.26143361875 0.3979162671875 0.27207458333333334 0.3988992 0.2732447375 0.4
0 0.312046875 0.3194666671875 0.31151666666666666 0.3258666671875 0.3173489583333333 0.3317333328125 0.3237114583333333 0.3312 0.32848333333333335 0.3258666671875 0.31787916666666666 0.3194666671875 0.312046875 0.3194666671875
0 0.33368333333333333 0.3536 0.33368333333333333 0.3493333328125 0.32490238125000004 0.3424 0.32051190416666664 0.3408 0.3183166666666667 0.344 0.3183166666666667 0.3493333328125 0.3243535708333333 0.3552 0.33148809583333333 0.35573333281249997 0.33368333333333333 0.3536
0 0.3090423083333333 0.3770666671875 0.30456025625 0.3770666671875 0.2967166666666667 0.3829333328125 0.2983974354166667 0.3888 0.30680128125 0.3888 0.3107230770833333 0.3845333328125 0.3112833333333333 0.3792 0.3090423083333333 0.3770666671875
7 0.3080025645833333 0.44800000000000006 0.30239999999999995 0.44853333281249996 0.2951166666666667 0.4554666671875 0.2951166666666667 0.4624 0.30296025624999995 0.46399999999999997 0.3085628208333333 0.45866666718750004 0.3096833333333333 0.45066666718750004 0.3080025645833333 0.44800000000000006
4 0.034716666666666667 0.5018666671875 0.043036364583333334 0.5093333328125 0.05179393958333333 0.5136000000000001 0.06580606041666666 0.5130666671874999 0.07806666666666667 0.5018666671875 0.08288333333333334 0.49386666718749994 0.08288333333333334 0.48906666718749997 0.07850454583333333 0.48319999999999996 0.07237424166666666 0.48266666718750006 0.03778181875 0.49386666718749994 0.035154545833333335 0.4965333328125 0.034716666666666667 0.5018666671875
4 0.026883333333333332 0.6032 0.0263983 0.5984 0.023003060416666665 0.5962666671875 0.00796700625 0.5978666671874999 0.0031166666666666665 0.6005333328125 0.0036016999999999998 0.6085333328125 0.008452041666666667 0.6144000000000001 0.017667687499999998 0.6144000000000001 0.026883333333333332 0.6032
4 0.09368333333333334 0.3456 0.09368333333333334 0.3413333328125 0.0903625 0.3381333328125 0.08372083333333333 0.3381333328125 0.06853988125 0.344 0.06711666666666667 0.34986666718750004 0.0704375 0.35573333281249997 0.08087440416666666 0.3642666671875 0.09368333333333334 0.3456
4 0.07031666666666667 0.2709333328125 0.07882662916666666 0.2789333328125 0.08688869791666667 0.28159999999999996 0.09539865833333333 0.2810666671875 0.10480440625 0.2752 0.10928333333333334 0.2645333328125 0.10928333333333334 0.25493333281249997 0.10256494166666667 0.2533333328125 0.09181551666666667 0.256 0.08240977083333334 0.2597333328125 0.07121245208333334 0.2677333328125 0.07031666666666667 0.2709333328125
3 0.03181451666666667 0.20426666718750003 0.032883333333333334 0.1973333328125 0.027539247916666666 0.1850666671875 0.021660752083333335 0.1829333328125 0.016851075 0.18560000000000001 0.016316666666666667 0.19039999999999999 0.020057527083333335 0.2 0.024867204166666667 0.20426666718750003 0.03181451666666667 0.20426666718750003
3 0.23745810833333333 0.5296000000000001 0.23848333333333332 0.5210666671874999 0.23694549583333335 0.5189333328125 0.22874369374999998 0.5146666671875 0.22105450416666667 0.5178666671875 0.21951666666666667 0.5253333328124999 0.22720585625 0.5333333328125 0.23386982083333333 0.5333333328125 0.23745810833333333 0.5296000000000001
3 0.24660555625 0.5018666671875 0.24069444375 0.4965333328125 0.22591666666666665 0.5034666671875 0.22591666666666665 0.5098666671875 0.23576851875 0.52 0.24512777708333333 0.5125333328125 0.24808333333333332 0.5066666671875 0.24660555625 0.5018666671875
1 0.041498147916666665 0.4704 0.04248333333333333 0.4629333328125 0.039035185416666666 0.46026666718750003 0.023272222916666665 0.46026666718750003 0.020809258333333334 0.4618666671875 0.020316666666666667 0.4677333328125 0.025735185416666664 0.4837333328125 0.03361666666666666 0.48586666718749993 0.041498147916666665 0.4704
1 0.05589814791666667 0.392 0.0416129625 0.3898666671875 0.03570185208333333 0.3914666671875 0.034716666666666667 0.3978666671875 0.039150000000000004 0.4144 0.04900185208333333 0.41600000000000004 0.05688333333333333 0.40053333281250003 0.05589814791666667 0.392
1 0.040226389583333334 0.3344 0.04460763958333334 0.3333333328125 0.051909722916666665 0.3189333328125 0.05288333333333333 0.3098666671875 0.04412083333333334 0.3066666671875 0.03438472291666667 0.3066666671875 0.030003472916666666 0.3088 0.029516666666666667 0.31626666718749996 0.03487152708333333 0.3312 0.040226389583333334 0.3344
1 0.03872037083333334 0.26026666718749997 0.04315370416666667 0.2634666671875 0.048572222916666664 0.2624 0.054483333333333335 0.2464 0.054483333333333335 0.2394666671875 0.04955740833333333 0.23679999999999998 0.0342870375 0.2378666671875 0.03231666666666667 0.24 0.03231666666666667 0.2448 0.03872037083333334 0.26026666718749997
1 0.279775 0.2554666671875 0.2828 0.25706666718750004 0.28733749999999997 0.256 0.29288333333333333 0.24266666718750002 0.2923791666666667 0.2309333328125 0.28935416666666663 0.2282666671875 0.27422916666666663 0.2304 0.27271666666666666 0.23199999999999998 0.2732208333333333 0.2394666671875 0.279775 0.2554666671875
2 0.032883333333333334 0.5562666671875001 0.030489683333333333 0.5536 0.021513491666666665 0.5546666671875 0.020316666666666667 0.5589333328125 0.023907143750000002 0.5626666671875 0.029891270833333334 0.5626666671875 0.032284920833333335 0.5605333328125 0.032883333333333334 0.5562666671875001
2 0.016716666666666664 0.6666666671875 0.016716666666666664 0.6725333328125 0.019813158333333334 0.6757333328125 0.026625439583333334 0.6741333328125 0.028483333333333336 0.6704 0.026625439583333334 0.6645333328125 0.016716666666666664 0.6666666671875
1 0.28781495625000003 0.3472 0.29288333333333333 0.33599999999999997 0.29288333333333333 0.3221333328125 0.2888286333333333 0.3205333328125 0.27413034166666667 0.3221333328125 0.2731166666666667 0.32639999999999997 0.28021239375 0.3456 0.28325341875 0.3482666671875 0.28781495625000003 0.3472
1 0.2853952375 0.4330666671875 0.2913857145833333 0.42293333281249995 0.29288333333333333 0.40800000000000003 0.27990396875 0.4058666671875 0.27241587291666663 0.40800000000000003 0.2719166666666667 0.4122666671875 0.2774079375 0.43093333281249996 0.28140158750000005 0.43360000000000004 0.2853952375 0.4330666671875
5 0.36597008541666665 0.38133333281250004 0.3695974354166667 0.3834666671875 0.3750384625 0.3829333328125 0.381386325 0.3776 0.39906965833333335 0.3536 0.40088333333333337 0.34773333281249996 0.39997649583333333 0.34186666718750003 0.3936286333333333 0.3386666671875 0.381386325 0.3450666671875 0.37050427291666665 0.36106666718749997 0.36551666666666666 0.3749333328125 0.36597008541666665 0.38133333281250004
5 0.36471666666666663 0.3258666671875 0.36611197916666666 0.32799999999999996 0.37029791666666667 0.3306666671875 0.3763442708333333 0.3285333328125 0.39262291666666665 0.3002666671875 0.39448333333333335 0.29546666718750003 0.393553125 0.2874666671875 0.38843697916666664 0.2837333328125 0.38053020833333334 0.2890666671875 0.3744838541666667 0.29546666718750003 0.3651817708333333 0.3141333328125 0.36471666666666663 0.3258666671875
3 0.41213958333333334 0.0864 0.4063072916666667 0.0885333328125 0.40471666666666667 0.0922666671875 0.4063072916666667 0.10453333281249999 0.4174416666666667 0.1034666671875 0.4216833333333333 0.096 0.421153125 0.0917333328125 0.41213958333333334 0.0864
2 0.49888333333333335 0.6730666671875001 0.494625 0.6698666671875 0.48793333333333333 0.6714666671875 0.48671666666666663 0.6773333328125 0.48854166666666665 0.6810666671875001 0.494625 0.6816 0.49888333333333335 0.6773333328125 0.49888333333333335 0.6730666671875001
2 0.6243166666666667 0.6208 0.6249060604166666 0.6288 0.63138939375 0.6304000000000001 0.6372833333333333 0.6272 0.6361045458333333 0.6202666671875 0.62785303125 0.6192 0.6243166666666667 0.6208
2 0.610925 0.6624 0.6103166666666666 0.6666666671875 0.614575 0.6714666671875 0.621875 0.6688 0.6224833333333333 0.6618666671875 0.6133583333333333 0.6607999999999999 0.610925 0.6624
2 0.5415166666666666 0.704 0.5438742416666666 0.7130666671875 0.5491787875 0.7136 0.5544833333333333 0.7093333328125 0.5538939395833334 0.7061333328125 0.5503575749999999 0.704 0.5415166666666666 0.704
3 0.39833965416666667 0.1429333328125 0.3988833333333333 0.1376 0.39670862083333336 0.13440000000000002 0.39127183958333334 0.1322666671875 0.38420402291666667 0.13440000000000002 0.38311666666666666 0.1424 0.3863787354166667 0.1472 0.39344655208333335 0.1472 0.39833965416666667 0.1429333328125
3 0.3816833333333333 0.16160000000000002 0.3816833333333333 0.1578666671875 0.37776153749999997 0.1541333328125 0.3710384625 0.15360000000000001 0.3671166666666667 0.1568 0.3671166666666667 0.1626666671875 0.37159871875 0.1674666671875 0.3783217958333333 0.1664 0.3816833333333333 0.16160000000000002
1 0.28580833333333333 0.1829333328125 0.29085 0.1813333328125 0.29488333333333333 0.1642666671875 0.29437916666666664 0.1578666671875 0.2873208333333333 0.1541333328125 0.2772375 0.1568 0.27471666666666666 0.16 0.27572500000000005 0.1685333328125 0.2822791666666667 0.1813333328125 0.28580833333333333 0.1829333328125
1 0.2919904770833333 0.0933333328125 0.2964833333333334 0.0762666671875 0.29548492083333333 0.0730666671875 0.28749761874999996 0.0698666671875 0.27551666666666663 0.072 0.27751349166666667 0.0869333328125 0.28250555625 0.0981333328125 0.2869984125 0.0992 0.2919904770833333 0.0933333328125
0 0.594125 0.45866666718750004 0.5935166666666666 0.4634666671875 0.5977750000000001 0.46666666718750005 0.60325 0.46559999999999996 0.6056833333333334 0.4629333328125 0.6008166666666667 0.45866666718750004 0.594125 0.45866666718750004
0 0.5727086208333334 0.5210666671874999 0.5678155166666666 0.5194666671875 0.5591166666666666 0.5269333328125 0.5602040229166667 0.5328 0.5645534479166667 0.5344 0.5737959770833334 0.5296000000000001 0.5748833333333334 0.5242666671875 0.5727086208333334 0.5210666671874999
7 0.5739166666666667 0.4976 0.5748182916666666 0.5024 0.5824821145833333 0.5157333328125 0.58699024375 0.5178666671875 0.591498375 0.5162666671875 0.6108833333333333 0.4944 0.60862926875 0.47519999999999996 0.6054735770833334 0.4714666671875 0.6014162604166666 0.4725333328125 0.5905967479166667 0.47946666718750003 0.5752691062499999 0.49386666718749994 0.5739166666666667 0.4976
4 0.5620913791666666 0.41493333281250006 0.5817986583333333 0.4186666671875 0.5916522979166667 0.4128 0.5956833333333333 0.3994666671875 0.5929959770833333 0.3946666671875 0.5889649416666667 0.39253333281249997 0.5661224145833333 0.384 0.5616434874999999 0.3872 0.5571645604166666 0.40106666718749995 0.5567166666666666 0.40800000000000003 0.5620913791666666 0.41493333281250006
7 0.58091100625 0.616 0.58713301875 0.6106666671875 0.5904833333333334 0.6037333328125001 0.5880902520833333 0.5968 0.5713386791666667 0.5888 0.5660738999999999 0.5888 0.5651166666666666 0.5914666671875 0.5660738999999999 0.6069333328125001 0.5703814458333334 0.6144000000000001 0.58091100625 0.616
4 0.50279285625 0.5365333328124999 0.50830714375 0.5402666671875 0.5239309520833333 0.5370666671875 0.5312833333333333 0.5237333328125 0.5285261895833333 0.5082666671875 0.5211738104166667 0.49866666718749997 0.51749761875 0.4976 0.5046309520833333 0.49973333281250004 0.5014142854166667 0.5050666671874999 0.49911666666666665 0.5269333328125 0.50279285625 0.5365333328124999
2 0.79606805625 0.46826666718750004 0.7891847229166667 0.46826666718750004 0.7868902770833334 0.4704 0.7863166666666667 0.47466666718750006 0.7891847229166667 0.4789333328125 0.79549444375 0.47946666718750003 0.8000833333333334 0.47413333281250003 0.79606805625 0.46826666718750004
2 0.7843166666666667 0.5082666671875 0.7861119041666667 0.5168 0.79089920625 0.5184 0.7968833333333334 0.5152 0.7962849208333334 0.5077333328125 0.79030079375 0.5061333328125001 0.7843166666666667 0.5082666671875
6 0.5518452375 0.5392 0.5528833333333334 0.5317333328125 0.5466547625 0.5232 0.5440595229166667 0.5226666671875 0.5357547625 0.5296000000000001 0.5347166666666666 0.5381333328125 0.53990714375 0.5445333328124999 0.5450976187500001 0.5450666671875 0.5518452375 0.5392
5 0.6520833333333333 0.42933333281249997 0.6515907416666666 0.4224 0.6377981479166667 0.4042666671875 0.6333648145833333 0.4048 0.6299166666666667 0.40800000000000003 0.6309018520833334 0.4202666671875 0.64469444375 0.43253333281249995 0.6476500000000001 0.4330666671875 0.6520833333333333 0.42933333281249997
2 0.9216833333333334 0.6527999999999999 0.9131833333333332 0.6506666671875 0.9080833333333334 0.6533333328125 0.9075166666666666 0.6581333328125 0.9114833333333333 0.6629333328125 0.9165833333333333 0.6645333328125 0.9216833333333334 0.6607999999999999 0.9216833333333334 0.6527999999999999
2 0.9361833333333334 0.6112 0.9412833333333332 0.608 0.9412833333333332 0.6032 0.9361833333333334 0.6 0.9305166666666668 0.5994666671875 0.9271166666666667 0.6026666671875 0.9271166666666667 0.6074666671875 0.9305166666666668 0.6106666671875 0.9361833333333334 0.6112
5 0.60542288125 0.3184 0.6105997166666667 0.31626666718749996 0.6200121479166667 0.304 0.6284833333333334 0.2869333328125 0.626130225 0.2821333328125 0.6209533895833333 0.27999999999999997 0.616247175 0.2821333328125 0.6087172312500001 0.2906666671875 0.6007166666666667 0.3061333328125 0.6016579104166666 0.3157333328125 0.60542288125 0.3184
5 0.6363198916666666 0.1648 0.6347166666666666 0.1744 0.6421983875 0.1818666671875 0.650748925 0.1658666671875 0.6512833333333333 0.1589333328125 0.6405951604166666 0.1578666671875 0.6363198916666666 0.1648
4 0.7154939395833334 0.2330666671875 0.7164833333333332 0.22773333281250002 0.7145045458333333 0.22400000000000003 0.7090628791666667 0.2245333328125 0.6952113645833333 0.2330666671875 0.6947166666666666 0.24373333281249998 0.6996636354166667 0.2458666671875 0.7095575749999999 0.24 0.7154939395833334 0.2330666671875
5 0.6513678479166667 0.3493333328125 0.65050223125 0.3370666671875 0.6522334645833333 0.3301333328125 0.6513678479166667 0.3258666671875 0.64790538125 0.3216 0.6418460625000001 0.32320000000000004 0.6344883208333333 0.3434666671875 0.62150406875 0.3386666671875 0.6124150916666667 0.3408 0.6111166666666666 0.344 0.6119822833333333 0.3504 0.61544475 0.3536 0.6318914708333333 0.36 0.6392492125 0.3658666671875 0.6548303145833334 0.3936 0.6595912083333333 0.3946666671875 0.6643521 0.3888 0.6660833333333334 0.3850666671875 0.6647849083333334 0.3792 0.6569943562499999 0.3653333328125 0.6513678479166667 0.3493333328125
4 0.6303166666666667 0.5344 0.6321060604166667 0.5424 0.6379215916666666 0.5477333328125 0.6495526520833333 0.5498666671875 0.6647625 0.5392 0.6696833333333333 0.5290666671875 0.6647625 0.5045333328125 0.6629731062499999 0.5013333328125 0.65894696875 0.49973333281250004 0.64821060625 0.5029333328125001 0.6312113645833333 0.5264 0.6303166666666667 0.5344
4 0.8152618374999999 0.5018666671875 0.8095556083333334 0.5237333328125 0.8091166666666666 0.5296000000000001 0.8117503125 0.5333333328125 0.8279911208333334 0.5413333328125 0.8380867604166667 0.5429333328125 0.8442319312500001 0.5392 0.8494992208333334 0.5328 0.8552054520833334 0.5162666671875 0.8560833333333334 0.5088 0.8503771020833334 0.5034666671875 0.8376478187499999 0.49813333281250005 0.81921230625 0.496 0.8152618374999999 0.5018666671875
4 0.83 0.41333333281250006 0.83435 0.4117333328125 0.8420833333333333 0.4042666671875 0.8411166666666666 0.3984 0.8348333333333334 0.3946666671875 0.8251666666666666 0.39413333281249996 0.8188833333333334 0.3973333328125 0.8179166666666667 0.4032 0.8251666666666666 0.4122666671875 0.83 0.41333333281250006
4 0.9579249999999999 0.4992 0.96985 0.5045333328125 0.9782416666666667 0.5050666671874999 0.9879583333333334 0.4992 0.9892833333333333 0.4954666671875 0.9879583333333334 0.49119999999999997 0.9477666666666666 0.4730666671875 0.9451166666666667 0.47413333281250003 0.9468833333333334 0.4853333328125 0.9579249999999999 0.4992
4 0.9699934958333334 0.5344 0.97991138125 0.5381333328125 0.9880260166666667 0.5386666671875 0.9920833333333333 0.5328 0.99073089375 0.5274666671875 0.9763048770833334 0.5168 0.9609772354166667 0.5104 0.9569199187499999 0.5098666671875 0.9551166666666667 0.512 0.9605264229166667 0.5248 0.9699934958333334 0.5344
4 0.9265957520833333 0.5904 0.9343029416666667 0.5861333328125 0.9400833333333334 0.5765333328125 0.9376748374999999 0.5722666671875001 0.9227421562499999 0.5669333328125 0.9179251625 0.5664 0.9159983666666667 0.5696 0.9155166666666666 0.5797333328125001 0.9227421562499999 0.5904 0.9265957520833333 0.5904
4 0.903675925 0.4234666671875 0.9110648145833333 0.42293333281249995 0.91500555625 0.41600000000000004 0.9164833333333333 0.40800000000000003 0.91500555625 0.4048 0.9021981479166666 0.4021333328125 0.8943166666666666 0.4037333328125 0.8943166666666666 0.4112 0.8987499999999999 0.4192 0.903675925 0.4234666671875
4 0.9849178354166667 0.3504 0.9872833333333334 0.3456 0.9834985374999999 0.3424 0.97356345 0.3397333328125 0.9603166666666667 0.3386666671875 0.9607897666666666 0.3472 0.96883245625 0.3541333328125 0.9801868416666667 0.3536 0.9849178354166667 0.3504
4 0.9726166666666667 0.3029333328125 0.98309444375 0.30346666718750004 0.9899277770833332 0.3002666671875 0.9944833333333333 0.2949333328125 0.99175 0.29173333281249997 0.9817277770833334 0.28853333281250004 0.9603166666666667 0.2864 0.9616833333333333 0.2938666671875 0.9653277770833333 0.2986666671875 0.9726166666666667 0.3029333328125
1 0.79410555625 0.0970666671875 0.79848680625 0.0986666671875 0.8033548604166667 0.0970666671875 0.8096833333333334 0.0762666671875 0.8082229166666667 0.06826666718749999 0.8033548604166667 0.0656 0.79410555625 0.06826666718749999 0.7892375 0.0709333328125 0.7868034729166666 0.0757333328125 0.7863166666666667 0.08 0.79410555625 0.0970666671875
1 0.7943659729166667 0.1594666671875 0.8002076395833334 0.1584 0.8084833333333333 0.1376 0.8079965270833332 0.1312 0.7987472229166667 0.1274666671875 0.7894979166666667 0.1301333328125 0.7856034729166667 0.13440000000000002 0.7851166666666667 0.1381333328125 0.7909583333333334 0.15626666718749999 0.7943659729166667 0.1594666671875
1 0.7854263895833333 0.2394666671875 0.7912680562500001 0.2384 0.7980833333333333 0.2165333328125 0.7971097229166666 0.2112 0.78591319375 0.2096 0.77715069375 0.2106666671875 0.7756902770833333 0.21280000000000002 0.7747166666666666 0.22080000000000002 0.7820187500000001 0.2378666671875 0.7854263895833333 0.2394666671875
1 0.79169184375 0.31466666718749997 0.7990216312499999 0.3157333328125 0.80879468125 0.2970666671875 0.8092833333333334 0.2890666671875 0.8058627666666667 0.2853333328125 0.7907145395833334 0.2858666671875 0.7863166666666667 0.288 0.7863166666666667 0.2981333328125 0.78924858125 0.3098666671875 0.79169184375 0.31466666718749997
1 0.7991333333333334 0.4096 0.8083166666666667 0.38933333281250004 0.8092833333333334 0.38079999999999997 0.7904333333333333 0.3781333328125 0.7851166666666667 0.38079999999999997 0.7851166666666667 0.3888 0.7894666666666666 0.40746666718749996 0.7928499999999999 0.4096 0.7991333333333334 0.4096
1 0.9287166666666666 0.3621333328125 0.9345583333333334 0.3781333328125 0.9384527770833333 0.38079999999999997 0.9438076395833334 0.38079999999999997 0.9481888895833334 0.37333333281250003 0.9520833333333333 0.36 0.9520833333333333 0.3536 0.9491625 0.3509333328125 0.9428340270833334 0.34986666718750004 0.9335847229166667 0.3509333328125 0.9287166666666666 0.3541333328125 0.9287166666666666 0.3621333328125
1 0.9410391020833334 0.4469333328125 0.948241025 0.4469333328125 0.9568833333333333 0.42560000000000003 0.9568833333333333 0.41973333281249997 0.9530423083333334 0.4176 0.9439198708333334 0.4176 0.9328769229166666 0.4208 0.9319166666666666 0.4314666671875 0.9381583333333333 0.44320000000000004 0.9410391020833334 0.4469333328125
1 0.9474944437499999 0.2986666671875 0.9556833333333333 0.2784 0.9552016333333333 0.2714666671875 0.9503846395833333 0.26880000000000004 0.9364153604166667 0.26986666718749996 0.9335251625000001 0.27040000000000003 0.9311166666666666 0.2746666671875 0.9320800645833334 0.2837333328125 0.9383421562500001 0.2981333328125 0.9474944437499999 0.2986666671875
1 0.9622125854166667 0.2341333328125 0.967062925 0.23253333281250002 0.9728833333333333 0.21760000000000002 0.9728833333333333 0.2053333328125 0.9631826520833333 0.2032 0.9534819729166667 0.2048 0.9491166666666667 0.20800000000000002 0.9491166666666667 0.2165333328125 0.9568772104166666 0.23199999999999998 0.9622125854166667 0.2341333328125
1 0.9554833333333334 0.1578666671875 0.9612833333333334 0.1402666671875 0.9608000000000001 0.1306666671875 0.94775 0.1296 0.9371166666666666 0.1338666671875 0.9371166666666666 0.1424 0.9448500000000001 0.1573333328125 0.9496833333333333 0.1594666671875 0.9554833333333334 0.1578666671875
6 0.7224833333333333 0.28053333281250004 0.71800440625 0.27999999999999997 0.7130775854166667 0.2762666671875 0.70188026875 0.2826666671875 0.6965055562500001 0.29333333281249996 0.6915787354166666 0.2976 0.6844124520833332 0.3125333328125 0.6835166666666667 0.32480000000000003 0.6884434875000001 0.3296 0.6924745208333333 0.3413333328125 0.7054634104166666 0.34773333281249996 0.7162128354166666 0.3456 0.7175565125 0.3413333328125 0.71486915625 0.3301333328125 0.7099423374999999 0.3216 0.70949444375 0.3104 0.7144212645833333 0.2976 0.7224833333333333 0.2858666671875 0.7224833333333333 0.28053333281250004
2 0.9396833333333333 0.7242666671875 0.9362833333333334 0.7221333328124999 0.9277833333333334 0.7226666671875 0.9255166666666667 0.7237333328125 0.9255166666666667 0.7296 0.9306166666666668 0.7333333328125 0.9362833333333334 0.7333333328125 0.9396833333333333 0.7242666671875
6 0.8495182729166667 0.6704 0.8486178708333333 0.6773333328125 0.8459166666666668 0.6821333328125 0.84726726875 0.6858666671875 0.8517692770833333 0.6896 0.8828331333333334 0.6784 0.8832833333333333 0.6736 0.8783311250000001 0.6592 0.8702275104166667 0.6527999999999999 0.8670761041666667 0.6538666671875 0.8598728916666667 0.6624 0.8522194770833333 0.6661333328125 0.8495182729166667 0.6704
1 0.07123768125 0.19786666718749998 0.07859637708333334 0.1968 0.08448333333333333 0.1818666671875 0.08350217291666667 0.1738666671875 0.07859637708333334 0.1706666671875 0.06682246458333332 0.1701333328125 0.06240724583333333 0.1722666671875 0.06191666666666666 0.1776 0.06731304375 0.1936 0.07123768125 0.19786666718749998
7 0.6480833333333333 0.5877333328125001 0.6436928562500001 0.5818666671875 0.6387535708333334 0.584 0.6327166666666667 0.5914666671875 0.6327166666666667 0.5968 0.63710714375 0.6016 0.6431440479166667 0.5989333328125 0.6480833333333333 0.5877333328125001
4 0.6917500000000001 0.5258666671875 0.6869166666666667 0.5242666671875 0.6695166666666666 0.5312 0.6719333333333334 0.5418666671875 0.6806333333333333 0.5525333328124999 0.6869166666666667 0.5493333328125 0.6936833333333333 0.5333333328125 0.6917500000000001 0.5258666671875
6 0.6660496458333333 0.2986666671875 0.6647166666666667 0.3066666671875 0.66782695 0.3088 0.6718258875 0.3082666671875 0.6740475187499999 0.30506666718750003 0.6860443270833334 0.3024 0.7033730499999999 0.28159999999999996 0.7064833333333334 0.2757333328125 0.7064833333333334 0.2714666671875 0.6984854604166667 0.26026666718749997 0.6864886520833333 0.2634666671875 0.6722702125000001 0.2832 0.6660496458333333 0.2986666671875
10 0.53676683125 0.6421333328125 0.5363255770833334 0.6501333328125 0.5416206270833333 0.6565333328125 0.5495632020833334 0.6565333328125 0.5552995041666667 0.6501333328125 0.5583882833333333 0.6416000000000001 0.5636833333333333 0.5994666671875 0.5636833333333333 0.5797333328125001 0.5579470291666666 0.5690666671875 0.5491219479166667 0.568 0.5283830041666666 0.576 0.5204404291666667 0.5829333328125 0.5191166666666667 0.5861333328125 0.519999175 0.5962666671875 0.5248529708333334 0.6 0.5326834666666667 0.5980154671875 0.538136925 0.6008037328125 0.5393953833333334 0.6081552 0.5349907833333333 0.6170282671875 0.5345711520833334 0.6205770671875 0.5372976604166666 0.6251402671874999 0.5419122958333333 0.6299568 0.5427511208333333 0.6375616 0.53676683125 0.6421333328125
5 0.5808387395833333 0.7456 0.5854018020833334 0.744 0.5876833333333333 0.736 0.57764459375 0.72 0.57216891875 0.7157333328125 0.5589360354166666 0.7104 0.5539166666666666 0.7136 0.5548292791666667 0.7216 0.57216891875 0.7424000000000001 0.5808387395833333 0.7456
7 0.5612833333333334 0.46399999999999997 0.5607675916666667 0.45866666718750004 0.5525157416666667 0.4464 0.5473583333333334 0.4464 0.5427166666666667 0.4517333328125 0.5427166666666667 0.46026666718750003 0.5468425916666667 0.4650666671875 0.5525157416666667 0.46719999999999995 0.5612833333333334 0.46399999999999997
7 0.5768833333333333 0.4704 0.5763675916666667 0.4624 0.5727574083333333 0.45866666718750004 0.5639898145833333 0.45866666718750004 0.5593481479166668 0.46399999999999997 0.5583166666666667 0.4730666671875 0.563474075 0.47786666718750004 0.5701787041666667 0.47786666718750004 0.5768833333333333 0.4704
4 0.5775166666666667 0.2517333328125 0.5775166666666667 0.25706666718750004 0.5820126979166667 0.2869333328125 0.5869583333333334 0.2864 0.59729920625 0.27999999999999997 0.6125857145833333 0.2682666671875 0.6152833333333334 0.2634666671875 0.6143841270833333 0.256 0.6085392854166667 0.2522666671875 0.58830714375 0.2501333328125 0.5793150791666667 0.2512 0.5775166666666667 0.2517333328125
0 0.6027166666666666 0.20693333281249998 0.6065969145833333 0.21706666718749998 0.6176833333333334 0.2202666671875 0.6171290125 0.2096 0.6115858020833334 0.2037333328125 0.6060425916666666 0.2032 0.6027166666666666 0.20693333281249998
3 0.5896833333333333 0.1376 0.58494696875 0.1354666671875 0.57915808125 0.1381333328125 0.5738954541666667 0.1424 0.5723166666666667 0.1472 0.5757873687499999 0.1536234671875 0.58389444375 0.1552 0.5886308083333333 0.1504 0.5896833333333333 0.1376
4 0.9567379312500001 0.7136 0.9675902291666667 0.7189333328124999 0.97561149375 0.7178666671875 0.9760833333333333 0.7125333328125001 0.97183678125 0.7008 0.96806206875 0.6986666671874999 0.9506040229166667 0.6986666671874999 0.9487166666666667 0.7008 0.94918850625 0.704 0.9567379312500001 0.7136
4 0.97195141875 0.6538666671875 0.9748833333333333 0.6448 0.9724400708333333 0.6357333328125 0.9538712770833333 0.6378666671875 0.9519166666666667 0.64 0.9528939708333334 0.6485333328125 0.9577804958333334 0.6576 0.9641329791666667 0.6597333328125 0.97195141875 0.6538666671875
8 0.9471166666666666 0.6106666671875 0.9475645604166666 0.6213333328124999 0.94935613125 0.6245333328125 0.9533871645833333 0.6261333328124999 0.98384386875 0.6117333328125001 0.9860833333333333 0.6064 0.9842917625 0.6021333328125 0.9802607270833333 0.5989333328125 0.9663760541666666 0.5952 0.9574182 0.5994666671875 0.9484603458333333 0.6074666671875 0.9471166666666666 0.6106666671875
4 0.7349449729166667 0.3957333328125 0.7301812166666667 0.39626666718750003 0.7267166666666667 0.4117333328125 0.7271497354166667 0.41973333281249997 0.7332126979166667 0.4288 0.7384095229166667 0.43200000000000005 0.7444724875 0.4341333328125 0.76742513125 0.4357333328125 0.7730550270833334 0.4314666671875 0.7808502645833334 0.4186666671875 0.7812833333333333 0.41600000000000004 0.7778187833333334 0.4112 0.7717558208333333 0.40800000000000003 0.7349449729166667 0.3957333328125
4 0.8225676770833333 0.4394666671875 0.8248833333333334 0.4298666671875 0.8216414145833333 0.42453333281249994 0.8100631312500001 0.4202666671875 0.7966323229166666 0.4314666671875 0.7943166666666667 0.43520000000000003 0.7984848479166666 0.44053333281249996 0.81469444375 0.4469333328125 0.8225676770833333 0.4394666671875
4 0.9292826916666667 0.4490666671875 0.9316833333333334 0.44320000000000004 0.9302429479166666 0.4373333328125 0.9105576916666667 0.42933333281249997 0.9081570520833334 0.4304 0.9067166666666666 0.44000000000000006 0.9100775645833333 0.44853333281249996 0.92400128125 0.4517333328125 0.9292826916666667 0.4490666671875
4 0.6044833333333333 0.4234666671875 0.6044833333333333 0.4192 0.6006775854166667 0.41493333281250006 0.5930660916666667 0.41600000000000004 0.5892603458333333 0.41973333281249997 0.5887166666666667 0.42400000000000004 0.5919787354166667 0.4282666671875 0.6001339083333334 0.4277333328125 0.6044833333333333 0.4234666671875
4 0.6477690479166667 0.45439999999999997 0.6373880958333333 0.4538666671875 0.6327166666666667 0.45759999999999995 0.6332357145833334 0.4629333328125 0.6389452375 0.46719999999999995 0.6477690479166667 0.46559999999999996 0.6508833333333333 0.4624 0.6477690479166667 0.45439999999999997
3 0.4663736833333333 0.23253333281250002 0.4668833333333334 0.2282666671875 0.46025789375 0.2186666671875 0.45414210625 0.21706666718749998 0.4475166666666667 0.2202666671875 0.4475166666666667 0.22773333281250002 0.45312280624999995 0.2341333328125 0.46076754375 0.2346666671875 0.4663736833333333 0.23253333281250002
11 0.7906735666666667 0.7290666671875 0.8766145166666667 0.7296 0.88483853125 0.7269333328124999 0.8864833333333333 0.7216 0.8864833333333333 0.712 0.88566093125 0.6805333328125001 0.8840161291666667 0.6757333328125 0.88566093125 0.6714666671875 0.8836049291666667 0.6719999999999999 0.8819601250000001 0.6672 0.8860721333333333 0.6544 0.8844273291666667 0.6464000000000001 0.881137725 0.5786666671875 0.8716801083333333 0.5728 0.8461856625 0.5642666671875001 0.82809283125 0.5605333328125 0.7672351249999999 0.5408000000000001 0.7511982979166666 0.5429333328125 0.74914229375 0.5466666671875 0.7462638895833333 0.5711999999999999 0.7433854833333334 0.6192 0.7359838708333334 0.6784 0.7363950708333333 0.6837333328125 0.7429742833333334 0.6906666671874999 0.7446190854166667 0.6965333328125001 0.74955349375 0.6992 0.7470862895833333 0.7098666671875 0.7409182791666667 0.7088 0.7405070791666667 0.7146666671874999 0.73433906875 0.72 0.7335166666666667 0.7248 0.7359838708333334 0.7290666671875 0.7446190854166667 0.7312000000000001 0.7906735666666667 0.7290666671875