4 0.374 0.5568 0.3768 0.5536 0.374 0.5365333328124999 0.3688 0.5232 0.3648 0.5226666671875 0.356 0.5264 0.3492 0.5328 0.3488 0.5408000000000001 0.35719999999999996 0.5541333328125 0.3688 0.5584 0.374 0.5568
3 0.2792 0.5701333328125 0.2828 0.5664 0.2832 0.5525333328124999 0.28 0.5504 0.2672 0.5519999999999999 0.258 0.5616 0.258 0.5664 0.2636 0.5754666671875001 0.26839999999999997 0.5749333328125 0.2792 0.5701333328125
11 0.4352 0.7429333328125 0.4468 0.7472000000000001 0.4484 0.7456 0.4456 0.7365333328125 0.388 0.6506666671875 0.38079999999999997 0.6458666671875 0.3072 0.6170666671875 0.30239999999999995 0.6170666671875 0.30119999999999997 0.6192 0.3064 0.6298666671875 0.3612 0.7114666671875 0.4352 0.7429333328125
3 0.1936 0.5738666671875 0.19560000000000002 0.5685333328125 0.1936 0.5594666671875 0.18719999999999998 0.5573333328125 0.18080000000000002 0.5589333328125 0.18080000000000002 0.5648 0.1856 0.5744 0.19039999999999999 0.576 0.1936 0.5738666671875
0 0.43320000000000003 0.5525333328124999 0.4328 0.5408000000000001 0.4276 0.5376000000000001 0.42560000000000003 0.5418666671875 0.4252 0.5445333328124999 0.4284 0.5509333328125 0.4304 0.5530666671875 0.43320000000000003 0.5525333328124999
0 0.3852 0.5370666671875 0.382 0.5290666671875 0.3768 0.528 0.376 0.5296000000000001 0.3764 0.5413333328125 0.38 0.5450666671875 0.3844 0.5445333328124999 0.3852 0.5370666671875
0 0.3488 0.5168 0.3448 0.5141333328125001 0.3396 0.5194666671875 0.3412 0.5237333328125 0.3456 0.5232 0.348 0.5210666671874999 0.3488 0.5168
3 0.40399999999999997 0.4970666671875 0.4096 0.49013333281250004 0.4104 0.48586666718749993 0.4088 0.47946666718750003 0.4008 0.4709333328125 0.3896 0.472 0.3856 0.4768 0.3856 0.48213333281250004 0.3876 0.4864 0.3996 0.49866666718749997 0.40399999999999997 0.4970666671875
3 0.412 0.5706666671875 0.4204 0.5653333328125 0.426 0.5568 0.42360000000000003 0.5456000000000001 0.4096 0.5466666671875 0.4008 0.5536 0.4 0.5653333328125 0.4028 0.5696 0.40599999999999997 0.5706666671875 0.412 0.5706666671875
2 0.2744 0.5194666671875 0.2744 0.5274666671875 0.2792 0.5285333328124999 0.2796 0.5205333328124999 0.2744 0.5194666671875
2 0.29440000000000005 0.4810666671875 0.2904 0.48 0.2876 0.48213333281250004 0.2872 0.4869333328125 0.2892 0.4896 0.2948 0.488 0.29440000000000005 0.4810666671875
3 0.32639999999999997 0.5290666671875 0.32680000000000003 0.5253333328124999 0.31839999999999996 0.5184 0.314 0.5178666671875 0.31120000000000003 0.5221333328125 0.31160000000000004 0.5322666671875 0.3144 0.5354666671875 0.3224 0.5338666671875 0.32639999999999997 0.5290666671875
3 0.3392 0.5125333328125 0.3404 0.5050666671874999 0.3376 0.4970666671875 0.33 0.49386666718749994 0.3276 0.4976 0.32720000000000005 0.5056 0.3308 0.512 0.33399999999999996 0.5141333328125001 0.3392 0.5125333328125
4 0.1696 0.5610666671875 0.1736 0.5568 0.17479999999999998 0.5450666671875 0.1736 0.5344 0.1692 0.5328 0.154 0.5402666671875 0.1492 0.5482666671875001 0.15039999999999998 0.5541333328125 0.1652 0.5610666671875 0.1696 0.5610666671875
11 0.166 0.4688 0.15839999999999999 0.45866666718750004 0.142 0.44480000000000003 0.14 0.44800000000000006 0.13879999999999998 0.4704 0.13879999999999998 0.4864 0.14279999999999998 0.4885333328125 0.1612 0.4768 0.166 0.4688
3 0.19720000000000001 0.4272 0.1976 0.42133333281249996 0.19519999999999998 0.41653333281249993 0.19039999999999999 0.4144 0.1848 0.41600000000000004 0.1848 0.42133333281249996 0.1892 0.4277333328125 0.1932 0.4304 0.19720000000000001 0.4272
3 0.1648 0.3930666671875 0.1684 0.3845333328125 0.16679999999999998 0.3765333328125 0.16319999999999998 0.3738666671875 0.15839999999999999 0.3738666671875 0.15560000000000002 0.3776 0.15560000000000002 0.3829333328125 0.15919999999999998 0.3872 0.1616 0.39413333281249996 0.1648 0.3930666671875
4 0.2716 0.4 0.2732 0.3877333328125 0.2712 0.384 0.2596 0.3829333328125 0.258 0.3845333328125 0.2584 0.3952 0.26233 0.3979162671875 0.27068159999999997 0.3988992 0.2716 0.4
0 0.32639999999999997 0.3258666671875 0.31839999999999996 0.3194666671875 0.314 0.3194666671875 0.3136 0.3258666671875 0.31799999999999995 0.3317333328125 0.3228 0.3312 0.32639999999999997 0.3258666671875
0 0.3316 0.3536 0.3316 0.3493333328125 0.3252 0.3424 0.322 0.3408 0.3204 0.344 0.3204 0.3493333328125 0.3248 0.3552 0.33 0.35573333281249997 0.3316 0.3536
0 0.3092 0.3792 0.3076 0.3770666671875 0.3044 0.3770666671875 0.2988 0.3829333328125 0.3 0.3888 0.306 0.3888 0.30879999999999996 0.3845333328125 0.3092 0.3792
7 0.3076 0.45066666718750004 0.3064 0.44800000000000006 0.30239999999999995 0.44853333281249996 0.2972 0.4554666671875 0.2972 0.4624 0.3028 0.46399999999999997 0.3068 0.45866666718750004 0.3076 0.45066666718750004
4 0.0652 0.5130666671874999 0.0764 0.5018666671875 0.0808 0.49386666718749994 0.0808 0.48906666718749997 0.0768 0.48319999999999996 0.0712 0.48266666718750006 0.039599999999999996 0.49386666718749994 0.037200000000000004 0.4965333328125 0.036800000000000006 0.5018666671875 0.0444 0.5093333328125 0.0524 0.5136000000000001 0.0652 0.5130666671874999
4 0.0248 0.6032 0.024399999999999998 0.5984 0.0216 0.5962666671875 0.009200000000000002 0.5978666671874999 0.0052 0.6005333328125 0.0056 0.6085333328125 0.0096 0.6144000000000001 0.0172 0.6144000000000001 0.0248 0.6032
4 0.0916 0.3456 0.0916 0.3413333328125 0.0888 0.3381333328125 0.0832 0.3381333328125 0.0704 0.344 0.0692 0.34986666718750004 0.07200000000000001 0.35573333281249997 0.0808 0.3642666671875 0.0916 0.3456
4 0.0948 0.2810666671875 0.1032 0.2752 0.1072 0.2645333328125 0.1072 0.25493333281249997 0.1012 0.2533333328125 0.0916 0.256 0.0832 0.2597333328125 0.0732 0.2677333328125 0.0724 0.2709333328125 0.08 0.2789333328125 0.0872 0.28159999999999996 0.0948 0.2810666671875
3 0.030000000000000002 0.20426666718750003 0.0308 0.1973333328125 0.0268 0.1850666671875 0.0224 0.1829333328125 0.018799999999999997 0.18560000000000001 0.018400000000000003 0.19039999999999999 0.0212 0.2 0.0248 0.20426666718750003 0.030000000000000002 0.20426666718750003
3 0.23559999999999998 0.5296000000000001 0.2364 0.5210666671874999 0.2352 0.5189333328125 0.2288 0.5146666671875 0.2228 0.5178666671875 0.2216 0.5253333328124999 0.2276 0.5333333328125 0.2328 0.5333333328125 0.23559999999999998 0.5296000000000001
3 0.246 0.5066666671875 0.24480000000000002 0.5018666671875 0.24000000000000002 0.4965333328125 0.228 0.5034666671875 0.228 0.5098666671875 0.23600000000000002 0.52 0.24359999999999998 0.5125333328125 0.246 0.5066666671875
1 0.039599999999999996 0.4704 0.0404 0.4629333328125 0.037599999999999995 0.46026666718750003 0.0248 0.46026666718750003 0.0228 0.4618666671875 0.0224 0.4677333328125 0.0268 0.4837333328125 0.0332 0.48586666718749993 0.039599999999999996 0.4704
1 0.054799999999999995 0.40053333281250003 0.054000000000000006 0.392 0.0424 0.3898666671875 0.037599999999999995 0.3914666671875 0.036800000000000006 0.3978666671875 0.0404 0.4144 0.0484 0.41600000000000004 0.054799999999999995 0.40053333281250003
1 0.044000000000000004 0.3333333328125 0.05 0.3189333328125 0.0508 0.3098666671875 0.0436 0.3066666671875 0.0356 0.3066666671875 0.032 0.3088 0.031599999999999996 0.31626666718749996 0.036000000000000004 0.3312 0.0404 0.3344 0.044000000000000004 0.3333333328125
1 0.0432 0.2634666671875 0.047599999999999996 0.2624 0.0524 0.2464 0.0524 0.2394666671875 0.0484 0.23679999999999998 0.036000000000000004 0.2378666671875 0.0344 0.24 0.0344 0.2448 0.039599999999999996 0.26026666718749997 0.0432 0.2634666671875
1 0.2828 0.25706666718750004 0.28640000000000004 0.256 0.2908 0.24266666718750002 0.2904 0.2309333328125 0.28800000000000003 0.2282666671875 0.27599999999999997 0.2304 0.2748 0.23199999999999998 0.2752 0.2394666671875 0.28040000000000004 0.2554666671875 0.2828 0.25706666718750004
2 0.0304 0.5605333328125 0.0308 0.5562666671875001 0.0292 0.5536 0.0232 0.5546666671875 0.0224 0.5589333328125 0.0248 0.5626666671875 0.0288 0.5626666671875 0.0304 0.5605333328125
2 0.0264 0.6704 0.0252 0.6645333328125 0.018799999999999997 0.6666666671875 0.018799999999999997 0.6725333328125 0.0208 0.6757333328125 0.0252 0.6741333328125 0.0264 0.6704
1 0.2868 0.3472 0.2908 0.33599999999999997 0.2908 0.3221333328125 0.2876 0.3205333328125 0.27599999999999997 0.3221333328125 0.2752 0.32639999999999997 0.2808 0.3456 0.2832 0.3482666671875 0.2868 0.3472
1 0.2848 0.4330666671875 0.2896 0.42293333281249995 0.2908 0.40800000000000003 0.28040000000000004 0.4058666671875 0.2744 0.40800000000000003 0.274 0.4122666671875 0.27840000000000004 0.43093333281249996 0.2816 0.43360000000000004 0.2848 0.4330666671875
5 0.3816 0.3776 0.3972 0.3536 0.3988 0.34773333281249996 0.39799999999999996 0.34186666718750003 0.3924 0.3386666671875 0.3816 0.3450666671875 0.372 0.36106666718749997 0.36760000000000004 0.3749333328125 0.368 0.38133333281250004 0.3712 0.3834666671875 0.376 0.3829333328125 0.3816 0.3776
5 0.3768 0.3285333328125 0.3908 0.3002666671875 0.3924 0.29546666718750003 0.3916 0.2874666671875 0.3872 0.2837333328125 0.3804 0.2890666671875 0.37520000000000003 0.29546666718750003 0.3672 0.3141333328125 0.36679999999999996 0.3258666671875 0.368 0.32799999999999996 0.3716 0.3306666671875 0.3768 0.3285333328125
3 0.4192 0.0917333328125 0.4124 0.0864 0.40800000000000003 0.0885333328125 0.4068 0.0922666671875 0.40800000000000003 0.10453333281249999 0.41640000000000005 0.1034666671875 0.4196 0.096 0.4192 0.0917333328125
2 0.4968 0.6773333328125 0.4968 0.6730666671875001 0.494 0.6698666671875 0.48960000000000004 0.6714666671875 0.4888 0.6773333328125 0.49 0.6810666671875001 0.494 0.6816 0.4968 0.6773333328125
2 0.6344 0.6202666671875 0.6288 0.6192 0.6264000000000001 0.6208 0.6267999999999999 0.6288 0.6312 0.6304000000000001 0.6352 0.6272 0.6344 0.6202666671875
2 0.6204 0.6618666671875 0.6144 0.6607999999999999 0.6128 0.6624 0.6123999999999999 0.6666666671875 0.6152 0.6714666671875 0.62 0.6688 0.6204 0.6618666671875
2 0.5519999999999999 0.7061333328125 0.5496 0.704 0.5436 0.704 0.5452 0.7130666671875 0.5488 0.7136 0.5524 0.7093333328125 0.5519999999999999 0.7061333328125
3 0.3964 0.1429333328125 0.3968 0.1376 0.3952 0.13440000000000002 0.39120000000000005 0.1322666671875 0.386 0.13440000000000002 0.3852 0.1424 0.3876 0.1472 0.39280000000000004 0.1472 0.3964 0.1429333328125
3 0.3796 0.16160000000000002 0.3796 0.1578666671875 0.3768 0.1541333328125 0.372 0.15360000000000001 0.36920000000000003 0.1568 0.36920000000000003 0.1626666671875 0.3724 0.1674666671875 0.37720000000000004 0.1664 0.3796 0.16160000000000002
1 0.2896 0.1813333328125 0.2928 0.1642666671875 0.2924 0.1578666671875 0.2868 0.1541333328125 0.27880000000000005 0.1568 0.2768 0.16 0.27759999999999996 0.1685333328125 0.2828 0.1813333328125 0.28559999999999997 0.1829333328125 0.2896 0.1813333328125
1 0.2908 0.0933333328125 0.29440000000000005 0.0762666671875 0.29359999999999997 0.0730666671875 0.2872 0.0698666671875 0.27759999999999996 0.072 0.2792 0.0869333328125 0.2832 0.0981333328125 0.2868 0.0992 0.2908 0.0933333328125
0 0.6036 0.4629333328125 0.6004 0.45866666718750004 0.596 0.45866666718750004 0.5955999999999999 0.4634666671875 0.5984 0.46666666718750005 0.602 0.46559999999999996 0.6036 0.4629333328125
0 0.5728000000000001 0.5242666671875 0.5711999999999999 0.5210666671874999 0.5676 0.5194666671875 0.5611999999999999 0.5269333328125 0.5619999999999999 0.5328 0.5652 0.5344 0.572 0.5296000000000001 0.5728000000000001 0.5242666671875
7 0.5876 0.5178666671875 0.5916 0.5162666671875 0.6088 0.4944 0.6068 0.47519999999999996 0.604 0.4714666671875 0.6004 0.4725333328125 0.5908 0.47946666718750003 0.5771999999999999 0.49386666718749994 0.5760000000000001 0.4976 0.5768 0.5024 0.5836 0.5157333328125 0.5876 0.5178666671875
4 0.59 0.4128 0.5936 0.3994666671875 0.5912000000000001 0.3946666671875 0.5876 0.39253333281249997 0.5671999999999999 0.384 0.5632 0.3872 0.5592 0.40106666718749995 0.5588 0.40800000000000003 0.5636 0.41493333281250006 0.5812 0.4186666671875 0.59 0.4128
7 0.5856 0.6106666671875 0.5884 0.6037333328125001 0.5863999999999999 0.5968 0.5724 0.5888 0.568 0.5888 0.5671999999999999 0.5914666671875 0.568 0.6069333328125001 0.5716 0.6144000000000001 0.5803999999999999 0.616 0.5856 0.6106666671875
4 0.5227999999999999 0.5370666671875 0.5292 0.5237333328125 0.5268 0.5082666671875 0.5204 0.49866666718749997 0.5172 0.4976 0.506 0.49973333281250004 0.5032 0.5050666671874999 0.5012 0.5269333328125 0.5044 0.5365333328124999 0.5092 0.5402666671875 0.5227999999999999 0.5370666671875
2 0.798 0.47413333281250003 0.7952 0.46826666718750004 0.7904 0.46826666718750004 0.7888000000000001 0.4704 0.7884 0.47466666718750006 0.7904 0.4789333328125 0.7948000000000001 0.47946666718750003 0.798 0.47413333281250003
2 0.7944 0.5077333328125 0.7904 0.5061333328125001 0.7864 0.5082666671875 0.7876 0.5168 0.7908000000000001 0.5184 0.7948000000000001 0.5152 0.7944 0.5077333328125
6 0.55 0.5392 0.5508000000000001 0.5317333328125 0.5459999999999999 0.5232 0.544 0.5226666671875 0.5376 0.5296000000000001 0.5367999999999999 0.5381333328125 0.5408000000000001 0.5445333328124999 0.5448000000000001 0.5450666671875 0.55 0.5392
5 0.65 0.42933333281249997 0.6496 0.4224 0.6384000000000001 0.4042666671875 0.6348 0.4048 0.632 0.40800000000000003 0.6328 0.4202666671875 0.644 0.43253333281249995 0.6464 0.4330666671875 0.65 0.42933333281249997
2 0.9196000000000001 0.6607999999999999 0.9196000000000001 0.6527999999999999 0.9136000000000001 0.6506666671875 0.91 0.6533333328125 0.9096 0.6581333328125 0.9124 0.6629333328125 0.916 0.6645333328125 0.9196000000000001 0.6607999999999999
2 0.9356000000000001 0.6112 0.9391999999999999 0.608 0.9391999999999999 0.6032 0.9356000000000001 0.6 0.9316 0.5994666671875 0.9292 0.6026666671875 0.9292 0.6074666671875 0.9316 0.6106666671875 0.9356000000000001 0.6112
5 0.6192 0.304 0.6264000000000001 0.2869333328125 0.6244 0.2821333328125 0.62 0.27999999999999997 0.616 0.2821333328125 0.6096 0.2906666671875 0.6028 0.3061333328125 0.6036 0.3157333328125 0.6068 0.3184 0.6112 0.31626666718749996 0.6192 0.304
5 0.6492 0.1589333328125 0.6412 0.1578666671875 0.638 0.1648 0.6367999999999999 0.1744 0.6424 0.1818666671875 0.6487999999999999 0.1658666671875 0.6492 0.1589333328125
4 0.7136 0.2330666671875 0.7143999999999999 0.22773333281250002 0.7128 0.22400000000000003 0.7083999999999999 0.2245333328125 0.6972 0.2330666671875 0.6968 0.24373333281249998 0.7008 0.2458666671875 0.7088 0.24 0.7136 0.2330666671875
5 0.6324000000000001 0.36 0.6392 0.3658666671875 0.6536000000000001 0.3936 0.6579999999999999 0.3946666671875 0.6624 0.3888 0.664 0.3850666671875 0.6628000000000001 0.3792 0.6556 0.3653333328125 0.6504 0.3493333328125 0.6496 0.3370666671875 0.6512 0.3301333328125 0.6504 0.3258666671875 0.6472 0.3216 0.6416000000000001 0.32320000000000004 0.6348 0.3434666671875 0.6228 0.3386666671875 0.6144 0.3408 0.6132000000000001 0.344 0.6140000000000001 0.3504 0.6172 0.3536 0.6324000000000001 0.36
4 0.6496 0.5498666671875 0.6632 0.5392 0.6676 0.5290666671875 0.6632 0.5045333328125 0.6616 0.5013333328125 0.6579999999999999 0.49973333281250004 0.6484000000000001 0.5029333328125001 0.6332 0.5264 0.6324000000000001 0.5344 0.634 0.5424 0.6392 0.5477333328125 0.6496 0.5498666671875
4 0.8376 0.5429333328125 0.8432 0.5392 0.8480000000000001 0.5328 0.8532 0.5162666671875 0.854 0.5088 0.8488 0.5034666671875 0.8371999999999999 0.49813333281250005 0.8203999999999999 0.496 0.8168000000000001 0.5018666671875 0.8116 0.5237333328125 0.8111999999999999 0.5296000000000001 0.8136 0.5333333328125 0.8284 0.5413333328125 0.8376 0.5429333328125
4 0.8336 0.4117333328125 0.84 0.4042666671875 0.8392 0.3984 0.834 0.3946666671875 0.8260000000000001 0.39413333281249996 0.8208 0.3973333328125 0.8200000000000001 0.4032 0.8260000000000001 0.4122666671875 0.83 0.41333333281250006 0.8336 0.4117333328125
4 0.9696 0.5045333328125 0.9772 0.5050666671874999 0.986 0.4992 0.9872 0.4954666671875 0.986 0.49119999999999997 0.9496 0.4730666671875 0.9472 0.47413333281250003 0.9488 0.4853333328125 0.9588 0.4992 0.9696 0.5045333328125
4 0.9863999999999999 0.5386666671875 0.99 0.5328 0.9888 0.5274666671875 0.9760000000000001 0.5168 0.9624 0.5104 0.9588 0.5098666671875 0.9572 0.512 0.962 0.5248 0.9703999999999999 0.5344 0.9792000000000001 0.5381333328125 0.9863999999999999 0.5386666671875
4 0.9331999999999999 0.5861333328125 0.9380000000000001 0.5765333328125 0.9359999999999999 0.5722666671875001 0.9236 0.5669333328125 0.9196000000000001 0.5664 0.9179999999999999 0.5696 0.9176 0.5797333328125001 0.9236 0.5904 0.9268 0.5904 0.9331999999999999 0.5861333328125
4 0.91 0.42293333281249995 0.9132 0.41600000000000004 0.9144 0.40800000000000003 0.9132 0.4048 0.9027999999999999 0.4021333328125 0.8964 0.4037333328125 0.8964 0.4112 0.9 0.4192 0.904 0.4234666671875 0.91 0.42293333281249995
4 0.9832 0.3504 0.9852000000000001 0.3456 0.982 0.3424 0.9735999999999999 0.3397333328125 0.9624 0.3386666671875 0.9628 0.3472 0.9696 0.3541333328125 0.9792000000000001 0.3536 0.9832 0.3504
4 0.9824 0.30346666718750004 0.9884000000000001 0.3002666671875 0.9924 0.2949333328125 0.99 0.29173333281249997 0.9812 0.28853333281250004 0.9624 0.2864 0.9636 0.2938666671875 0.9668 0.2986666671875 0.9732000000000001 0.3029333328125 0.9824 0.30346666718750004
1 0.8024 0.0970666671875 0.8076000000000001 0.0762666671875 0.8064 0.06826666718749999 0.8024 0.0656 0.7948000000000001 0.06826666718749999 0.7908000000000001 0.0709333328125 0.7888000000000001 0.0757333328125 0.7884 0.08 0.7948000000000001 0.0970666671875 0.7984000000000001 0.0986666671875 0.8024 0.0970666671875
1 0.7996 0.1584 0.8064 0.1376 0.8059999999999999 0.1312 0.7984000000000001 0.1274666671875 0.7908000000000001 0.1301333328125 0.7876 0.13440000000000002 0.7872 0.1381333328125 0.792 0.15626666718749999 0.7948000000000001 0.1594666671875 0.7996 0.1584
1 0.7904 0.2384 0.7959999999999999 0.2165333328125 0.7952 0.2112 0.7859999999999999 0.2096 0.7788 0.2106666671875 0.7776 0.21280000000000002 0.7767999999999999 0.22080000000000002 0.7828 0.2378666671875 0.7856000000000001 0.2394666671875 0.7904 0.2384
1 0.7988 0.3157333328125 0.8068000000000001 0.2970666671875 0.8072 0.2890666671875 0.8044 0.2853333328125 0.792 0.2858666671875 0.7884 0.288 0.7884 0.2981333328125 0.7908000000000001 0.3098666671875 0.7928 0.31466666718749997 0.7988 0.3157333328125
1 0.7988 0.4096 0.8064 0.38933333281250004 0.8072 0.38079999999999997 0.7916000000000001 0.3781333328125 0.7872 0.38079999999999997 0.7872 0.3888 0.7908000000000001 0.40746666718749996 0.7936 0.4096 0.7988 0.4096
1 0.9431999999999999 0.38079999999999997 0.9468 0.37333333281250003 0.95 0.36 0.95 0.3536 0.9476 0.3509333328125 0.9423999999999999 0.34986666718750004 0.9348 0.3509333328125 0.9308 0.3541333328125 0.9308 0.3621333328125 0.9356000000000001 0.3781333328125 0.9388000000000001 0.38079999999999997 0.9431999999999999 0.38079999999999997
1 0.9476 0.4469333328125 0.9548 0.42560000000000003 0.9548 0.41973333281249997 0.9515999999999999 0.4176 0.9440000000000001 0.4176 0.9348 0.4208 0.9339999999999999 0.4314666671875 0.9391999999999999 0.44320000000000004 0.9416 0.4469333328125 0.9476 0.4469333328125
1 0.9536 0.2784 0.9532 0.2714666671875 0.9491999999999999 0.26880000000000004 0.9376 0.26986666718749996 0.9352 0.27040000000000003 0.9331999999999999 0.2746666671875 0.9339999999999999 0.2837333328125 0.9391999999999999 0.2981333328125 0.9468 0.2986666671875 0.9536 0.2784
1 0.966 0.23253333281250002 0.9708 0.21760000000000002 0.9708 0.2053333328125 0.9628 0.2032 0.9548 0.2048 0.9512 0.20800000000000002 0.9512 0.2165333328125 0.9576 0.23199999999999998 0.962 0.2341333328125 0.966 0.23253333281250002
1 0.9544 0.1578666671875 0.9591999999999999 0.1402666671875 0.9588 0.1306666671875 0.9480000000000001 0.1296 0.9391999999999999 0.1338666671875 0.9391999999999999 0.1424 0.9456 0.1573333328125 0.9496 0.1594666671875 0.9544 0.1578666671875
6 0.7051999999999999 0.34773333281249996 0.7148 0.3456 0.716 0.3413333328125 0.7136 0.3301333328125 0.7091999999999999 0.3216 0.7088 0.3104 0.7132000000000001 0.2976 0.7203999999999999 0.2858666671875 0.7203999999999999 0.28053333281250004 0.7164 0.27999999999999997 0.712 0.2762666671875 0.702 0.2826666671875 0.6972 0.29333333281249996 0.6928 0.2976 0.6864 0.3125333328125 0.6856000000000001 0.32480000000000003 0.69 0.3296 0.6936 0.3413333328125 0.7051999999999999 0.34773333281249996
2 0.9352 0.7333333328125 0.9376 0.7242666671875 0.9352 0.7221333328124999 0.9292 0.7226666671875 0.9276 0.7237333328125 0.9276 0.7296 0.9312 0.7333333328125 0.9352 0.7333333328125
6 0.8532 0.6896 0.8808 0.6784 0.8812 0.6736 0.8767999999999999 0.6592 0.8696 0.6527999999999999 0.8668 0.6538666671875 0.8604 0.6624 0.8536 0.6661333328125 0.8512000000000001 0.6704 0.8504 0.6773333328125 0.8480000000000001 0.6821333328125 0.8492 0.6858666671875 0.8532 0.6896
1 0.07759999999999999 0.1968 0.0824 0.1818666671875 0.08159999999999999 0.1738666671875 0.07759999999999999 0.1706666671875 0.068 0.1701333328125 0.0644 0.1722666671875 0.064 0.1776 0.0684 0.1936 0.07160000000000001 0.19786666718749998 0.07759999999999999 0.1968
7 0.6424 0.5989333328125 0.646 0.5877333328125001 0.6427999999999999 0.5818666671875 0.6392 0.584 0.6348 0.5914666671875 0.6348 0.5968 0.638 0.6016 0.6424 0.5989333328125
4 0.6916 0.5333333328125 0.69 0.5258666671875 0.6859999999999999 0.5242666671875 0.6716 0.5312 0.6736 0.5418666671875 0.6808 0.5525333328124999 0.6859999999999999 0.5493333328125 0.6916 0.5333333328125
6 0.6752 0.30506666718750003 0.6859999999999999 0.3024 0.7015999999999999 0.28159999999999996 0.7044 0.2757333328125 0.7044 0.2714666671875 0.6972 0.26026666718749997 0.6864 0.2634666671875 0.6736 0.2832 0.6679999999999999 0.2986666671875 0.6668000000000001 0.3066666671875 0.6696000000000001 0.3088 0.6732 0.3082666671875 0.6752 0.30506666718750003
10 0.5334983999999999 0.5980154671875 0.538442 0.6008037328125 0.5395828 0.6081552 0.5355899999999999 0.6170282671875 0.5352096 0.6205770671875 0.5376812 0.6251402671874999 0.5418644 0.6299568 0.5426248 0.6375616 0.5372 0.6421333328125 0.5367999999999999 0.6501333328125 0.5416000000000001 0.6565333328125 0.5488 0.6565333328125 0.554 0.6501333328125 0.5568000000000001 0.6416000000000001 0.5616 0.5994666671875 0.5616 0.5797333328125001 0.5564 0.5690666671875 0.5484000000000001 0.568 0.5296 0.576 0.5224 0.5829333328125 0.5212 0.5861333328125 0.522 0.5962666671875 0.5264 0.6 0.5334983999999999 0.5980154671875
5 0.5836 0.744 0.5856 0.736 0.5768 0.72 0.572 0.7157333328125 0.5604 0.7104 0.5559999999999999 0.7136 0.5568000000000001 0.7216 0.572 0.7424000000000001 0.5796 0.7456 0.5836 0.744
7 0.5592 0.46399999999999997 0.5588 0.45866666718750004 0.5524 0.4464 0.5484000000000001 0.4464 0.5448000000000001 0.4517333328125 0.5448000000000001 0.46026666718750003 0.548 0.4650666671875 0.5524 0.46719999999999995 0.5592 0.46399999999999997
7 0.5748 0.4704 0.5744 0.4624 0.5716 0.45866666718750004 0.5648 0.45866666718750004 0.5611999999999999 0.46399999999999997 0.5604 0.4730666671875 0.5643999999999999 0.47786666718750004 0.5696 0.47786666718750004 0.5748 0.4704
4 0.588 0.2864 0.5972000000000001 0.27999999999999997 0.6108 0.2682666671875 0.6132000000000001 0.2634666671875 0.6123999999999999 0.256 0.6072000000000001 0.2522666671875 0.5892 0.2501333328125 0.5812 0.2512 0.5796 0.2517333328125 0.5796 0.25706666718750004 0.5836 0.2869333328125 0.588 0.2864
0 0.6112 0.2037333328125 0.6072000000000001 0.2032 0.6047999999999999 0.20693333281249998 0.6076 0.21706666718749998 0.6156 0.2202666671875 0.6152 0.2096 0.6112 0.2037333328125
3 0.5876 0.1376 0.584 0.1354666671875 0.5796 0.1381333328125 0.5756 0.1424 0.5744 0.1472 0.577038 0.1536234671875 0.5831999999999999 0.1552 0.5868 0.1504 0.5876 0.1376
4 0.9668 0.7189333328124999 0.9735999999999999 0.7178666671875 0.974 0.7125333328125001 0.9703999999999999 0.7008 0.9672 0.6986666671874999 0.9524 0.6986666671874999 0.9508 0.7008 0.9512 0.704 0.9576 0.7136 0.9668 0.7189333328124999
4 0.9703999999999999 0.6538666671875 0.9728 0.6448 0.9708 0.6357333328125 0.9556 0.6378666671875 0.9540000000000001 0.64 0.9548 0.6485333328125 0.9588 0.6576 0.9640000000000001 0.6597333328125 0.9703999999999999 0.6538666671875
8 0.9548 0.6261333328124999 0.982 0.6117333328125001 0.984 0.6064 0.9824 0.6021333328125 0.9788 0.5989333328125 0.9664 0.5952 0.9583999999999999 0.5994666671875 0.9504 0.6074666671875 0.9491999999999999 0.6106666671875 0.9496 0.6213333328124999 0.9512 0.6245333328125 0.9548 0.6261333328124999
4 0.7395999999999999 0.43200000000000005 0.7452000000000001 0.4341333328125 0.7664000000000001 0.4357333328125 0.7716 0.4314666671875 0.7788 0.4186666671875 0.7792 0.41600000000000004 0.776 0.4112 0.7704 0.40800000000000003 0.7363999999999999 0.3957333328125 0.732 0.39626666718750003 0.7288 0.4117333328125 0.7292000000000001 0.41973333281249997 0.7348 0.4288 0.7395999999999999 0.43200000000000005
4 0.8208 0.4394666671875 0.8228000000000001 0.4298666671875 0.8200000000000001 0.42453333281249994 0.81 0.4202666671875 0.7984000000000001 0.4314666671875 0.7964 0.43520000000000003 0.8 0.44053333281249996 0.8140000000000001 0.4469333328125 0.8208 0.4394666671875
4 0.9276 0.4490666671875 0.9296000000000001 0.44320000000000004 0.9284 0.4373333328125 0.912 0.42933333281249997 0.91 0.4304 0.9087999999999999 0.44000000000000006 0.9116 0.44853333281249996 0.9232 0.4517333328125 0.9276 0.4490666671875
4 0.6023999999999999 0.4234666671875 0.6023999999999999 0.4192 0.5996 0.41493333281250006 0.594 0.41600000000000004 0.5912000000000001 0.41973333281249997 0.5908 0.42400000000000004 0.5932 0.4282666671875 0.5992 0.4277333328125 0.6023999999999999 0.4234666671875
4 0.6487999999999999 0.4624 0.6464 0.45439999999999997 0.6384000000000001 0.4538666671875 0.6348 0.45759999999999995 0.6352 0.4629333328125 0.6396 0.46719999999999995 0.6464 0.46559999999999996 0.6487999999999999 0.4624
3 0.46440000000000003 0.23253333281250002 0.46480000000000005 0.2282666671875 0.4596 0.2186666671875 0.4548 0.21706666718749998 0.4496 0.2202666671875 0.4496 0.22773333281250002 0.45399999999999996 0.2341333328125 0.46 0.2346666671875 0.46440000000000003 0.23253333281250002
11 0.7512000000000001 0.6992 0.7487999999999999 0.7098666671875 0.7428 0.7088 0.7424 0.7146666671874999 0.7363999999999999 0.72 0.7356 0.7248 0.738 0.7290666671875 0.7464 0.7312000000000001 0.7912 0.7290666671875 0.8748 0.7296 0.8828 0.7269333328124999 0.8844 0.7216 0.8844 0.712 0.8835999999999999 0.6805333328125001 0.882 0.6757333328125 0.8835999999999999 0.6714666671875 0.8816 0.6719999999999999 0.88 0.6672 0.884 0.6544 0.8824000000000001 0.6464000000000001 0.8792000000000001 0.5786666671875 0.87 0.5728 0.8452000000000001 0.5642666671875001 0.8276 0.5605333328125 0.7684 0.5408000000000001 0.7528 0.5429333328125 0.7508 0.5466666671875 0.748 0.5711999999999999 0.7452000000000001 0.6192 0.738 0.6784 0.7384000000000001 0.6837333328125 0.7448 0.6906666671874999 0.7464 0.6965333328125001 0.7512000000000001 0.6992