4 0.7072582958333334 0.22437024062500002 0.7100260416666667 0.21265377812500003 0.6973734854166668 0.19273579375 0.6894656395833334 0.1874633859375 0.67760386875 0.1874633859375 0.6621835666666667 0.1921499703125 0.5965484354166667 0.20269478593749998 0.5791511729166667 0.21265377812500003 0.5585907708333333 0.2284710015625 0.5423796833333333 0.2437024015625 0.5372395833333333 0.2542472171875 0.5396119375 0.2788517875 0.54514743125 0.2934973640625 0.5514737083333333 0.3028705328125 0.5593815541666667 0.3104862328125 0.5977346125 0.3268892796875 0.6360876708333334 0.306385471875 0.6550665041666667 0.2888107796875 0.6803716145833333 0.271821909375 0.7036997645833334 0.250732278125 0.7092352562500001 0.2401874640625 0.7072582958333334 0.23257176406250002 0.7072582958333334 0.22437024062500002
3 0.6179767875 0.17340363281249999 0.6418000895833333 0.166959578125 0.6572852375 0.152899825 0.6576822916666667 0.142355009375 0.6545058520833333 0.130638546875 0.6281016916666666 0.11335676562500001 0.6231385020833333 0.10310486249999999 0.6219473375 0.0902167546875 0.6294913833333333 0.056239015625 0.6283002187500001 0.052138254687499996 0.6235355583333334 0.048623315625 0.6076533562499999 0.042765084375 0.5651684666666666 0.041007615625 0.5469039354166667 0.049209139062500004 0.5306246791666667 0.067955478125 0.5290364583333333 0.0720562390625 0.53181584375 0.08201523125 0.5457127708333334 0.0931458703125 0.5484921562499999 0.0990041 0.5627861375 0.1159929703125 0.5647714125000001 0.12302284687500001 0.5600067520833334 0.134739309375 0.55841853125 0.14704159375 0.5600067520833334 0.1558289390625 0.5647714125000001 0.16227299374999998 0.583433 0.1722319859375 0.6179767875 0.17340363281249999
2 0.06032670416666666 0.5161101343750001 0.06761126875 0.50966608125 0.07018229166666666 0.49736379687500004 0.06461174166666667 0.491505565625 0.05604166666666666 0.4920913890625 0.051328124999999995 0.4967779734375 0.04747159166666667 0.50556531875 0.046614583333333334 0.512595196875 0.04832859791666667 0.5155243109375001 0.06032670416666666 0.5161101343750001
2 0.09315682916666666 0.57234915 0.09231770833333333 0.5787932046875001 0.09483506875 0.5834797890625001 0.10196759166666666 0.5881663734375 0.10826099583333333 0.5893380203125 0.11371527708333334 0.58758055 0.12000868125 0.581136496875 0.12210648125 0.5758640890625 0.12252604166666667 0.567662565625 0.11958912083333333 0.5594610421875 0.1141348375 0.5588752203125 0.10238715208333334 0.5635618046875 0.09315682916666666 0.57234915
2 0.10286458333333333 0.365553603125 0.10286458333333333 0.37199765625 0.10680634375 0.3755125953125 0.11074810624999999 0.37609841875 0.12213541666666666 0.369068540625 0.11687973541666666 0.36438195625 0.10286458333333333 0.365553603125
8 0 0.11344477500000001 0.016580272916666666 0.119507909375 0.04261268333333333 0.121265378125 0.06423960833333334 0.115407146875 0.0774560625 0.10310486249999999 0.08346354166666667 0.0872876390625 0.08346354166666667 0.0720562390625 0.07665506458333333 0.049209139062500004 0.06984658958333334 0.038664323437499995 0.06143611666666667 0.029291154687499998 0.04381417916666666 0.0187463390625 0.030197225 0.014645576562500002 0.00696830625 0.016403046875 0 0.018951240624999997 0 0.11344477500000001
3 0.6947676979166667 0.39894551875 0.6991785854166667 0.382542471875 0.6935647291666667 0.3772700640625 0.6502578250000001 0.371411834375 0.6394310999999999 0.3801991796875 0.6302083333333334 0.39835969531250004 0.6302083333333334 0.40246045625000004 0.6350202104166667 0.4153485640625 0.6314113020833333 0.4270650265625 0.6318122916666666 0.4346807265625 0.6430400083333333 0.44288225 0.6654954395833333 0.4469830109375 0.6815350333333333 0.44405389531250006 0.7063964041666666 0.4288224953125 0.7108072916666667 0.42120679531249994 0.7088023416666667 0.41183362656250005 0.6975746270833334 0.40538957187499997 0.6947676979166667 0.39894551875
2 0.2650626104166667 0.691857059375 0.27202183125 0.6977152906249999 0.28115580625000003 0.6930287046875 0.28463541666666664 0.685998828125 0.28463541666666664 0.6807264203125001 0.28159075833333336 0.6777973046875 0.27550143958333334 0.676625659375 0.26984707500000005 0.6789689515624999 0.2659325125 0.6836555359375 0.26419270833333336 0.6883421203125 0.2650626104166667 0.691857059375
2 0.20958912083333334 0.6321031046875001 0.21002604166666666 0.6227299359375 0.20347222291666667 0.6221441125 0.19560763958333333 0.625073228125 0.19080150416666666 0.6315172812500001 0.19036458333333334 0.6379613359375 0.1925491895833333 0.6408904515625 0.20478298541666667 0.640304628125 0.20958912083333334 0.6321031046875001
2 0.2782963270833333 0.5002929109375 0.28453262083333336 0.4985354421875 0.28854166666666664 0.49033391875000004 0.28765076666666667 0.4862331578125 0.28364172083333333 0.48388986562499997 0.2760690791666667 0.48388986562499997 0.27206003333333334 0.4862331578125 0.2716145833333333 0.495020503125 0.27384183125 0.4985354421875 0.2782963270833333 0.5002929109375
2 0.28838541666666667 0.7217340359375 0.2897135416666667 0.7123608671875 0.28838541666666667 0.7088459281249999 0.283515625 0.7082601046875 0.27200520833333336 0.7176332750000001 0.272890625 0.7322788515624999 0.27421875 0.73462214375 0.2790885416666667 0.7340363203125 0.28838541666666667 0.7217340359375
2 0.24518229166666666 0.819566490625 0.2447244625 0.811950790625 0.24060399791666667 0.8055067375 0.23602570625 0.8055067375 0.23098958333333333 0.810193321875 0.2314474125 0.825424721875 0.23556787708333332 0.8289396609375 0.24060399791666667 0.8277680140625 0.24518229166666666 0.819566490625
2 0.17778220625 0.43526655 0.16218909374999999 0.43526655 0.15872395833333333 0.438195665625 0.1595902416666667 0.4545987109375 0.16175595208333335 0.456942003125 0.17604963958333333 0.455184534375 0.17994791666666668 0.45049795000000004 0.17778220625 0.43526655
2 0.44619140625 0.15055653125 0.45338541666666665 0.13942589375 0.45169270833333336 0.1359109546875 0.44915364583333334 0.13532513125 0.42630208333333336 0.136496778125 0.42630208333333336 0.14294083124999998 0.4296875 0.1482132390625 0.43857421875 0.153485646875 0.44619140625 0.15055653125
3 0.4856770833333333 0.428236671875 0.4911594375 0.44229642656249996 0.49073771666666666 0.45108377343750006 0.48905083958333334 0.4545987109375 0.48989427916666667 0.46280023437500006 0.5042327416666667 0.4692442875 0.5126671333333334 0.4669009953125 0.5139322916666667 0.4592852953125 0.5126671333333334 0.453427065625 0.5130888520833333 0.43526655 0.4865205229166667 0.42589337968749996 0.4856770833333333 0.428236671875
3 0.5805989583333333 0.4077328640625 0.5805989583333333 0.41183362656250005 0.5876009770833334 0.4194493265625 0.5929554625000001 0.43936731093750003 0.6119021041666667 0.4411247796875 0.6160209395833333 0.42765085 0.618904125 0.42355008749999995 0.6209635416666667 0.4042179265625 0.6172565895833333 0.40011716406250003 0.6106664541666667 0.397773871875 0.5822464916666666 0.40656121875 0.5805989583333333 0.4077328640625
3 0.5465305770833333 0.49794961875 0.5497899875000001 0.49970708906250005 0.5542716729166667 0.49736379687500004 0.5546791 0.4938488578125 0.5583459333333334 0.4897480953125 0.5611979166666666 0.47451669531249996 0.5579385083333332 0.47158758125 0.5493825604166667 0.4710017578125 0.5171959 0.478031634375 0.5106770833333333 0.48271821875 0.5118993625 0.4920913890625 0.5216775874999999 0.5108377265625 0.5233072916666667 0.520210896875 0.5228998645833334 0.5301698890625001 0.52901125625 0.546572934375 0.5355300729166667 0.552431165625 0.5497899875000001 0.552431165625 0.55264196875 0.5371997656249999 0.54816028125 0.52665495 0.5408266125 0.51728178125 0.5396043354166667 0.508494434375 0.5465305770833333 0.49794961875
2 0.36560763958333337 0.8060925593749999 0.36822916666666666 0.8019917984375 0.36822916666666666 0.798476859375 0.3651707166666667 0.790861159375 0.35686921250000003 0.7867603984375 0.35031539375 0.790861159375 0.34856770833333334 0.8008201515625 0.34856770833333334 0.809021675 0.35468460625000003 0.810193321875 0.36560763958333337 0.8060925593749999
2 0.4537109375 0.8963093140625 0.45416666666666666 0.8922085531249999 0.4509765625 0.88752196875 0.446875 0.886350321875 0.44231770833333334 0.8886936140625 0.4395833333333333 0.8922085531249999 0.44095052083333336 0.89865260625 0.44733072916666666 0.899824253125 0.4537109375 0.8963093140625
2 0.5530877979166667 0.9273579375000001 0.5484375 0.9261862921875 0.5419270833333333 0.9367311078125 0.54285714375 0.943760984375 0.5489025291666666 0.9431751609375001 0.5544828875000001 0.9367311078125 0.5549479166666667 0.9308728765625001 0.5530877979166667 0.9273579375000001
0 0.4954308708333333 0.9742237843750001 0.4967447916666667 0.9642647921874999 0.49192708333333335 0.95606326875 0.48535748125 0.9543058 0.47834990625 0.9601640296875 0.47747395833333334 0.9671939078125 0.4836055875 0.9783245453125 0.48973721666666664 0.97891036875 0.4954308708333333 0.9742237843750001
6 0.2056662375 0.7454762734375 0.20404505208333334 0.7560210890625 0.21377216458333334 0.773009959375 0.22066220208333334 0.7759390749999999 0.2340369833333333 0.7735957828125 0.25227531875 0.753091975 0.26119183958333336 0.7255582890625 0.2615971354166667 0.713841828125 0.25632828333333335 0.706226128125 0.24984354166666664 0.7015395437499999 0.23849524375 0.7021253656249999 0.21863572083333332 0.7202858812499999 0.2056662375 0.7454762734375
10 0.19036458333333334 0.8535442296875001 0.20124429791666668 0.8664323375 0.20728858541666667 0.869361453125 0.21816829999999998 0.8699472765625 0.24355430208333334 0.8646748687500001 0.25241925625 0.8582308140625001 0.2584635416666667 0.84944346875 0.2564487791666667 0.8471001749999999 0.23509230208333334 0.8471001749999999 0.20164725 0.8482718218749999 0.19076753541666666 0.8506151140625 0.19036458333333334 0.8535442296875001
11 0.31548234166666667 0.649677796875 0.25310788125 0.6455770359375 0.24679147916666666 0.6473345046875 0.22626317708333332 0.6444053890625 0.22073632499999998 0.6461628593750001 0.18875954583333332 0.7047451671875 0.15638798958333336 0.7715289984375 0.1386231125 0.7978910375 0.12322688333333334 0.8301113062500001 0.11848958333333333 0.8412419453125001 0.11927913333333334 0.8482718218749999 0.12322688333333334 0.8506151140625 0.2677145583333333 0.8471001749999999 0.2756100604166667 0.8301113062500001 0.27482051041666666 0.8224956062500001 0.27876826041666664 0.8148799062500001 0.2783734854166667 0.810193321875 0.30245476458333337 0.71177504375 0.3127189166666666 0.6772114828125 0.31666666666666665 0.6578793203125 0.31548234166666667 0.649677796875
0 0.30555695625 0.49794961875 0.31531417916666665 0.4967779734375 0.32252604166666665 0.485647334375 0.3212533604166667 0.47510251875 0.314465725 0.468658465625 0.3017389104166667 0.46983011093749993 0.2962239583333333 0.4756883421875 0.2979208666666667 0.4897480953125 0.30131468333333333 0.4956063265625 0.30555695625 0.49794961875
0 0.3418449520833333 0.50205038125 0.35198918333333334 0.49794961875 0.35494791666666664 0.48799062656250003 0.3528345354166667 0.4774458109375 0.3460717145833333 0.47158758125 0.33296875 0.47275922656249997 0.3274739583333333 0.485647334375 0.3274739583333333 0.4920913890625 0.3333914270833333 0.5002929109375 0.3418449520833333 0.50205038125
5 0.36354166666666665 0.3678968953125 0.36234575416666664 0.3649677796875 0.3559675479166666 0.3626244875 0.33483974375 0.3661394265625 0.27464543333333336 0.3819566484375 0.26029447083333335 0.390158171875 0.2598958333333333 0.3966022265625 0.2678685895833333 0.41183362656250005 0.27265224374999997 0.42003515 0.28062499999999996 0.428236671875 0.3005568916666667 0.438195665625 0.31929286875 0.43936731093750003 0.33045472708333334 0.435852371875 0.34600160208333336 0.42003515 0.35317708333333336 0.4042179265625 0.3575621 0.3842999421875 0.36234575416666664 0.374926771875 0.36354166666666665 0.3678968953125
5 0.22473958333333333 0.1950790859375 0.22514771458333332 0.1991798484375 0.22882090416666667 0.205038078125 0.24351365625000002 0.21441124843749998 0.2602470666666667 0.21206795625 0.2655527833333333 0.2085530171875 0.2733072916666667 0.19742237812500002 0.27167476458333334 0.19273579375 0.2561657479166667 0.1816051546875 0.2512681625 0.1827768015625 0.24269739166666668 0.1892208546875 0.22637211041666666 0.19273579375 0.22473958333333333 0.1950790859375
4 0.33229166666666665 0.2085530171875 0.33019965208333335 0.20269478593749998 0.3226684020833333 0.198594025 0.30509548541666665 0.20035149375 0.3009114583333333 0.2044522546875 0.3009114583333333 0.220269478125 0.30551388958333336 0.22612770937499999 0.31388194375 0.22437024062500002 0.33229166666666665 0.2085530171875
4 0.28098958333333335 0.100175746875 0.2822332979166667 0.1072056234375 0.28596443958333334 0.1142355015625 0.290524725 0.1148213234375 0.3058638645833333 0.10661980156249999 0.31539900625 0.09373169375 0.3170572916666667 0.08611599375 0.31291157708333334 0.08201523125 0.2975724375 0.08201523125 0.2872081541666667 0.0837727 0.28181872708333333 0.0890451078125 0.28098958333333335 0.100175746875
2 0.16783854166666667 0.06912712343750001 0.16697867500000002 0.06326889218750001 0.16267934374999998 0.05916813125 0.15064121458333332 0.061511423437500004 0.14505208333333333 0.067955478125 0.14591194999999998 0.0767428234375 0.15408067916666665 0.0843585234375 0.16267934374999998 0.08084358593749999 0.16783854166666667 0.06912712343750001
0 0.39033506875 0 0.38656944375 0.0035149390625 0.3848958333333333 0.005272407812499999 0.3848958333333333 0.009373168749999999 0.38824305625 0.014645576562500002 0.3949375 0.021089631249999997 0.40163194375 0.0234329234375 0.41251041666666666 0.0205038078125 0.41627604166666665 0.00585823125 0.4158576395833334 0 0.39033506875 0
3 0.9430282354166667 0.22437024062500002 0.9506510416666667 0.20620972499999998 0.9482438395833334 0.20269478593749998 0.9173514166666668 0.1962507328125 0.8716145833333333 0.19332161718750002 0.8780337874999999 0.2343292328125 0.8764289875000001 0.2513181015625 0.8736205854166667 0.259519625 0.8728181833333333 0.27650849375000003 0.8752253854166666 0.28236672500000004 0.8832493916666666 0.28822495625 0.8952854 0.2888107796875 0.9117346125 0.28353837187500003 0.9141418145833333 0.28002343281250003 0.9249742229166666 0.2448740484375 0.9350042291666667 0.23140011718750003 0.9430282354166667 0.22437024062500002
8 0.8563122729166667 0.3889865265625 0.8404891312499999 0.40304627968749995 0.8303460895833333 0.40949033437500004 0.8254774312500001 0.41007615625 0.8197973270833334 0.4159343875 0.8165515541666667 0.424721734375 0.8161458333333333 0.435852371875 0.8226373791666667 0.44288225 0.8323746979166666 0.4463971875 0.8453577895833334 0.456942003125 0.85387794375 0.4575278265625 0.859152325 0.4545987109375 0.8684839229166667 0.4463971875 0.8721354166666667 0.43526655 0.8705125291666668 0.4176918578125 0.86726675625 0.4077328640625 0.8680781999999999 0.38840070312499997 0.8563122729166667 0.3889865265625
3 0.7907666291666666 0.38488576406249997 0.7954655520833334 0.38722905625 0.8069992687499999 0.382542471875 0.8104166666666667 0.36965436406249996 0.8052905708333333 0.3550087875 0.8091351416666667 0.3391915640625 0.8069992687499999 0.33801991875000004 0.8023003479166667 0.3421206796875 0.7864948833333333 0.36028119531249997 0.7860677083333333 0.376684240625 0.7907666291666666 0.38488576406249997
8 0.933192825 0.28412419375 0.9368143833333333 0.271821909375 0.9344000124999999 0.26362038593750003 0.9279616875 0.26127709375 0.9207185729166666 0.262448740625 0.9154874354166667 0.279437609375 0.9078419249999999 0.287053309375 0.8853077916666667 0.2893966015625 0.8792718625 0.2876391328125 0.8720287479166667 0.2817809015625 0.8712239583333333 0.28353837187500003 0.8716263541666667 0.2905682484375 0.8820886291666666 0.30345635625 0.8861125833333333 0.314001171875 0.8877221624999999 0.3468072640625 0.8921485104166667 0.36438195625 0.9034155770833333 0.367311071875 0.9199137833333333 0.367311071875 0.9267545020833333 0.3649677796875 0.9372167791666667 0.3555946109375 0.9424479166666667 0.33099004062500004 0.933192825 0.30345635625 0.933192825 0.28412419375
3 0.9717199895833333 0.24604569375000002 0.96631944375 0.241359109375 0.9588417666666668 0.2401874640625 0.9501178083333334 0.2437024015625 0.941809275 0.2524897484375 0.9372395833333333 0.259519625 0.9438864083333333 0.2712360859375 0.9413938500000001 0.2905682484375 0.9455481145833333 0.3016988875 0.9509486604166667 0.3075571171875 0.9584263395833333 0.31107205625 0.9642423125 0.30931458749999996 0.9721354166666667 0.3028705328125 0.9700582833333333 0.287053309375 0.96631944375 0.279437609375 0.9721354166666667 0.2542472171875 0.9717199895833333 0.24604569375000002
2 0.15013020833333332 0.9507908609375001 0.15105513750000002 0.9584065609374999 0.1575296333333333 0.9584065609374999 0.16354166666666667 0.9507908609375001 0.16354166666666667 0.943760984375 0.15706716874999999 0.9425893375 0.15013020833333332 0.9507908609375001
8 0.3017118208333333 0.9314587 0.30130208333333336 0.9384885765625001 0.30867737083333335 0.9496192156250001 0.31359422708333334 0.9531341531249999 0.3189208229166667 0.9537199765625 0.3262961104166667 0.9496192156250001 0.3406369458333333 0.9355594609375 0.34514406458333335 0.9273579375000001 0.34596354166666665 0.9191564140624999 0.3435051125 0.91036906875 0.3402272083333333 0.90626830625 0.32998375416666664 0.9033391921874999 0.3017118208333333 0.9314587
4 0.3275136416666667 0.8916227296875 0.34146949375 0.9068541296875001 0.3492683541666667 0.9050966609375 0.36281373958333335 0.8963093140625 0.3697916666666667 0.8881077921875 0.36773933541666665 0.8746338609375 0.36199280833333336 0.8711189218750001 0.3381857645833334 0.8799062687499999 0.3328497020833333 0.8763913296875 0.32874503958333334 0.8793204453125 0.32669270833333336 0.8851786765625 0.3275136416666667 0.8916227296875
5 0.32599702291666666 0.8306971296875 0.3206609625 0.8383128296875 0.31614583333333335 0.8506151140625 0.31737723125 0.865260690625 0.33461681458333337 0.8763913296875 0.342415675 0.8775629765625 0.35021453333333336 0.875219684375 0.35390872916666666 0.872876390625 0.358834325 0.865260690625 0.3592447916666667 0.8488576453125001 0.3559610625 0.83772700625 0.350625 0.8271821906250001 0.34159474166666665 0.816637375 0.3370796125 0.8183948453125 0.32599702291666666 0.8306971296875
11 0.7022467708333333 0.40153309843749996 0.7046070145833333 0.4050480375 0.7093275020833333 0.4073913296875 0.7156214854166667 0.4050480375 0.7333233145833333 0.406219684375 0.7482715270833334 0.398603984375 0.7585464541666667 0.3888910375 0.7880023 0.35642472187499996 0.8032522291666666 0.34197188125 0.8116047395833333 0.33299179843750004 0.8165765916666667 0.32806326874999997 0.8359939270833333 0.309558875 0.84425478125 0.2995998828125 0.8468372791666667 0.2961652015625 0.8595389333333333 0.2844821328125 0.8509421375 0.2826110140625 0.7925304270833333 0.27058055 0.7805281937499999 0.2679654359375 0.7447311604166666 0.2632788515625 0.7132612416666666 0.28085354375 0.6412738020833333 0.31131634375 0.5625990041666667 0.3540814296875 0.5614188812500001 0.3587680140625 0.5649592479166666 0.364040421875 0.6157044916666667 0.396260690625 0.6255388416666666 0.39567486875 0.6379301229166666 0.37517106093749997 0.6475677854166667 0.3693128296875 0.6577955083333333 0.3669695375 0.7002799 0.377514353125 0.7030335187500001 0.3827867609375 0.70264014375 0.38805916875 0.7042136395833333 0.39098828281250003 0.7022467708333333 0.40153309843749996
2 0.69284539375 0.6145284125 0.6959635416666666 0.6069127125 0.6941817437500001 0.603983596875 0.6888363479166667 0.603983596875 0.6799273583333334 0.6110134734375 0.6790364583333334 0.6151142359375 0.6808182562499999 0.61628588125 0.6901726979166667 0.61628588125 0.69284539375 0.6145284125
2 0.7401041666666667 0.5407147046875 0.7401041666666667 0.53602811875 0.7368489583333333 0.5330990046874999 0.7321986604166667 0.5336848265625 0.7270833333333333 0.5383714125 0.7270833333333333 0.543057996875 0.7303385416666667 0.5448154656249999 0.7368489583333333 0.5442296421874999 0.7401041666666667 0.5407147046875
2 0.6868489583333334 0.6596367890625 0.6868489583333334 0.6654950203125 0.6941742270833333 0.6672524890625 0.7001260083333333 0.6619800812500001 0.7010416666666667 0.653778559375 0.69325856875 0.6526069125 0.6868489583333334 0.6596367890625
2 0.7026041666666667 0.68131224375 0.7002918458333334 0.6789689515624999 0.6901176375 0.6830697125 0.6891927083333333 0.68892794375 0.6915050291666667 0.6912712359375 0.6984419895833334 0.6912712359375 0.7026041666666667 0.6865846515625 0.7026041666666667 0.68131224375
10 0.6520833333333333 0.907439953125 0.6574623833333334 0.9109548921874999 0.6789785875 0.91036906875 0.68725405 0.905682484375 0.6893229166666667 0.8916227296875 0.6822887729166667 0.8640890453125 0.6777372687500001 0.8623315765624999 0.6727719916666667 0.8670181609375 0.6591174770833333 0.8886936140625 0.6541522000000001 0.8933801984375 0.65249710625 0.899824253125 0.6520833333333333 0.907439953125
0 0.7143229166666667 0.7457527828125 0.7047327895833334 0.7475102515625001 0.6947067479166668 0.7580550671874999 0.6942708333333333 0.7627416515625 0.6955785770833334 0.7639132984375 0.7086560229166667 0.7598125359375001 0.7130151729166666 0.755711775 0.7143229166666667 0.7457527828125
0 0.9279947916666667 0.6338605734375 0.9236040458333333 0.6303456359374999 0.9099927333333333 0.6391329812500001 0.9091145833333333 0.6438195671875 0.91130995625 0.649677796875 0.9192132999999999 0.6490919749999999 0.9231649708333334 0.6449912125 0.9279947916666667 0.6338605734375
0 0.9118393124999999 0.630931459375 0.9234278541666666 0.6203866437500001 0.9264322916666666 0.6121851203124999 0.925144675 0.609841828125 0.92042341875 0.609841828125 0.9062596458333334 0.6139425890625 0.9032552083333333 0.617457528125 0.9032552083333333 0.6274165203125001 0.9079764666666666 0.6321031046875001 0.9118393124999999 0.630931459375
7 0.8566280249999999 0.6256590515625 0.85790070625 0.6215582890625 0.8663852479166666 0.6145284125 0.871475975 0.6028119515625 0.8748697916666667 0.57996485 0.8740213375 0.5682483890625 0.8646883395833334 0.5711775046875001 0.8566280249999999 0.5787932046875001 0.8485677083333333 0.60105448125 0.8498403895833333 0.617457528125 0.8566280249999999 0.6256590515625
5 0.08185720833333333 0.2964264796875 0.07116465625 0.28002343281250003 0.0674633875 0.2788517875 0.06088335416666667 0.2829525484375 0.06458462291666667 0.2964264796875 0.05677083333333333 0.3028705328125 0.06088335416666667 0.3145869953125 0.06664088333333333 0.3222026953125 0.07568842916666667 0.327475103125 0.08391346875 0.328060925 0.09008225 0.3227885171875 0.09583977916666667 0.314001171875 0.09830729166666667 0.3028705328125 0.0974847875 0.2993555953125 0.0876147375 0.2999414171875 0.08185720833333333 0.2964264796875
10 0.08960336458333333 0.25366139374999996 0.08031183125 0.25541886406250003 0.0657685625 0.268306971875 0.06536458333333334 0.271821909375 0.06819244166666666 0.2788517875 0.07788795416666666 0.2917398953125 0.08354367083333333 0.297598125 0.09323918333333332 0.3011130640625 0.0982440875 0.2976608078125 0.10091479791666667 0.294669009375 0.11990184375 0.27592267187499997 0.12838541666666667 0.26362038593750003 0.12838541666666667 0.259519625 0.12232572083333333 0.256590509375 0.08960336458333333 0.25366139374999996
0 0.14908854166666666 0.306385471875 0.14741030000000002 0.2934973640625 0.11929976875 0.2934973640625 0.11888020833333333 0.2970123015625 0.12181712916666668 0.3028705328125 0.133984375 0.312243703125 0.14489293958333332 0.312243703125 0.14908854166666666 0.306385471875