10 0.96875 0.3385416671875 0.962890625 0.3307291671875 0.947265625 0.3333333328125 0.9326171875 0.3541666671875 0.93359375 0.3828125 0.9482421875 0.39453125 0.9560546875 0.3645833328125 0.96875 0.3385416671875
7 0.978515625 0.515625 0.9755859375 0.453125 0.966796875 0.4479166671875 0.9560546875 0.4661458328125 0.9560546875 0.4895833328125 0.9619140625 0.5078125 0.9697265625 0.515625 0.978515625 0.515625
5 0.8876953125 0.20572916718749998 0.890625 0.1966145828125 0.884765625 0.1888020828125 0.8681640625 0.1927083328125 0.8525390625 0.20182291718749998 0.8447265625 0.21614583281250002 0.8447265625 0.23046875 0.8486328125 0.23958333281250002 0.853515625 0.23958333281250002 0.8876953125 0.20572916718749998
7 0.6220703125 0.4401041671875 0.6201171875 0.421875 0.6103515625 0.41796875 0.5986328125 0.4348958328125 0.599609375 0.4713541671875 0.611328125 0.4856770828125 0.6181640625 0.4856770828125 0.6220703125 0.4401041671875
8 0.1826171875 0.5611979171875 0.166015625 0.5403645828125 0.1572265625 0.5546875 0.1572265625 0.5703125 0.177734375 0.5924479171875 0.18359375 0.578125 0.1826171875 0.5611979171875
2 0.658203125 0.4947916671875 0.6572265625 0.5013020828125 0.662109375 0.5052083328125 0.6630859375 0.4973958328125 0.658203125 0.4947916671875
2 0.6171875 0.5677083328125 0.6220703125 0.5690104171875 0.6171875 0.5611979171875 0.6171875 0.5677083328125
2 0.6015625 0.5924479171875 0.599609375 0.5963541671875 0.6064453125 0.6015625 0.6064453125 0.5950520828125 0.6015625 0.5924479171875
2 0.5556640625 0.6927083328125 0.552734375 0.6953125 0.5546875 0.703125 0.55859375 0.7005208328125 0.5556640625 0.6927083328125
2 0.6318359375 0.6549479171875 0.6318359375 0.66015625 0.6376953125 0.6640625 0.6376953125 0.6536458328125 0.6318359375 0.6549479171875
11 0.921875 0.09765625 0.9228515625 0.08333333281250001 0.87109375 0.1341145828125 0.8544921875 0.1770833328125 0.8525390625 0.20052083281250002 0.88671875 0.1875 0.8955078125 0.1783854171875 0.921875 0.09765625
11 0.970703125 0.33984375 0.955078125 0.3645833328125 0.935546875 0.4348958328125 0.9990234375 0.4583333328125 0.9990234375 0.375 0.970703125 0.33984375
11 0.72265625 0.4674479171875 0.728515625 0.4674479171875 0.75 0.3346354171875 0.697265625 0.3020833328125 0.6708984375 0.29296875 0.658203125 0.34765625 0.6513671875 0.3828125 0.6533203125 0.41015625 0.669921875 0.4309895828125 0.72265625 0.4674479171875
11 0.7509765625 0.5911458328125 0.75390625 0.58984375 0.7802734375 0.5481770828125 0.7861328125 0.5299479171875 0.7314453125 0.4791666671875 0.7021484375 0.4583333328125 0.69921875 0.4609375 0.7041015625 0.4778645828125 0.7412109375 0.57421875 0.7509765625 0.5911458328125
7 0.73046875 0.08723958281250001 0.734375 0.0703125 0.734375 0.0403645828125 0.73046875 0.0377604171875 0.7236328125 0.0442708328125 0.71875 0.06380208281250001 0.7197265625 0.078125 0.7236328125 0.0859375 0.73046875 0.08723958281250001
7 0.7470703125 0.12890625 0.74609375 0.1028645828125 0.740234375 0.09375 0.732421875 0.08854166718749999 0.728515625 0.09114583281250001 0.7255859375 0.1184895828125 0.7333984375 0.1380208328125 0.7421875 0.1419270828125 0.7470703125 0.12890625
11 0.6376953125 0.2760416671875 0.615234375 0.16796875 0.5888671875 0.2109375 0.5810546875 0.2265625 0.58203125 0.23567708281250002 0.642578125 0.3177083328125 0.6376953125 0.2760416671875
5 0.5390625 0.3723958328125 0.541015625 0.36328125 0.5263671875 0.3255208328125 0.515625 0.3033854171875 0.5087890625 0.30078125 0.5087890625 0.31640625 0.51953125 0.3424479171875 0.53125 0.3671875 0.5390625 0.3723958328125
1 0.79296875 0.0338541671875 0.783203125 0.0403645828125 0.7900390625 0.06510416718749999 0.798828125 0.06380208281250001 0.7998046875 0.0364583328125 0.79296875 0.0338541671875
11 0.880859375 0.1015625 0.8740234375 0 0.869140625 0.0052083328125 0.853515625 0.06640625 0.8486328125 0.09375 0.853515625 0.1783854171875 0.875 0.1263020828125 0.880859375 0.1015625
11 0.80859375 0 0.8134765625 0.06119791718749999 0.845703125 0.1432291671875 0.8486328125 0.1315104171875 0.84375 0.0481770828125 0.822265625 0 0.80859375 0