3 0.83125 0.244897958984375 0.81875 0.237379162109375 0.7984375 0.2395273896484375 0.7609375 0.2653061220703125 0.75625 0.272824919921875 0.7546875 0.2835660576171875 0.7578125 0.288936626953125 0.7671875 0.2943071962890625 0.7921875 0.3007518798828125 0.8328125 0.3007518798828125 0.8484375 0.295381310546875 0.8578125 0.2857142861328125 0.8546875 0.273899033203125 0.8421875 0.25563909765625 0.83125 0.244897958984375
7 0.9546875 0.2459720732421875 0.934375 0.244897958984375 0.925 0.2577873251953125 0.91875 0.29215896875 0.875 0.314715359375 0.8484375 0.3340494091796875 0.815625 0.346938775390625 0.790625 0.3651987109375 0.790625 0.3727175078125 0.7984375 0.3780880771484375 0.884375 0.368421052734375 0.9109375 0.3555316865234375 0.9671875 0.3125671318359375 0.9984375 0.3007518798828125 0.9984375 0.281417830078125 0.971875 0.27067669140625 0.9625 0.251342642578125 0.9546875 0.2459720732421875
11 0.715625 0.9441460791015625 0.7796875 0.960257787109375 0.7859375 0.960257787109375 0.7890625 0.9581095595703125 0.725 0.894736841796875 0.7125 0.8958109560546875 0.665625 0.92051557421875 0.665625 0.9248120302734375 0.715625 0.9441460791015625
11 0.7953125 0.960257787109375 0.7984375 0.9624060146484374 0.8140625 0.966702470703125 0.8875 0.974221267578125 0.934375 0.97099892578125 0.9421875 0.967776583984375 0.884375 0.8990332978515625 0.875 0.902255638671875 0.796875 0.9570354453125 0.7953125 0.960257787109375
11 0.75 0.8367346943359375 0.728125 0.835660580078125 0.6984375 0.8421052626953125 0.6984375 0.8485499462890626 0.7203125 0.8711063369140625 0.75 0.894736841796875 0.796875 0.9430719658203125 0.80625 0.9462943076171875 0.8109375 0.9419978515625 0.8140625 0.9258861435546875 0.825 0.829215896484375 0.8140625 0.828141783203125 0.75 0.8367346943359375
3 0.2203125 0.7894736845703125 0.215625 0.7862513427734374 0.1890625 0.7787325458984375 0.1734375 0.7819548876953125 0.14531249999999998 0.7830290009765625 0.1328125 0.7873254560546875 0.13125 0.7894736845703125 0.13125 0.7937701396484375 0.1328125 0.79484425390625 0.13749999999999998 0.79484425390625 0.1421875 0.7969924814453125 0.1734375 0.80236305078125 0.1953125 0.7980665947265625 0.2 0.7959183671875 0.2203125 0.79484425390625 0.2203125 0.7894736845703125
8 0.0578125 0.9430719658203125 0.0734375 0.95596133203125 0.0890625 0.9613319013671875 0.1171875 0.9548872177734375 0.146875 0.9258861435546875 0.14531249999999998 0.916219119140625 0.1328125 0.9097744365234375 0.07968750000000001 0.9108485498046875 0.05625 0.9215896884765625 0.0578125 0.9430719658203125
3 0.1234375 0.7314715361328125 0.12812500000000002 0.73791621875 0.1625 0.7465091298828125 0.1796875 0.7465091298828125 0.1921875 0.741138560546875 0.1921875 0.727175080078125 0.15937500000000002 0.700322234375 0.14375000000000002 0.703544576171875 0.12968749999999998 0.7175080556640625 0.1234375 0.7314715361328125
2 0.2265625 0.69387755078125 0.2265625 0.697099892578125 0.2296875 0.700322234375 0.2375 0.700322234375 0.24375 0.6960257783203125 0.2453125 0.69387755078125 0.24375 0.689581095703125 0.234375 0.689581095703125 0.23125 0.690655208984375 0.2265625 0.69387755078125
3 0.3890625 0.7099892587890625 0.375 0.7099892587890625 0.3734375 0.711063373046875 0.371875 0.7132116005859375 0.371875 0.7164339423828125 0.3765625 0.7207303974609375 0.3875 0.7239527392578124 0.4 0.7239527392578124 0.403125 0.72180451171875 0.403125 0.719656283203125 0.4 0.715359828125 0.3953125 0.712137486328125 0.3890625 0.7099892587890625
3 0.5968749999999999 0.8120300751953125 0.5984375000000001 0.8109559609375 0.5984375000000001 0.8088077333984375 0.5921875 0.8045112783203126 0.5890624999999999 0.8034371640625 0.5828125000000001 0.8034371640625 0.5750000000000001 0.8055853916015625 0.56875 0.80988184765625 0.56875 0.8163265302734375 0.5734374999999999 0.8227712138671875 0.5765625 0.82491944140625 0.584375 0.82491944140625 0.5859375 0.8238453271484375 0.5906250000000001 0.8238453271484375 0.59375 0.8227712138671875 0.5968749999999999 0.820622986328125 0.5968749999999999 0.8120300751953125
11 0.490625 0.8045112783203126 0.490625 0.8109559609375 0.553125 0.8807733623046875 0.615625 0.814178302734375 0.61875 0.8034371640625 0.6046874999999999 0.7862513427734374 0.5484375 0.7604726103515626 0.5328125 0.756176154296875 0.5203125000000001 0.7636949521484375 0.490625 0.8045112783203126
2 0.35 0.6186895810546875 0.34375 0.616541353515625 0.3390625 0.616541353515625 0.3328125 0.6186895810546875 0.328125 0.6219119228515625 0.328125 0.630504833984375 0.33125 0.6326530615234375 0.33125 0.6337271748046875 0.3375 0.63587540234375 0.35 0.6337271748046875 0.3546875 0.630504833984375 0.3546875 0.6229860361328124 0.353125 0.62083780859375 0.35 0.6186895810546875
5 0.878125 0.5563909775390625 0.871875 0.5520945224609375 0.853125 0.551020408203125 0.834375 0.544575724609375 0.8203125 0.5413533837890625 0.809375 0.5413533837890625 0.80625 0.5424274970703125 0.8 0.5499462939453125 0.7984375 0.5563909775390625 0.8046875 0.561761546875 0.8140625 0.564983888671875 0.8328125 0.566058001953125 0.8375 0.5682062294921875 0.8484375 0.5703544580078125 0.859375 0.5703544580078125 0.86875 0.5682062294921875 0.878125 0.561761546875 0.878125 0.5563909775390625
7 0.93125 0.456498388671875 0.9125 0.456498388671875 0.89375 0.4661654130859375 0.8921875 0.4736842109375 0.9234375 0.5123523095703125 0.9375 0.5187969921875 0.953125 0.5187969921875 0.959375 0.5166487646484375 0.96875 0.506981740234375 0.96875 0.491944146484375 0.9578125 0.462943072265625 0.9484375 0.4586466162109375 0.93125 0.456498388671875
3 0.653125 0.5048335126953125 0.6515624999999999 0.4983888291015625 0.6453125000000001 0.4951664873046875 0.6234375 0.493018259765625 0.6062500000000001 0.4865735771484375 0.6 0.48227712109375 0.5921875 0.4801288935546875 0.5796875 0.4812030078125 0.578125 0.48227712109375 0.578125 0.4865735771484375 0.5906250000000001 0.508055853515625 0.5968749999999999 0.5112781953125 0.6 0.5166487646484375 0.609375 0.5209452197265625 0.6218750000000001 0.5209452197265625 0.625 0.5198711064453125 0.6375000000000001 0.5112781953125 0.653125 0.5048335126953125
11 0.5578124999999999 0.302900107421875 0.5546875 0.30612244921875 0.56875 0.325456498046875 0.6546875 0.3447905478515625 0.684375 0.3555316865234375 0.6347265625 0.404139634765625 0.7518015625 0.3922534912109375 0.7484375 0.3780880771484375 0.7 0.2502685283203125 0.6703125 0.2577873251953125 0.5578124999999999 0.302900107421875
3 0.403125 0.32116004296875 0.403125 0.317937701171875 0.396875 0.31364124609375 0.3953125 0.3114930185546875 0.390625 0.310418904296875 0.384375 0.310418904296875 0.371875 0.31364124609375 0.36875 0.3157894736328125 0.365625 0.3200859287109375 0.3671875 0.325456498046875 0.3765625 0.3308270673828125 0.3828125 0.332975294921875 0.3890625 0.332975294921875 0.3953125 0.32867883984375 0.403125 0.3265306123046875 0.403125 0.3233082705078125 0.4046875 0.3222341572265625 0.403125 0.32116004296875
0 0.403125 0.360902255859375 0.384375 0.3598281416015625 0.378125 0.36412459765625 0.378125 0.37164339453125 0.3828125 0.3770139638671875 0.384375 0.3770139638671875 0.3890625 0.3802363046875 0.39375 0.3802363046875 0.403125 0.3737916220703125 0.4046875 0.37164339453125 0.4046875 0.3630504833984375 0.403125 0.360902255859375
3 0.196875 0.2577873251953125 0.2125 0.2674543505859375 0.2203125 0.266380236328125 0.228125 0.24060150390625 0.225 0.208378087890625 0.215625 0.2105263154296875 0.190625 0.2320085927734375 0.1890625 0.243823845703125 0.196875 0.2577873251953125
8 0.2734375 0.1084854990234375 0.27499999999999997 0.1009667021484375 0.2625 0.0902255634765625 0.240625 0.083780880859375 0.221875 0.0859291083984375 0.228125 0.105263158203125 0.2609375 0.1106337275390625 0.2734375 0.1084854990234375
3 0.296875 0.272824919921875 0.29375 0.2717508056640625 0.28750000000000003 0.2717508056640625 0.28125 0.2749731474609375 0.2765625 0.2760472607421875 0.2765625 0.277121375 0.2734375 0.2792696025390625 0.2734375 0.2824919443359375 0.278125 0.288936626953125 0.3015625 0.296455423828125 0.3078125 0.296455423828125 0.309375 0.295381310546875 0.309375 0.2900107412109375 0.3046875 0.281417830078125 0.296875 0.272824919921875
3 0.3375 0.2674543505859375 0.3390625 0.2642320087890625 0.3390625 0.258861439453125 0.3375 0.2577873251953125 0.3375 0.254564984375 0.334375 0.2502685283203125 0.3265625 0.2470461865234375 0.3203125 0.2470461865234375 0.315625 0.24812030078125 0.3046875 0.252416755859375 0.3046875 0.2534908701171875 0.3015625 0.25563909765625 0.3 0.258861439453125 0.3015625 0.26315789453125 0.309375 0.2653061220703125 0.315625 0.27067669140625 0.3171875 0.27067669140625 0.3234375 0.273899033203125 0.3265625 0.273899033203125 0.3328125 0.2717508056640625 0.3328125 0.27067669140625 0.3375 0.2674543505859375
11 0.246875 0.288936626953125 0.2453125 0.29860365234375 0.3125 0.3673469384765625 0.3234375 0.3705692802734375 0.4546875 0.3018259931640625 0.4671875 0.2932330830078125 0.46875 0.2835660576171875 0.3546875 0.2116004296875 0.3421875 0.208378087890625 0.27187500000000003 0.272824919921875 0.246875 0.288936626953125
11 0.3203125 0.2201933408203125 0.340625 0.207303974609375 0.3890625 0.229860365234375 0.4578125 0.272824919921875 0.6281249999999999 0.251342642578125 0.5750000000000001 0.2201933408203125 0.209375 0.0343716435546875 0.178125 0.022556390625 0.1734375 0.0300751875 0.2015625 0.1997851767578125 0.2046875 0.20515574609375 0.2265625 0.20515574609375 0.2328125 0.2169709990234375 0.23125 0.2491944150390625 0.215625 0.2824919443359375 0.221875 0.29860365234375 0.240625 0.296455423828125 0.3203125 0.2201933408203125
11 0.5140625 0.32867883984375 0.5234375 0.314715359375 0.5578124999999999 0.325456498046875 0.521875 0.273899033203125 0.4703125 0.2932330830078125 0.29062499999999997 0.398496240234375 0.28281249999999997 0.4070891513671875 0.31406249999999997 0.435016111328125 0.48125 0.561761546875 0.6765625 0.5241675615234375 0.69375 0.51772287890625 0.6234375 0.4178302900390625 0.510053125 0.5214940927734375 0.49565312499999997 0.5322534912109375 0.4921875 0.5155746513671875 0.5140625 0.32867883984375
11 0.6796875 0.353383458984375 0.5203125000000001 0.3157894736328125 0.5078125 0.3845327607421875 0.4921875 0.5209452197265625 0.4953125 0.5338345869140625 0.665625 0.3727175078125 0.6796875 0.353383458984375
3 0.425 0.6251342646484375 0.421875 0.630504833984375 0.4265625 0.6337271748046875 0.4609375 0.639097744140625 0.50625 0.6143931259765625 0.425 0.6251342646484375
0 0.26406250000000003 0.7798066591796875 0.2578125 0.777658431640625 0.24375 0.777658431640625 0.240625 0.7787325458984375 0.234375 0.7830290009765625 0.2328125 0.7830290009765625 0.23125 0.7873254560546875 0.2359375 0.7905477978515625 0.25156249999999997 0.79484425390625 0.2578125 0.79484425390625 0.25937499999999997 0.7937701396484375 0.26875 0.7937701396484375 0.278125 0.7905477978515625 0.278125 0.785177228515625 0.27499999999999997 0.7819548876953125 0.26406250000000003 0.7798066591796875
0 0.309375 0.7808807734375 0.3046875 0.784103115234375 0.3046875 0.785177228515625 0.3 0.7894736845703125 0.3 0.792696025390625 0.29843749999999997 0.79484425390625 0.3015625 0.7980665947265625 0.3265625 0.7980665947265625 0.334375 0.7937701396484375 0.3375 0.7894736845703125 0.3375 0.7819548876953125 0.33125 0.7819548876953125 0.3296875 0.7808807734375 0.309375 0.7808807734375
3 0.30624999999999997 0.6616541357421875 0.29531250000000003 0.6616541357421875 0.29375 0.660580021484375 0.28750000000000003 0.66380236328125 0.2859375 0.667024705078125 0.2859375 0.6885069814453125 0.29843749999999997 0.718582169921875 0.3046875 0.703544576171875 0.3046875 0.6960257783203125 0.30624999999999997 0.6949516650390625 0.31093750000000003 0.6723952734375 0.31093750000000003 0.6648764765625 0.309375 0.6627282490234375 0.30624999999999997 0.6616541357421875
11 0.4734375 0.6348012890625 0.5007890625 0.6213501611328125 0.554509375 0.624820623046875 0.5537875 0.6206068740234375 0.5339578125 0.605983888671875 0.3578125 0.4693877548828125 0.3390625 0.4607948447265625 0.3328125 0.464017185546875 0.278125 0.617615466796875 0.27220625 0.640435015625 0.3100640625 0.6396906552734375 0.31093750000000003 0.670784103515625 0.3078125 0.700322234375 0.302853125 0.7140451123046875 0.29744375 0.7336251337890625 0.29744375 0.7380859287109375 0.31093750000000003 0.7325456494140625 0.4640625 0.645542427734375 0.4734375 0.6348012890625
0 0.4453125 0.6981740068359376 0.4453125 0.6928034375 0.4421875 0.690655208984375 0.4421875 0.689581095703125 0.4390625 0.6885069814453125 0.428125 0.6885069814453125 0.4203125 0.69387755078125 0.4140625 0.6960257783203125 0.4078125 0.700322234375 0.40625 0.700322234375 0.40625 0.7067669169921875 0.409375 0.712137486328125 0.4140625 0.7142857138671875 0.4296875 0.7142857138671875 0.4359375 0.711063373046875 0.440625 0.703544576171875 0.44375 0.70139634765625 0.4453125 0.6981740068359376
11 0.3578125 0.7250268525390625 0.353125 0.7207303974609375 0.325 0.7314715361328125 0.31875000000000003 0.7422126748046876 0.296875 0.741138560546875 0.29531250000000003 0.7132116005859375 0.28125 0.6799140712890624 0.28750000000000003 0.653061224609375 0.24375 0.6262083779296875 0.16093749999999998 0.6981740068359376 0.1703125 0.7175080556640625 0.15937500000000002 0.727175080078125 0.12968749999999998 0.726100966796875 0.0703125 0.777658431640625 0.0734375 0.7873254560546875 0.284375 0.879699248046875 0.29375 0.879699248046875 0.31875000000000003 0.8668098818359375 0.459375 0.7873254560546875 0.4515625 0.77443608984375 0.428125 0.75939849609375 0.40625 0.75187969921875 0.3796875 0.727175080078125 0.3578125 0.7250268525390625
11 0.55625 0.762620837890625 0.6171875 0.79484425390625 0.6265625 0.79484425390625 0.77158125 0.7130096669921875 0.6765625 0.6573576796875 0.577853125 0.59768313671875 0.51926875 0.5661063369140625 0.49263906249999995 0.571139634765625 0.5328125 0.601503759765625 0.415625 0.6702470458984375 0.4046875 0.682062298828125 0.3828125 0.6874328681640625 0.3671875 0.6981740068359376 0.36875 0.7067669169921875 0.3953125 0.7099892587890625 0.403125 0.715359828125 0.3921875 0.740064447265625 0.434375 0.756176154296875 0.4375 0.7636949521484375 0.4859375 0.7969924814453125 0.5015625 0.7937701396484375 0.5296875 0.7572502685546875 0.55625 0.762620837890625
0 0.4671875 0.5886143935546875 0.4671875 0.587540279296875 0.465625 0.587540279296875 0.4625 0.5853920517578125 0.4578125 0.5843179375 0.4515625 0.5843179375 0.45 0.5853920517578125 0.4453125 0.5853920517578125 0.440625 0.587540279296875 0.4390625 0.5896885068359375 0.440625 0.5972073037109376 0.4421875 0.6004296455078125 0.446875 0.6036519873046875 0.4546875 0.60580021484375 0.459375 0.60580021484375 0.4734375 0.59935553125 0.4734375 0.591836734375 0.4703125 0.59076262109375 0.4671875 0.5886143935546875
9 0.7796875 0.2975295380859375 0.7734375 0.29860365234375 0.759375 0.32116004296875 0.7578125 0.3308270673828125 0.765625 0.32867883984375 0.7828125 0.299677765625 0.7796875 0.2975295380859375
9 0.4125 0.2835660576171875 0.4140625 0.2824919443359375 0.4109375 0.2792696025390625 0.40625 0.2792696025390625 0.403125 0.2824919443359375 0.403125 0.2857142861328125 0.4015625 0.2867883994140625 0.3890625 0.3071965625 0.390625 0.309344791015625 0.3953125 0.309344791015625 0.396875 0.3082706767578125 0.4 0.302900107421875 0.4078125 0.2975295380859375 0.4125 0.287862513671875 0.4125 0.2835660576171875
9 0.30312500000000003 0.3351235234375 0.30312500000000003 0.3265306123046875 0.3015625 0.325456498046875 0.3 0.316863587890625 0.29843749999999997 0.3157894736328125 0.29843749999999997 0.3125671318359375 0.296875 0.3114930185546875 0.296875 0.30612244921875 0.29531250000000003 0.3050483349609375 0.29531250000000003 0.295381310546875 0.2921875 0.29215896875 0.2890625 0.29215896875 0.2859375 0.296455423828125 0.28750000000000003 0.29860365234375 0.28750000000000003 0.30612244921875 0.2890625 0.3071965625 0.2890625 0.3125671318359375 0.29375 0.325456498046875 0.29531250000000003 0.3265306123046875 0.29531250000000003 0.3297529541015625 0.296875 0.331901181640625 0.30312500000000003 0.3351235234375
9 0.221875 0.1331901181640625 0.2234375 0.135338345703125 0.2265625 0.135338345703125 0.2265625 0.127819548828125 0.228125 0.1267454345703125 0.2265625 0.1106337275390625 0.228125 0.10955961328125 0.228125 0.1031149306640625 0.2234375 0.098818474609375 0.221875 0.1331901181640625
9 0.0671875 0.325456498046875 0.06406250000000001 0.3480128896484375 0.0734375 0.3490870029296875 0.07968750000000001 0.3200859287109375 0.07187500000000001 0.3190118154296875 0.0671875 0.325456498046875
9 0.823484375 0.8748120302734375 0.8746875 0.8363050478515625 0.8883 0.83419763671875 0.8890546874999999 0.8283920517578125 0.883665625 0.8224854990234375 0.8757515625000001 0.8218764765625 0.8690515624999999 0.82364124609375 0.86596875 0.827343716796875 0.86596875 0.8311933408203125 0.8583562499999999 0.83447798046875 0.8239265625000001 0.8609677763671875 0.823484375 0.8748120302734375
9 0.8613687499999999 0.8209108486328125 0.8550000000000001 0.821697099609375 0.8476984375000001 0.8243265302734375 0.8446421875 0.828860365234375 0.8441906250000001 0.831224490234375 0.8261968749999999 0.8441718583984374 0.8250671875 0.8588012890625 0.8560859375000001 0.8336272822265625 0.862321875 0.833380236328125 0.8671281249999999 0.8302921591796875 0.8680484375 0.8248539208984375 0.8613687499999999 0.8209108486328125
9 0.8542484375 0.8111707841796875 0.8505078125000001 0.810799140625 0.8415171874999999 0.811502685546875 0.836684375 0.81540064453125 0.8375984375000001 0.8207089150390625 0.8277421875000001 0.8267905478515625 0.8265375 0.844481203125 0.8468249999999999 0.829135337890625 0.8492859375 0.824019333984375 0.8595437499999999 0.820535982421875 0.8599718749999999 0.814861439453125 0.8542484375 0.8111707841796875
9 0.9515625 0.7508055849609375 0.9484375 0.755102041015625 0.9484375 0.7583243828125 0.9515625 0.762620837890625 0.959375 0.7647690654296875 0.9609375 0.7636949521484375 0.965625 0.7636949521484375 0.9703125 0.75939849609375 0.96875 0.747583244140625 0.9578125 0.747583244140625 0.9515625 0.7508055849609375