3 0.7984375 0.239527390625 0.7609375 0.265306121875 0.75625 0.27282491875 0.7546875 0.2835660578125 0.7578125 0.2889366265625 0.7671875 0.294307196875 0.7921875 0.3007518796875 0.8328125 0.3007518796875 0.8484375 0.2953813109375 0.8578125 0.28571428593750003 0.8546875 0.2738990328125 0.8421875 0.2556390984375 0.83125 0.24489795937499997 0.81875 0.2373791625 0.7984375 0.239527390625
7 0.925 0.257787325 0.91875 0.29215896875 0.875 0.314715359375 0.8484375 0.334049409375 0.815625 0.34693877500000003 0.790625 0.3651987109375 0.790625 0.3727175078125 0.7984375 0.3780880765625 0.884375 0.368421053125 0.9109375 0.3555316859375 0.9671875 0.31256713281250004 0.9984375 0.3007518796875 0.9984375 0.2814178296875 0.971875 0.2706766921875 0.9625 0.2513426421875 0.9546875 0.2459720734375 0.934375 0.24489795937499997 0.925 0.257787325
11 0.7859375 0.9602577875 0.7890625 0.958109559375 0.725 0.8947368421874999 0.7125 0.8958109562500001 0.665625 0.9205155749999999 0.665625 0.9248120296875 0.715625 0.9441460796875001 0.7796875 0.9602577875 0.7859375 0.9602577875
11 0.8140625 0.9667024703125 0.8875 0.9742212671875 0.934375 0.9709989265625 0.9421875 0.967776584375 0.884375 0.899033296875 0.875 0.9022556390625001 0.796875 0.9570354453125001 0.7953125 0.9602577875 0.7984375 0.9624060156249999 0.8140625 0.9667024703125
11 0.6984375 0.8421052625 0.6984375 0.848549946875 0.7203125 0.8711063375 0.75 0.8947368421874999 0.796875 0.943071965625 0.80625 0.9462943078125001 0.8109375 0.9419978515625 0.8140625 0.92588614375 0.825 0.829215896875 0.8140625 0.8281417828125001 0.75 0.8367346937500001 0.728125 0.8356605796875 0.6984375 0.8421052625
3 0.1890625 0.7787325453125 0.1734375 0.7819548875 0.1453125 0.7830290015625 0.1328125 0.7873254562499999 0.13125 0.789473684375 0.13125 0.7937701390624999 0.1328125 0.7948442531250001 0.1375 0.7948442531250001 0.1421875 0.79699248125 0.1734375 0.80236305 0.1953125 0.7980665953125 0.2 0.7959183671875001 0.2203125 0.7948442531250001 0.2203125 0.789473684375 0.215625 0.7862513421874999 0.1890625 0.7787325453125
8 0.0890625 0.9613319015625 0.1171875 0.95488721875 0.146875 0.92588614375 0.1453125 0.91621911875 0.1328125 0.9097744359375 0.0796875 0.9108485500000001 0.05625 0.9215896890625 0.0578125 0.943071965625 0.0734375 0.9559613312499999 0.0890625 0.9613319015625
3 0.1625 0.7465091296875 0.1796875 0.7465091296875 0.1921875 0.7411385609375001 0.1921875 0.72717508125 0.159375 0.700322234375 0.14375 0.703544575 0.1296875 0.71750805625 0.1234375 0.7314715359374999 0.128125 0.73791621875 0.1625 0.7465091296875
2 0.2296875 0.700322234375 0.2375 0.700322234375 0.24375 0.696025778125 0.2453125 0.6938775515625 0.24375 0.6895810953125 0.234375 0.6895810953125 0.23125 0.690655209375 0.2265625 0.6938775515625 0.2265625 0.6970998921875 0.2296875 0.700322234375
3 0.3734375 0.7110633734375 0.371875 0.7132116 0.371875 0.7164339421875 0.3765625 0.720730396875 0.3875 0.7239527390625 0.4 0.7239527390625 0.403125 0.7218045109375 0.403125 0.7196562828124999 0.4 0.715359828125 0.3953125 0.7121374859375 0.3890625 0.709989259375 0.375 0.709989259375 0.3734375 0.7110633734375
3 0.5984375 0.808807734375 0.5921875 0.8045112781249999 0.5890625 0.8034371640625 0.5828125 0.8034371640625 0.575 0.8055853921875 0.56875 0.809881846875 0.56875 0.81632653125 0.5734375 0.8227712140625 0.5765625 0.8249194421875 0.584375 0.8249194421875 0.5859375 0.8238453281250001 0.590625 0.8238453281250001 0.59375 0.8227712140625 0.596875 0.8206229859375 0.596875 0.812030075 0.5984375 0.8109559609374999 0.5984375 0.808807734375
11 0.553125 0.8807733624999999 0.615625 0.8141783031250001 0.61875 0.8034371640625 0.6046875 0.7862513421874999 0.5484375 0.760472609375 0.5328125 0.7561761546875 0.5203125 0.7636949515625 0.490625 0.8045112781249999 0.490625 0.8109559609374999 0.553125 0.8807733624999999
2 0.3390625 0.6165413531249999 0.3328125 0.6186895812500001 0.328125 0.6219119234375 0.328125 0.6305048328125 0.33125 0.6326530609375001 0.33125 0.633727175 0.3375 0.635875403125 0.35 0.633727175 0.3546875 0.6305048328125 0.3546875 0.6229860359375 0.353125 0.620837809375 0.35 0.6186895812500001 0.34375 0.6165413531249999 0.3390625 0.6165413531249999
5 0.853125 0.5510204078125 0.834375 0.544575725 0.8203125 0.5413533828125 0.809375 0.5413533828125 0.80625 0.542427496875 0.8 0.5499462937499999 0.7984375 0.5563909781249999 0.8046875 0.561761546875 0.8140625 0.5649838890625001 0.8328125 0.5660580015625001 0.8375 0.5682062296875 0.8484375 0.5703544578125 0.859375 0.5703544578125 0.86875 0.5682062296875 0.878125 0.561761546875 0.878125 0.5563909781249999 0.871875 0.552094521875 0.853125 0.5510204078125
7 0.89375 0.4661654140625 0.8921875 0.4736842109375 0.9234375 0.512352309375 0.9375 0.5187969921875 0.953125 0.5187969921875 0.959375 0.5166487640625 0.96875 0.506981740625 0.96875 0.49194414531249997 0.9578125 0.462943071875 0.9484375 0.4586466171875 0.93125 0.4564983890625 0.9125 0.4564983890625 0.89375 0.4661654140625
3 0.6453125 0.4951664875 0.6234375 0.493018259375 0.60625 0.4865735765625 0.6 0.482277121875 0.5921875 0.48012889375 0.5796875 0.48120300781249997 0.578125 0.482277121875 0.578125 0.4865735765625 0.590625 0.5080558546875 0.596875 0.5112781953125001 0.6 0.5166487640625 0.609375 0.5209452203125 0.621875 0.5209452203125 0.625 0.51987110625 0.6375 0.5112781953125001 0.653125 0.5048335125000001 0.6515625 0.4983888296875 0.6453125 0.4951664875
11 0.56875 0.3254564984375 0.6546875 0.3447905484375 0.684375 0.3555316859375 0.6347265624999999 0.404139634375 0.7518015625000001 0.39225349062500003 0.7484375 0.3780880765625 0.7 0.250268528125 0.6703125 0.257787325 0.5578125 0.3029001078125 0.5546875 0.30612244843749997 0.56875 0.3254564984375
3 0.396875 0.31364124531250004 0.3953125 0.31149301875 0.390625 0.3104189046875 0.384375 0.3104189046875 0.371875 0.31364124531250004 0.36875 0.3157894734375 0.365625 0.3200859296875 0.3671875 0.3254564984375 0.3765625 0.3308270671875 0.3828125 0.3329752953125 0.3890625 0.3329752953125 0.3953125 0.32867884062499997 0.403125 0.3265306125 0.403125 0.3233082703125 0.4046875 0.32223415625 0.403125 0.3211600421875 0.403125 0.3179377015625 0.396875 0.31364124531250004
0 0.378125 0.364124596875 0.378125 0.37164339375 0.3828125 0.3770139640625 0.384375 0.3770139640625 0.3890625 0.3802363046875 0.39375 0.3802363046875 0.403125 0.37379162187500004 0.4046875 0.37164339375 0.4046875 0.36305048281249996 0.403125 0.36090225625 0.384375 0.3598281421875 0.378125 0.364124596875
3 0.2203125 0.2663802359375 0.228125 0.240601503125 0.225 0.2083780875 0.215625 0.210526315625 0.190625 0.2320085921875 0.1890625 0.24382384531249998 0.196875 0.257787325 0.2125 0.26745435 0.2203125 0.2663802359375
8 0.2625 0.0902255640625 0.240625 0.08378088125000001 0.221875 0.0859291078125 0.228125 0.1052631578125 0.2609375 0.11063372656249999 0.2734375 0.10848549999999998 0.275 0.100966703125 0.2625 0.0902255640625
3 0.2875 0.27175080625 0.28125 0.27497314687499996 0.2765625 0.2760472609375 0.2765625 0.277121375 0.2734375 0.27926960312500004 0.2734375 0.28249194375000003 0.278125 0.2889366265625 0.3015625 0.296455425 0.3078125 0.296455425 0.309375 0.2953813109375 0.309375 0.290010740625 0.3046875 0.2814178296875 0.296875 0.27282491875 0.29375 0.27175080625 0.2875 0.27175080625
3 0.3390625 0.25886143906250003 0.3375 0.257787325 0.3375 0.254564984375 0.334375 0.250268528125 0.3265625 0.2470461875 0.3203125 0.2470461875 0.315625 0.2481203 0.3046875 0.25241675625000004 0.3046875 0.2534908703125 0.3015625 0.2556390984375 0.3 0.25886143906250003 0.3015625 0.2631578953125 0.309375 0.265306121875 0.315625 0.2706766921875 0.3171875 0.2706766921875 0.3234375 0.2738990328125 0.3265625 0.2738990328125 0.3328125 0.27175080625 0.3328125 0.2706766921875 0.3375 0.26745435 0.3390625 0.2642320078125 0.3390625 0.25886143906250003
11 0.3125 0.36734693906250004 0.3234375 0.37056927968750003 0.4546875 0.30182599374999997 0.4671875 0.2932330828125 0.46875 0.2835660578125 0.3546875 0.21160042968749998 0.3421875 0.2083780875 0.271875 0.27282491875 0.246875 0.2889366265625 0.2453125 0.2986036515625 0.3125 0.36734693906250004
11 0.3890625 0.229860365625 0.4578125 0.27282491875 0.628125 0.2513426421875 0.575 0.22019334062499998 0.209375 0.03437164375 0.178125 0.022556390625 0.1734375 0.0300751875 0.2015625 0.1997851765625 0.2046875 0.205155746875 0.2265625 0.205155746875 0.2328125 0.21697099843749998 0.23125 0.24919441406249998 0.215625 0.28249194375000003 0.221875 0.2986036515625 0.240625 0.296455425 0.3203125 0.22019334062499998 0.340625 0.207303975 0.3890625 0.229860365625
11 0.5578125 0.3254564984375 0.521875 0.2738990328125 0.4703125 0.2932330828125 0.290625 0.398496240625 0.2828125 0.40708915156250003 0.3140625 0.4350161109375 0.48125 0.561761546875 0.6765625 0.5241675625 0.69375 0.5177228781250001 0.6234375 0.417830290625 0.510053125 0.5214940921875 0.49565312499999997 0.5322534906249999 0.4921875 0.5155746515625 0.5140625 0.32867884062499997 0.5234375 0.314715359375 0.5578125 0.3254564984375
11 0.5078125 0.3845327609375 0.4921875 0.5209452203125 0.4953125 0.5338345859375 0.665625 0.3727175078125 0.6796875 0.353383459375 0.5203125 0.3157894734375 0.5078125 0.3845327609375
3 0.4265625 0.633727175 0.4609375 0.6390977437500001 0.50625 0.614393125 0.425 0.6251342640625001 0.421875 0.6305048328125 0.4265625 0.633727175
0 0.24375 0.77765843125 0.240625 0.7787325453125 0.234375 0.7830290015625 0.2328125 0.7830290015625 0.23125 0.7873254562499999 0.2359375 0.7905477984375 0.2515625 0.7948442531250001 0.2578125 0.7948442531250001 0.259375 0.7937701390624999 0.26875 0.7937701390624999 0.278125 0.7905477984375 0.278125 0.785177228125 0.275 0.7819548875 0.2640625 0.7798066593749999 0.2578125 0.77765843125 0.24375 0.77765843125
0 0.3046875 0.785177228125 0.3 0.789473684375 0.3 0.7926960249999999 0.2984375 0.7948442531250001 0.3015625 0.7980665953125 0.3265625 0.7980665953125 0.334375 0.7937701390624999 0.3375 0.789473684375 0.3375 0.7819548875 0.33125 0.7819548875 0.3296875 0.7808807734375 0.309375 0.7808807734375 0.3046875 0.784103115625 0.3046875 0.785177228125
3 0.29375 0.660580021875 0.2875 0.6638023625 0.2859375 0.6670247046875 0.2859375 0.68850698125 0.2984375 0.7185821703124999 0.3046875 0.703544575 0.3046875 0.696025778125 0.30625 0.694951665625 0.3109375 0.6723952734374999 0.3109375 0.6648764765624999 0.309375 0.6627282484375 0.30625 0.6616541359375 0.2953125 0.6616541359375 0.29375 0.660580021875
11 0.554509375 0.6248206234375 0.5537875 0.620606875 0.5339578125000001 0.6059838890625 0.3578125 0.4693877546875 0.3390625 0.46079484375 0.3328125 0.4640171859375 0.278125 0.6176154671874999 0.27220625 0.6404350156249999 0.3100640625 0.6396906546875 0.3109375 0.670784103125 0.3078125 0.700322234375 0.302853125 0.7140451125 0.29744375 0.733625134375 0.29744375 0.7380859296875 0.3109375 0.7325456499999999 0.4640625 0.645542428125 0.4734375 0.6348012890625 0.5007890625 0.6213501609375001 0.554509375 0.6248206234375
0 0.4421875 0.690655209375 0.4421875 0.6895810953125 0.4390625 0.68850698125 0.428125 0.68850698125 0.4203125 0.6938775515625 0.4140625 0.696025778125 0.4078125 0.700322234375 0.40625 0.700322234375 0.40625 0.7067669171875 0.409375 0.7121374859375 0.4140625 0.7142857140625 0.4296875 0.7142857140625 0.4359375 0.7110633734375 0.440625 0.703544575 0.44375 0.7013963484375 0.4453125 0.69817400625 0.4453125 0.6928034375000001 0.4421875 0.690655209375
11 0.325 0.7314715359374999 0.31875 0.742212675 0.296875 0.7411385609375001 0.2953125 0.7132116 0.28125 0.6799140703125001 0.2875 0.653061225 0.24375 0.6262083781250001 0.1609375 0.69817400625 0.1703125 0.71750805625 0.159375 0.72717508125 0.1296875 0.7261009671875 0.0703125 0.77765843125 0.0734375 0.7873254562499999 0.284375 0.8796992484375 0.29375 0.8796992484375 0.31875 0.86680988125 0.459375 0.7873254562499999 0.4515625 0.774436090625 0.428125 0.759398496875 0.40625 0.7518797 0.3796875 0.72717508125 0.3578125 0.7250268531249999 0.353125 0.720730396875 0.325 0.7314715359374999
11 0.6265625 0.7948442531250001 0.77158125 0.7130096671875 0.6765625 0.6573576796875 0.5778531250000001 0.5976831359375 0.51926875 0.5661063375000001 0.4926390625 0.5711396343749999 0.5328125 0.601503759375 0.415625 0.6702470468749999 0.4046875 0.6820622984375 0.3828125 0.6874328671875001 0.3671875 0.69817400625 0.36875 0.7067669171875 0.3953125 0.709989259375 0.403125 0.715359828125 0.3921875 0.7400644468750001 0.434375 0.7561761546875 0.4375 0.7636949515625 0.4859375 0.79699248125 0.5015625 0.7937701390624999 0.5296875 0.75725026875 0.55625 0.7626208375 0.6171875 0.7948442531250001 0.6265625 0.7948442531250001
0 0.465625 0.5875402796875 0.4625 0.5853920515625 0.4578125 0.5843179375 0.4515625 0.5843179375 0.45 0.5853920515625 0.4453125 0.5853920515625 0.440625 0.5875402796875 0.4390625 0.58968850625 0.440625 0.5972073046874999 0.4421875 0.6004296453125 0.446875 0.6036519874999999 0.4546875 0.6058002140625 0.459375 0.6058002140625 0.4734375 0.59935553125 0.4734375 0.591836734375 0.4703125 0.5907626203125 0.4671875 0.58861439375 0.4671875 0.5875402796875 0.465625 0.5875402796875
9 0.759375 0.3211600421875 0.7578125 0.3308270671875 0.765625 0.32867884062499997 0.7828125 0.299677765625 0.7796875 0.2975295375 0.7734375 0.2986036515625 0.759375 0.3211600421875
9 0.4109375 0.27926960312500004 0.40625 0.27926960312500004 0.403125 0.28249194375000003 0.403125 0.28571428593750003 0.4015625 0.2867884 0.3890625 0.3071965625 0.390625 0.30934479062500003 0.3953125 0.30934479062500003 0.396875 0.30827067656249996 0.4 0.3029001078125 0.4078125 0.2975295375 0.4125 0.2878625140625 0.4125 0.2835660578125 0.4140625 0.28249194375000003 0.4109375 0.27926960312500004
9 0.3015625 0.3254564984375 0.3 0.3168635875 0.2984375 0.3157894734375 0.2984375 0.31256713281250004 0.296875 0.31149301875 0.296875 0.30612244843749997 0.2953125 0.305048334375 0.2953125 0.2953813109375 0.2921875 0.29215896875 0.2890625 0.29215896875 0.2859375 0.296455425 0.2875 0.2986036515625 0.2875 0.30612244843749997 0.2890625 0.3071965625 0.2890625 0.31256713281250004 0.29375 0.3254564984375 0.2953125 0.3265306125 0.2953125 0.32975295312499997 0.296875 0.33190118125 0.303125 0.33512352343749996 0.303125 0.3265306125 0.3015625 0.3254564984375
9 0.2265625 0.1353383453125 0.2265625 0.1278195484375 0.228125 0.12674543437500002 0.2265625 0.11063372656249999 0.228125 0.1095596140625 0.228125 0.1031149296875 0.2234375 0.09881847499999999 0.221875 0.13319011875 0.2234375 0.1353383453125 0.2265625 0.1353383453125
9 0.0734375 0.349087003125 0.0796875 0.3200859296875 0.071875 0.31901181562500003 0.0671875 0.3254564984375 0.0640625 0.3480128890625 0.0734375 0.349087003125
9 0.8883 0.8341976375 0.8890546874999999 0.8283920515625001 0.883665625 0.8224855 0.8757515625 0.8218764765625 0.8690515624999999 0.8236412453125 0.8659687500000001 0.8273437171875001 0.8659687500000001 0.831193340625 0.85835625 0.8344779812500001 0.8239265625000001 0.8609677765624999 0.8234843749999999 0.8748120296874999 0.8746875000000001 0.8363050484375 0.8883 0.8341976375
9 0.8476984375 0.82432653125 0.8446421875 0.828860365625 0.844190625 0.8312244890624999 0.826196875 0.8441718578125 0.8250671875 0.8588012890625001 0.8560859375 0.8336272828125001 0.8623218749999999 0.8333802359375 0.867128125 0.830292159375 0.8680484375 0.8248539203125 0.86136875 0.8209108484375 0.855 0.8216971 0.8476984375 0.82432653125
9 0.8415171874999999 0.8115026859375 0.836684375 0.81540064375 0.8375984375000001 0.8207089156249999 0.8277421875000001 0.8267905484375 0.8265375 0.8444812031250001 0.846825 0.8291353390625 0.8492859374999999 0.8240193343750001 0.85954375 0.8205359828125 0.8599718749999999 0.8148614390625 0.8542484375 0.811170784375 0.8505078125 0.8107991406249999 0.8415171874999999 0.8115026859375
9 0.9484375 0.7583243828125 0.9515625 0.7626208375 0.959375 0.764769065625 0.9609375 0.7636949515625 0.965625 0.7636949515625 0.9703125 0.759398496875 0.96875 0.7475832437500001 0.9578125 0.7475832437500001 0.9515625 0.7508055859375 0.9484375 0.755102040625 0.9484375 0.7583243828125