3 0.7982796708333333 0.239527390625 0.7600220958333334 0.265306121875 0.7552399 0.27282491875 0.7536458333333333 0.2835660578125 0.7568339645833333 0.2889366265625 0.7663983583333334 0.294307196875 0.7919034083333333 0.3007518796875 0.8333491166666666 0.3007518796875 0.8492897729166666 0.2953813109375 0.8588541666666667 0.28571428593750003 0.8556660354166666 0.2738990328125 0.8429135104166666 0.2556390984375 0.83175505 0.24489795937499997 0.819002525 0.2373791625 0.7982796708333333 0.239527390625
7 0.9253054520833334 0.257787325 0.91899279375 0.29215896875 0.8748041979166667 0.314715359375 0.84797540625 0.334049409375 0.8148339604166667 0.34693877500000003 0.7895833333333333 0.3651987109375 0.7895833333333333 0.3727175078125 0.7974741541666667 0.3780880765625 0.8842731833333333 0.368421053125 0.9111019729166667 0.3555316859375 0.9679158833333333 0.31256713281250004 0.9994791666666667 0.3007518796875 0.9994791666666667 0.2814178296875 0.9726503750000001 0.2706766921875 0.9631813916666666 0.2513426421875 0.9552905708333334 0.2459720734375 0.9347744354166667 0.24489795937499997 0.9253054520833334 0.257787325
11 0.7869264250000001 0.9602577875 0.7901041666666667 0.958109559375 0.72496044375 0.8947368421874999 0.7122494729166667 0.8958109562500001 0.6645833333333333 0.9205155749999999 0.6645833333333333 0.9248120296875 0.7154272145833332 0.9441460796875001 0.7805709395833333 0.9602577875 0.7869264250000001 0.9602577875
11 0.8132867916666666 0.9667024703125 0.8877659583333333 0.9742212671875 0.9353058520833333 0.9709989265625 0.9432291666666667 0.967776584375 0.88459663125 0.899033296875 0.8750886520833333 0.9022556390625001 0.7958554958333333 0.9570354453125001 0.7942708333333334 0.9602577875 0.7974401604166667 0.9624060156249999 0.8132867916666666 0.9667024703125
11 0.6973958333333333 0.8421052625 0.6973958333333333 0.848549946875 0.7196309166666667 0.8711063375 0.7498070979166667 0.8947368421874999 0.7974537041666667 0.943071965625 0.806983025 0.9462943078125001 0.8117476854166666 0.9419978515625 0.814924125 0.92588614375 0.8260416666666667 0.829215896875 0.814924125 0.8281417828125001 0.7498070979166667 0.8367346937500001 0.7275720166666667 0.8356605796875 0.6973958333333333 0.8421052625
3 0.18937317291666667 0.7787325453125 0.173382675 0.7819548875 0.14459978125 0.7830290015625 0.13180738333333333 0.7873254562499999 0.13020833333333334 0.789473684375 0.13020833333333334 0.7937701390624999 0.13180738333333333 0.7948442531250001 0.13660453125000002 0.7948442531250001 0.14140168125 0.79699248125 0.173382675 0.80236305 0.19576937083333332 0.7980665953125 0.20056652083333332 0.7959183671875001 0.22135416666666666 0.7948442531250001 0.22135416666666666 0.789473684375 0.21655701666666666 0.7862513421874999 0.18937317291666667 0.7787325453125
8 0.08877514375 0.9613319015625 0.11754669583333334 0.95488721875 0.14791666666666667 0.92588614375 0.14631824791666667 0.91621911875 0.13353089166666668 0.9097744359375 0.07918462708333333 0.9108485500000001 0.05520833333333333 0.9215896890625 0.05680675208333333 0.943071965625 0.07279094791666667 0.9559613312499999 0.08877514375 0.9613319015625
3 0.16264204583333333 0.7465091296875 0.18035037916666666 0.7465091296875 0.19322916666666667 0.7411385609375001 0.19322916666666667 0.72717508125 0.15942234791666668 0.700322234375 0.14332386458333335 0.703544575 0.12883522708333334 0.71750805625 0.12239583333333333 0.7314715359374999 0.12722537916666668 0.73791621875 0.16264204583333333 0.7465091296875
2 0.22899305625000002 0.700322234375 0.23767361041666665 0.700322234375 0.24461805625000002 0.696025778125 0.24635416666666668 0.6938775515625 0.24461805625000002 0.6895810953125 0.23420138958333334 0.6895810953125 0.23072916666666668 0.690655209375 0.22552083333333334 0.6938775515625 0.22552083333333334 0.6970998921875 0.22899305625000002 0.700322234375
3 0.3725 0.7110633734375 0.37083333333333335 0.7132116 0.37083333333333335 0.7164339421875 0.37583333333333335 0.720730396875 0.3875 0.7239527390625 0.4008333333333333 0.7239527390625 0.4041666666666667 0.7218045109375 0.4041666666666667 0.7196562828124999 0.4008333333333333 0.715359828125 0.3958333333333333 0.7121374859375 0.3891666666666667 0.709989259375 0.37416666666666665 0.709989259375 0.3725 0.7110633734375
3 0.5994791666666667 0.808807734375 0.5927905708333333 0.8045112781249999 0.5894462729166666 0.8034371640625 0.582757675 0.8034371640625 0.5743969291666667 0.8055853921875 0.5677083333333334 0.809881846875 0.5677083333333334 0.81632653125 0.57272478125 0.8227712140625 0.5760690791666666 0.8249194421875 0.5844298250000001 0.8249194421875 0.5861019729166668 0.8238453281250001 0.5911184208333334 0.8238453281250001 0.59446271875 0.8227712140625 0.5978070166666666 0.8206229859375 0.5978070166666666 0.812030075 0.5994791666666667 0.8109559609374999 0.5994791666666667 0.808807734375
11 0.55309959375 0.8807733624999999 0.6166158541666668 0.8141783031250001 0.6197916666666666 0.8034371640625 0.6055005083333334 0.7862513421874999 0.5483358749999999 0.760472609375 0.5324568083333333 0.7561761546875 0.51975355625 0.7636949515625 0.4895833333333333 0.8045112781249999 0.4895833333333333 0.8109559609374999 0.55309959375 0.8807733624999999
2 0.33887867708333336 0.6165413531249999 0.33213848125 0.6186895812500001 0.32708333333333334 0.6219119234375 0.32708333333333334 0.6305048328125 0.33045343125 0.6326530609375001 0.33045343125 0.633727175 0.3371936270833333 0.635875403125 0.35067401875000004 0.633727175 0.35572916666666665 0.6305048328125 0.35572916666666665 0.6229860359375 0.3540441166666667 0.620837809375 0.35067401875000004 0.6186895812500001 0.3439338229166667 0.6165413531249999 0.33887867708333336 0.6165413531249999
5 0.8535130729166667 0.5510204078125 0.834272875 0.544575725 0.8198427291666667 0.5413533828125 0.8086192812499999 0.5413533828125 0.80541258125 0.542427496875 0.7989991833333333 0.5499462937499999 0.7973958333333333 0.5563909781249999 0.80380923125 0.561761546875 0.8134293291666667 0.5649838890625001 0.8326695270833333 0.5660580015625001 0.837479575 0.5682062296875 0.8487030229166667 0.5703544578125 0.8599264708333333 0.5703544578125 0.86954656875 0.5682062296875 0.8791666666666667 0.561761546875 0.8791666666666667 0.5563909781249999 0.8727532687499999 0.552094521875 0.8535130729166667 0.5510204078125
7 0.89275085 0.4661654140625 0.8911458333333333 0.4736842109375 0.9232461729166667 0.512352309375 0.9376913270833334 0.5187969921875 0.9537414958333332 0.5187969921875 0.9601615645833333 0.5166487640625 0.9697916666666667 0.506981740625 0.9697916666666667 0.49194414531249997 0.9585565479166667 0.462943071875 0.9489264458333333 0.4586466171875 0.9312712583333334 0.4564983890625 0.9120110541666667 0.4564983890625 0.89275085 0.4661654140625
3 0.6461371520833333 0.4951664875 0.6236545145833333 0.493018259375 0.6059895833333333 0.4865735765625 0.5995659729166667 0.482277121875 0.5915364583333333 0.48012889375 0.5786892354166666 0.48120300781249997 0.5770833333333333 0.482277121875 0.5770833333333333 0.4865735765625 0.58993055625 0.5080558546875 0.5963541666666666 0.5112781953125001 0.5995659729166667 0.5166487640625 0.6092013895833334 0.5209452203125 0.6220486104166666 0.5209452203125 0.6252604166666667 0.51987110625 0.6381076395833334 0.5112781953125001 0.6541666666666667 0.5048335125000001 0.6525607645833333 0.4983888296875 0.6461371520833333 0.4951664875
11 0.5678569625000001 0.3254564984375 0.65470275 0.3447905484375 0.6847040229166667 0.3555316859375 0.63453084375 0.404139634375 0.7528432291666667 0.39225349062500003 0.7494436104166666 0.3780880765625 0.7004941666666666 0.250268528125 0.67049289375 0.257787325 0.5568038625 0.3029001078125 0.5536458333333333 0.30612244843749997 0.5678569625000001 0.3254564984375
3 0.3975 0.31364124531250004 0.3958541666666667 0.31149301875 0.39091666666666663 0.3104189046875 0.3843333333333333 0.3104189046875 0.37116666666666664 0.31364124531250004 0.367875 0.3157894734375 0.3645833333333333 0.3200859296875 0.36622916666666666 0.3254564984375 0.3761041666666667 0.3308270671875 0.3826875 0.3329752953125 0.38927083333333334 0.3329752953125 0.3958541666666667 0.32867884062499997 0.40408333333333335 0.3265306125 0.40408333333333335 0.3233082703125 0.40572916666666664 0.32223415625 0.40408333333333335 0.3211600421875 0.40408333333333335 0.3179377015625 0.3975 0.31364124531250004
0 0.3770833333333333 0.364124596875 0.3770833333333333 0.37164339375 0.38213848125 0.3770139640625 0.3838235291666667 0.3770139640625 0.38887867708333335 0.3802363046875 0.3939338229166667 0.3802363046875 0.4040441166666667 0.37379162187500004 0.40572916666666664 0.37164339375 0.40572916666666664 0.36305048281249996 0.4040441166666667 0.36090225625 0.3838235291666667 0.3598281421875 0.3770833333333333 0.364124596875
3 0.22093749999999998 0.2663802359375 0.22916666666666666 0.240601503125 0.225875 0.2083780875 0.21600000000000003 0.210526315625 0.18966666666666668 0.2320085921875 0.18802083333333333 0.24382384531249998 0.19625 0.257787325 0.21270833333333333 0.26745435 0.22093749999999998 0.2663802359375
8 0.26305147083333336 0.0902255640625 0.24031862708333335 0.08378088125000001 0.22083333333333333 0.0859291078125 0.22732843125000002 0.1052631578125 0.2614276958333333 0.11063372656249999 0.27441789166666664 0.10848549999999998 0.2760416666666667 0.100966703125 0.26305147083333336 0.0902255640625
3 0.28727355 0.27175080625 0.28066123125 0.27497314687499996 0.27570199375000004 0.2760472609375 0.27570199375000004 0.277121375 0.27239583333333334 0.27926960312500004 0.27239583333333334 0.28249194375000003 0.27735507291666667 0.2889366265625 0.30215126875000003 0.296455425 0.3087635875 0.296455425 0.3104166666666667 0.2953813109375 0.3104166666666667 0.290010740625 0.30545742708333334 0.2814178296875 0.29719202916666665 0.27282491875 0.29388586875 0.27175080625 0.28727355 0.27175080625
3 0.34010416666666665 0.25886143906250003 0.33845833333333336 0.257787325 0.33845833333333336 0.254564984375 0.33516666666666667 0.250268528125 0.3269375 0.2470461875 0.32035416666666666 0.2470461875 0.3154166666666667 0.2481203 0.30389583333333337 0.25241675625000004 0.30389583333333337 0.2534908703125 0.3006041666666667 0.2556390984375 0.2989583333333333 0.25886143906250003 0.3006041666666667 0.2631578953125 0.30883333333333335 0.265306121875 0.3154166666666667 0.2706766921875 0.31706249999999997 0.2706766921875 0.3236458333333333 0.2738990328125 0.3269375 0.2738990328125 0.3335208333333333 0.27175080625 0.3335208333333333 0.2706766921875 0.33845833333333336 0.26745435 0.34010416666666665 0.2642320078125 0.34010416666666665 0.25886143906250003
11 0.31208478958333336 0.36734693906250004 0.32312427083333334 0.37056927968750003 0.45559804791666664 0.30182599374999997 0.4682145979166667 0.2932330828125 0.46979166666666666 0.2835660578125 0.3546656458333333 0.21160042968749998 0.34204909583333337 0.2083780875 0.2710810020833333 0.27282491875 0.24584790208333332 0.2889366265625 0.24427083333333333 0.2986036515625 0.31208478958333336 0.36734693906250004
11 0.38900880625 0.229860365625 0.4580738125 0.27282491875 0.6291666666666667 0.2513426421875 0.5757982541666667 0.22019334062499998 0.20849799583333334 0.03437164375 0.17710481041666667 0.022556390625 0.17239583333333333 0.0300751875 0.20064970000000001 0.1997851765625 0.20378901875000002 0.205155746875 0.22576424583333335 0.205155746875 0.23204288333333334 0.21697099843749998 0.230473225 0.24919441406249998 0.21477663333333333 0.28249194375000003 0.22105526874999998 0.2986036515625 0.23989117916666666 0.296455425 0.3199438 0.22019334062499998 0.34034937083333333 0.207303975 0.38900880625 0.229860365625
11 0.5581650041666666 0.3254564984375 0.5220453104166667 0.2738990328125 0.4702214041666667 0.2932330828125 0.28962293958333335 0.398496240625 0.28177083333333336 0.40708915156250003 0.3131792625 0.4350161109375 0.48121435416666664 0.561761546875 0.67751703125 0.5241675625 0.6947916666666667 0.5177228781250001 0.6241227020833333 0.417830290625 0.5101635020833333 0.5214940921875 0.4956904979166667 0.5322534906249999 0.49220730416666664 0.5155746515625 0.5141932041666667 0.32867884062499997 0.52361573125 0.314715359375 0.5581650041666666 0.3254564984375
11 0.50694444375 0.3845327609375 0.49114583333333334 0.5209452203125 0.49430555625 0.5338345859375 0.6665104166666667 0.3727175078125 0.6807291666666667 0.353383459375 0.5195833333333334 0.3157894734375 0.50694444375 0.3845327609375
3 0.425636575 0.633727175 0.46086033958333333 0.6390977437500001 0.5072916666666667 0.614393125 0.42403549375 0.6251342640625001 0.42083333333333334 0.6305048328125 0.425636575 0.633727175
0 0.24326388958333334 0.77765843125 0.24000000000000002 0.7787325453125 0.23347222291666667 0.7830290015625 0.23184027708333332 0.7830290015625 0.23020833333333332 0.7873254562499999 0.23510416666666664 0.7905477984375 0.25142361041666667 0.7948442531250001 0.2579513895833333 0.7948442531250001 0.25958333333333333 0.7937701390624999 0.26937500000000003 0.7937701390624999 0.2791666666666667 0.7905477984375 0.2791666666666667 0.785177228125 0.27590277708333333 0.7819548875 0.26447916666666665 0.7798066593749999 0.2579513895833333 0.77765843125 0.24326388958333334 0.77765843125
0 0.30397916666666663 0.785177228125 0.29904166666666665 0.789473684375 0.29904166666666665 0.7926960249999999 0.29739583333333336 0.7948442531250001 0.30068750000000005 0.7980665953125 0.3270208333333333 0.7980665953125 0.33525 0.7937701390624999 0.3385416666666667 0.789473684375 0.3385416666666667 0.7819548875 0.33195833333333336 0.7819548875 0.3303125 0.7808807734375 0.3089166666666667 0.7808807734375 0.30397916666666663 0.784103115625 0.30397916666666663 0.785177228125
3 0.293359375 0.660580021875 0.28658854166666664 0.6638023625 0.28489583333333335 0.6670247046875 0.28489583333333335 0.68850698125 0.2984375 0.7185821703124999 0.30520833333333336 0.703544575 0.30520833333333336 0.696025778125 0.30690104166666665 0.694951665625 0.31197916666666664 0.6723952734374999 0.31197916666666664 0.6648764765624999 0.31028645833333335 0.6627282484375 0.30690104166666665 0.6616541359375 0.2950520833333333 0.6616541359375 0.293359375 0.660580021875
11 0.5555510416666666 0.6248206234375 0.5548238395833334 0.620606875 0.5348478125 0.6059838890625 0.35740258750000004 0.4693877546875 0.3385142166666667 0.46079484375 0.33221809375 0.4640171859375 0.2771270125 0.6176154671874999 0.2711645833333333 0.6404350156249999 0.30930177708333334 0.6396906546875 0.3101816604166666 0.670784103125 0.30703359999999996 0.700322234375 0.302037625 0.7140451125 0.29658833125 0.733625134375 0.29658833125 0.7380859296875 0.3101816604166666 0.7325456499999999 0.46443668958333334 0.645542428125 0.473880875 0.6348012890625 0.5014342854166667 0.6213501609375001 0.5555510416666666 0.6248206234375
0 0.44306249999999997 0.690655209375 0.44306249999999997 0.6895810953125 0.43977083333333333 0.68850698125 0.42825 0.68850698125 0.42002083333333334 0.6938775515625 0.41343749999999996 0.696025778125 0.40685416666666663 0.700322234375 0.40520833333333334 0.700322234375 0.40520833333333334 0.7067669171875 0.40850000000000003 0.7121374859375 0.41343749999999996 0.7142857140625 0.4298958333333333 0.7142857140625 0.43647916666666664 0.7110633734375 0.4414166666666667 0.703544575 0.44470833333333337 0.7013963484375 0.44635416666666666 0.69817400625 0.44635416666666666 0.6928034375000001 0.44306249999999997 0.690655209375
11 0.32532212083333334 0.7314715359374999 0.31903865416666666 0.742212675 0.29704651875 0.7411385609375001 0.2954756520833334 0.7132116 0.28133785208333334 0.6799140703125001 0.28762131875 0.653061225 0.24363704791666668 0.6262083781250001 0.16038110833333336 0.69817400625 0.16980630833333335 0.71750805625 0.15881024166666666 0.72717508125 0.12896377083333335 0.7261009671875 0.06927083333333334 0.77765843125 0.07241256666666666 0.7873254562499999 0.2844795854166666 0.8796992484375 0.29390478541666665 0.8796992484375 0.31903865416666666 0.86680988125 0.46041666666666664 0.7873254562499999 0.45256233333333334 0.774436090625 0.42899933125 0.759398496875 0.40700719583333334 0.7518797 0.3803024604166667 0.72717508125 0.358310325 0.7250268531249999 0.35359772500000003 0.720730396875 0.32532212083333334 0.7314715359374999
11 0.6268570666666666 0.7948442531250001 0.7726229166666666 0.7130096671875 0.6771146541666667 0.6573576796875 0.5778967541666666 0.5976831359375 0.5190105666666667 0.5661063375000001 0.49224368958333337 0.5711396343749999 0.5326240916666667 0.601503759375 0.4148328708333333 0.6702470468749999 0.4038390229166666 0.6820622984375 0.38185132916666664 0.6874328671875001 0.36614583333333334 0.69817400625 0.36771638333333334 0.7067669171875 0.39441572708333333 0.709989259375 0.40226847499999996 0.715359828125 0.3912746270833333 0.7400644468750001 0.4336794666666667 0.7561761546875 0.4368205645833333 0.7636949515625 0.4855076020833333 0.79699248125 0.5012131 0.7937701390624999 0.5294829916666667 0.75725026875 0.5561823354166666 0.7626208375 0.61743376875 0.7948442531250001 0.6268570666666666 0.7948442531250001
0 0.46619318125000003 0.5875402796875 0.4628787875 0.5853920515625 0.4579071979166667 0.5843179375 0.4512784083333334 0.5843179375 0.44962121250000003 0.5853920515625 0.4446496208333333 0.5853920515625 0.43967803125 0.5875402796875 0.43802083333333336 0.58968850625 0.43967803125 0.5972073046874999 0.44133522708333334 0.6004296453125 0.44630681875 0.6036519874999999 0.4545928020833333 0.6058002140625 0.45956439375 0.6058002140625 0.4744791666666667 0.59935553125 0.4744791666666667 0.591836734375 0.47116477291666664 0.5907626203125 0.46785037916666666 0.58861439375 0.46785037916666666 0.5875402796875 0.46619318125000003 0.5875402796875
9 0.7584635416666666 0.3211600421875 0.7567708333333333 0.3308270671875 0.765234375 0.32867884062499997 0.7838541666666666 0.299677765625 0.78046875 0.2975295375 0.7736979166666667 0.2986036515625 0.7584635416666666 0.3211600421875
9 0.41171875 0.27926960312500004 0.406640625 0.27926960312500004 0.40325520833333334 0.28249194375000003 0.40325520833333334 0.28571428593750003 0.4015625 0.2867884 0.3880208333333333 0.3071965625 0.38971354166666666 0.30934479062500003 0.39479166666666665 0.30934479062500003 0.396484375 0.30827067656249996 0.39986979166666664 0.3029001078125 0.4083333333333333 0.2975295375 0.4134114583333333 0.2878625140625 0.4134114583333333 0.2835660578125 0.41510416666666666 0.28249194375000003 0.41171875 0.27926960312500004
9 0.30241477291666663 0.3254564984375 0.3006628791666667 0.3168635875 0.29891098541666666 0.3157894734375 0.29891098541666666 0.31256713281250004 0.29715909166666665 0.31149301875 0.29715909166666665 0.30612244843749997 0.2954071979166667 0.305048334375 0.2954071979166667 0.2953813109375 0.29190340833333334 0.29215896875 0.2883996208333333 0.29215896875 0.28489583333333335 0.296455425 0.28664772708333336 0.2986036515625 0.28664772708333336 0.30612244843749997 0.2883996208333333 0.3071965625 0.2883996208333333 0.31256713281250004 0.29365530208333335 0.3254564984375 0.2954071979166667 0.3265306125 0.2954071979166667 0.32975295312499997 0.29715909166666665 0.33190118125 0.30416666666666664 0.33512352343749996 0.30416666666666664 0.3265306125 0.30241477291666663 0.3254564984375
9 0.22708333333333333 0.1353383453125 0.22708333333333333 0.1278195484375 0.22916666666666666 0.12674543437500002 0.22708333333333333 0.11063372656249999 0.22916666666666666 0.1095596140625 0.22916666666666666 0.1031149296875 0.22291666666666668 0.09881847499999999 0.22083333333333333 0.13319011875 0.22291666666666668 0.1353383453125 0.22708333333333333 0.1353383453125
9 0.07364583333333334 0.349087003125 0.08072916666666667 0.3200859296875 0.071875 0.31901181562500003 0.0665625 0.3254564984375 0.06302083333333333 0.3480128890625 0.07364583333333334 0.349087003125
9 0.8893176875000001 0.8341976375 0.8900963541666667 0.8283920515625001 0.8845360666666667 0.8224855 0.87637055625 0.8218764765625 0.8694576791666666 0.8236412453125 0.86627691875 0.8273437171875001 0.86627691875 0.831193340625 0.85842255 0.8344779812500001 0.8228989458333333 0.8609677765624999 0.8224427083333333 0.8748120296874999 0.8752726854166667 0.8363050484375 0.8893176875000001 0.8341976375
9 0.847753725 0.82432653125 0.8445493354166668 0.828860365625 0.8440758854166667 0.8312244890624999 0.8252099645833333 0.8441718578125 0.8240255208333332 0.8588012890625001 0.8565477729166666 0.8336272828125001 0.8630859708333334 0.8333802359375 0.8681251833333333 0.830292159375 0.8690901041666667 0.8248539203125 0.8620866479166666 0.8209108484375 0.8554092 0.8216971 0.847753725 0.82432653125
9 0.8414089229166667 0.8115026859375 0.8362749708333334 0.81540064375 0.8372459895833334 0.8207089156249999 0.8267755854166666 0.8267905484375 0.8254958333333333 0.8444812031250001 0.8470474708333333 0.8291353390625 0.8496617520833334 0.8240193343750001 0.8605587395833333 0.8205359828125 0.8610135416666667 0.8148614390625 0.8549334708333334 0.811170784375 0.8509597625 0.8107991406249999 0.8414089229166667 0.8115026859375
9 0.9473958333333333 0.7583243828125 0.9508184520833333 0.7626208375 0.959375 0.764769065625 0.9610863104166667 0.7636949515625 0.9662202375 0.7636949515625 0.9713541666666666 0.759398496875 0.9696428562499999 0.7475832437500001 0.9576636895833333 0.7475832437500001 0.9508184520833333 0.7508055859375 0.9473958333333333 0.755102040625 0.9473958333333333 0.7583243828125