5 0.654 0.2326642333984375 0.65 0.2472627734375 0.6546666670918366 0.2454379560546875 0.6886666670918368 0.2582116787109375 0.7113333329081633 0.2071167880859375 0.714 0.192518248046875 0.7133333329081633 0.1715328466796875 0.7066666670918367 0.16605839453125 0.7 0.16605839453125 0.6853333329081632 0.1751824814453125 0.654 0.2326642333984375
5 0.642 0.3184306572265625 0.646 0.3211678828125 0.6546666670918366 0.320255474609375 0.6693333329081633 0.3065693427734375 0.68 0.2837591240234375 0.6786666670918367 0.2810218974609375 0.6413333329081633 0.281934306640625 0.6406666670918367 0.3120437958984375 0.642 0.3184306572265625
8 0.6586666670918367 0.6815693427734375 0.646 0.6614963505859375 0.63 0.6459854013671875 0.616 0.6386861318359375 0.6006666670918367 0.6359489052734375 0.5740000000000001 0.6779197080078125 0.5733333329081632 0.705291970703125 0.578 0.7317518251953125 0.5873333329081633 0.7527372265625 0.6026666670918367 0.766423357421875 0.6186666670918367 0.7682481748046875 0.634 0.7618613134765625 0.6473333329081633 0.7472627734375 0.6559999999999999 0.7290145986328125 0.6613333329081632 0.7071167880859375 0.6586666670918367 0.6815693427734375
5 0.148 0.302007298828125 0.13533333290816327 0.2965328466796875 0.10866666709183673 0.2956204375 0.10733333290816327 0.302007298828125 0.10933333290816326 0.3065693427734375 0.13333333290816327 0.33667883203125 0.14933333290816325 0.36496350390625 0.15266666709183674 0.36496350390625 0.15333333290816328 0.346715328125 0.16533333290816327 0.3412408759765625 0.16399999999999998 0.3266423359375 0.15666666709183674 0.31113138671875 0.148 0.302007298828125
8 0.7246666670918368 0.77281021875 0.708 0.8120437958984374 0.7 0.81660583984375 0.6906666670918368 0.810218978515625 0.6846666670918368 0.810218978515625 0.6853333329081632 0.8257299267578125 0.6946666670918367 0.84215328515625 0.7106666670918368 0.85948905078125 0.72 0.8631386865234375 0.7273333329081633 0.858576642578125 0.736 0.845802919921875 0.742 0.823905109375 0.7386666670918368 0.791970802734375 0.7313333329081633 0.7773722626953125 0.7246666670918368 0.77281021875
5 0.8799999999999999 0.218065693359375 0.858 0.2354014599609375 0.8413333329081633 0.2582116787109375 0.8280000000000001 0.2928832119140625 0.8119999999999999 0.3695255478515625 0.8113333329081632 0.3804744521484375 0.8173333329081633 0.3932481748046875 0.8246666670918368 0.3987226279296875 0.834 0.3950729931640625 0.8653333329081633 0.31386861328125 0.9 0.2509124091796875 0.9033333329081633 0.22718978125 0.8993333329081632 0.2198905107421875 0.8926666670918368 0.2162408759765625 0.8799999999999999 0.218065693359375
2 0.2886666670918367 0.6177007294921875 0.28400000000000003 0.61222627734375 0.27599999999999997 0.6167883212890625 0.27599999999999997 0.625 0.28666666709183675 0.6359489052734375 0.29000000000000004 0.628649634765625 0.2886666670918367 0.6177007294921875
2 0.236 0.5620437958984374 0.23733333290816327 0.5748175185546875 0.248 0.5720802919921875 0.24866666709183674 0.5656934306640625 0.24533333290816325 0.560218978515625 0.236 0.5620437958984374
2 0.20199999999999999 0.521897810546875 0.20733333290816325 0.5182481748046875 0.20733333290816325 0.51003649609375 0.20466666709183673 0.506386861328125 0.19066666709183672 0.5054744521484374 0.19066666709183672 0.51277372265625 0.19466666709183672 0.5200729931640625 0.20199999999999999 0.521897810546875
0 0.232 0.46441605859375 0.236 0.45894160546875 0.23666666709183676 0.4498175185546875 0.22866666709183672 0.435218978515625 0.222 0.43886861328125 0.222 0.448905109375 0.228 0.4625912412109375 0.232 0.46441605859375
2 0.252 0.414233576171875 0.2586666670918367 0.41058394140625 0.258 0.4005474453125 0.2526666670918367 0.3923357666015625 0.246 0.396897810546875 0.24533333290816325 0.4060218974609375 0.24866666709183674 0.4114963505859375 0.252 0.414233576171875
4 0.8893333329081633 0.7554744521484374 0.8886666670918367 0.73996350390625 0.8813333329081633 0.7354014599609375 0.872 0.7454379560546875 0.8626666670918367 0.75 0.8426666670918367 0.7509124091796875 0.8166666670918367 0.769160583984375 0.8126666670918368 0.7746350361328125 0.8126666670918368 0.7801094892578125 0.8153333329081632 0.789233576171875 0.8213333329081633 0.7965328466796875 0.8513333329081633 0.8029197080078125 0.8673333329081633 0.802007298828125 0.872 0.7992700732421875 0.8786666670918368 0.7864963505859375 0.8833333329081632 0.766423357421875 0.8893333329081633 0.7554744521484374
4 0.8180000000000001 0.7965328466796875 0.8026666670918368 0.8065693427734375 0.7833333329081632 0.8284671533203125 0.7826666670918367 0.83394160546875 0.7906666670918368 0.858576642578125 0.8053333329081633 0.8695255478515626 0.8140000000000001 0.8667883212890625 0.822 0.8540145986328125 0.8386666670918368 0.8448905107421875 0.8426666670918367 0.8348540146484374 0.838 0.81386861328125 0.8313333329081634 0.804744525390625 0.8180000000000001 0.7965328466796875
4 0.8839486670918367 0.9079151455078125 0.873282 0.876893248046875 0.849282 0.84769616796875 0.839282 0.8467837587890625 0.8259486670918368 0.8787180654296874 0.825282 0.8969662412109375 0.833282 0.9070027373046875 0.8839486670918367 0.9079151455078125
0 0.7046666670918367 0.6742700732421875 0.7093333329081632 0.6742700732421875 0.7206666670918367 0.66332116796875 0.7186666670918367 0.654197080078125 0.7113333329081633 0.6496350361328125 0.7046666670918367 0.6487226279296875 0.6966666670918368 0.6560218974609375 0.696 0.664233576171875 0.7046666670918367 0.6742700732421875
0 0.7566666670918367 0.480839416015625 0.7546666670918368 0.4762773720703125 0.736 0.4826642333984375 0.7353333329081633 0.48996350390625 0.7386666670918368 0.493613138671875 0.75 0.4945255478515625 0.7566666670918367 0.480839416015625
5 0.8613333329081633 0.4507299267578125 0.8513333329081633 0.4498175185546875 0.8373333329081633 0.4562043798828125 0.8286666670918368 0.465328466796875 0.8273333329081632 0.4726277373046875 0.838 0.4927007294921875 0.8446666670918367 0.5136861318359375 0.848 0.5173357666015626 0.8526666670918368 0.516423357421875 0.858 0.5045620439453125 0.862 0.478102189453125 0.8706666670918367 0.4662408759765625 0.8700000000000001 0.458029197265625 0.8613333329081633 0.4507299267578125
5 0.9233333329081632 0.618613138671875 0.92945 0.6356943427734375 0.9402066670918368 0.6417162412109375 0.949496 0.65376094921875 0.9538966670918368 0.6644680654296875 0.9543853329081633 0.6704899638671875 0.9565436760204082 0.67295180078125 0.9706666670918367 0.6624087587890625 0.976 0.653284671875 0.9746666670918368 0.6423357666015626 0.9393333329081632 0.6067518251953125 0.9273333329081632 0.60948905078125 0.9233333329081632 0.618613138671875
3 0.632 0.1222627734375 0.628 0.1514598544921875 0.634 0.1624087587890625 0.644 0.166970802734375 0.6553333329081633 0.16605839453125 0.6706666670918368 0.153284671875 0.6699999999999999 0.144160583984375 0.6553333329081633 0.1322992705078125 0.646 0.1131386865234375 0.6393333329081632 0.1131386865234375 0.632 0.1222627734375
7 0.9566666670918367 0.0456204375 0.9553333329081632 0.057481751953125 0.9586666670918367 0.072992701171875 0.964 0.0912408759765625 0.97 0.096715328125 0.9753333329081633 0.0720802919921875 0.99 0.03284671484375 0.9866666670918367 0.028284671875 0.9820000000000001 0.028284671875 0.9660000000000001 0.0364963505859375 0.9566666670918367 0.0456204375
2 0.5146666670918367 0.740875912109375 0.51 0.7363138681640625 0.498 0.740875912109375 0.498 0.7454379560546875 0.5066666670918367 0.7527372265625 0.5153333329081633 0.7472627734375 0.5146666670918367 0.740875912109375
3 0.026 0.5711678828125 0.046 0.5748175185546875 0.06066666709183673 0.59215328515625 0.06466666709183673 0.59215328515625 0.06933333290816326 0.58667883203125 0.074 0.5684306572265625 0.06933333290816326 0.544708029296875 0.06266666709183674 0.539233576171875 0.024666667091836736 0.56113138671875 0.026 0.5711678828125
9 0.118 0.89051094921875 0.124 0.903284671875 0.13133333290816326 0.9005474453125 0.14533333290816328 0.88777372265625 0.13733333290816327 0.858576642578125 0.13333333290816327 0.858576642578125 0.116 0.871350365234375 0.11533333290816328 0.8795620439453125 0.118 0.89051094921875
9 0.7186666670918367 0.8640510947265625 0.6966666670918368 0.846715328125 0.6933333329081633 0.8485401455078125 0.6933333329081633 0.88777372265625 0.6993333329081632 0.8923357666015626 0.7180000000000001 0.89051094921875 0.7186666670918367 0.8640510947265625
9 0.792 0.865875912109375 0.7813333329081633 0.8375912412109375 0.7546666670918368 0.8549270068359375 0.754 0.85948905078125 0.7653333329081633 0.8859489052734375 0.7893333329081632 0.8704379560546875 0.792 0.865875912109375