5 0.6528871520833334 0.24543795624999998 0.6891006937499999 0.258211678125 0.7132430562500001 0.2071167890625 0.7160833333333334 0.1925182484375 0.7153732645833333 0.17153284687499998 0.7082725687500001 0.16605839375 0.701171875 0.16605839375 0.6855503479166667 0.17518248125 0.6521770833333334 0.2326642328125 0.6479166666666667 0.2472627734375 0.6528871520833334 0.24543795624999998
5 0.6540663833333333 0.320255475 0.6702867229166666 0.30656934375 0.6820833333333333 0.2837591234375 0.6806087562500001 0.28102189843750003 0.6393206208333333 0.28193430625000004 0.6385833333333333 0.31204379531250004 0.6400579104166667 0.31843065625 0.6444816375 0.3211678828125 0.6540663833333333 0.320255475
8 0.6305997479166667 0.6459854015625 0.61593686875 0.63868613125 0.599877525 0.6359489046875 0.5719482333333333 0.6779197078125 0.5712499999999999 0.7052919703125 0.5761376270833334 0.731751825 0.5859128791666667 0.7527372265625 0.6019722229166666 0.7664233578124999 0.6187297979166666 0.768248175 0.6347891416666667 0.7618613140625 0.6487537875 0.7472627734375 0.6578308083333333 0.7290145984375 0.6634166666666667 0.7071167890625001 0.6606237375 0.68156934375 0.6473573229166667 0.66149635 0.6305997479166667 0.6459854015625
5 0.10667911875 0.2956204375 0.10525000000000001 0.3020073 0.10739367916666667 0.30656934375 0.13311781666666667 0.3366788328125 0.15026724166666666 0.364963503125 0.1538400375 0.364963503125 0.15455459791666665 0.346715328125 0.16741666666666666 0.3412408765625 0.16598754791666667 0.32664233593750003 0.15812739375 0.3111313875 0.14883812291666668 0.3020073 0.13526149375 0.29653284687500003 0.10667911875 0.2956204375
8 0.6990310083333333 0.8166058390625001 0.6890193791666667 0.8102189781250001 0.6825833333333333 0.8102189781250001 0.68329845 0.8257299265625001 0.6933100770833334 0.842153284375 0.7104728687499999 0.8594890515625 0.7204844958333333 0.8631386859375001 0.7283507749999999 0.8585766421875001 0.7376472875 0.8458029203124999 0.7440833333333334 0.8239051093749999 0.7405077520833333 0.791970803125 0.7326414729166667 0.7773722625 0.7254903104166667 0.77281021875 0.7076124020833333 0.8120437953125 0.6990310083333333 0.8166058390625001
5 0.8406086958333333 0.258211678125 0.8266714979166667 0.2928832109375 0.8099468604166666 0.369525546875 0.80925 0.380474453125 0.8155217395833334 0.393248175 0.8231871979166667 0.398722628125 0.8329432375 0.39507299218749997 0.8656956520833333 0.3138686125 0.9019323666666667 0.25091240937500003 0.9054166666666668 0.22718978124999997 0.90123550625 0.2198905109375 0.8942669083333333 0.2162408765625 0.8810265708333334 0.21806569374999998 0.85803019375 0.235401459375 0.8406086958333333 0.258211678125
2 0.27391666666666664 0.616788321875 0.27391666666666664 0.625 0.2877579375 0.6359489046875 0.2920833333333333 0.628649634375 0.290353175 0.6177007296875 0.28429761875000004 0.612226278125 0.27391666666666664 0.616788321875
2 0.24986403541666666 0.5720802921875 0.25075 0.5656934312499999 0.246320175 0.560218978125 0.23391666666666666 0.5620437953125 0.23568859583333335 0.57481751875 0.24986403541666666 0.5720802921875
2 0.20941666666666667 0.510036496875 0.20608333333333334 0.5063868609375 0.18858333333333333 0.505474453125 0.18858333333333333 0.512773721875 0.19358333333333333 0.5200729921875 0.20274999999999999 0.5218978109375 0.20941666666666667 0.518248175 0.20941666666666667 0.510036496875
0 0.23875 0.44981751875000003 0.22847727291666667 0.435218978125 0.21991666666666668 0.43886861250000003 0.21991666666666668 0.44890510937499994 0.2276212125 0.462591240625 0.232757575 0.46441605781249995 0.23789393958333335 0.45894160624999997 0.23875 0.44981751875000003
2 0.25987499999999997 0.40054744531250003 0.252875 0.39233576718749996 0.244125 0.3968978109375 0.24325000000000002 0.40602189843750003 0.247625 0.41149635 0.252 0.4142335765625 0.26075 0.41058394218750005 0.25987499999999997 0.40054744531250003
4 0.8829818833333333 0.735401459375 0.8731413041666667 0.74543795625 0.863300725 0.75 0.84221376875 0.7509124093749999 0.814800725 0.769160584375 0.8105833333333333 0.7746350359374999 0.8105833333333333 0.7801094890625 0.8133949270833334 0.7892335765625 0.8197210145833334 0.796532846875 0.8513514499999999 0.8029197078125 0.8682210145833333 0.8020073 0.8731413041666667 0.7992700734375 0.8801702895833333 0.78649635 0.8850905791666667 0.7664233578124999 0.8914166666666666 0.755474453125 0.8907137687500001 0.739963503125 0.8829818833333333 0.735401459375
4 0.7812962958333334 0.828467153125 0.7805833333333333 0.83394160625 0.7891388895833333 0.8585766421875001 0.8048240750000001 0.869525546875 0.8140925916666667 0.8667883218749999 0.8226481479166666 0.8540145984375 0.8404722229166667 0.8448905109375 0.84475 0.8348540140624999 0.8397592583333334 0.8138686125 0.8326296291666666 0.804744525 0.8183703708333333 0.796532846875 0.8019722229166667 0.80656934375 0.7812962958333334 0.828467153125
4 0.8489032125 0.8476961671875 0.8381929854166666 0.846783759375 0.8239126812500001 0.878718065625 0.8231986666666666 0.8969662406250001 0.8317668479166667 0.9070027375 0.886032 0.9079151453125001 0.8746077583333334 0.8768932484375 0.8489032125 0.8476961671875
0 0.72275 0.6633211671875 0.7204121625000001 0.6541970796875 0.7118400895833333 0.6496350359374999 0.7040472979166666 0.648722628125 0.6946959458333333 0.6560218984375 0.6939166666666666 0.6642335765625 0.7040472979166666 0.6742700734375 0.7095022520833333 0.6742700734375 0.72275 0.6633211671875
0 0.734046875 0.4826642328125 0.73325 0.489963503125 0.737234375 0.49361313906250004 0.75078125 0.494525546875 0.7587499999999999 0.48083941562500004 0.7563593750000001 0.476277371875 0.734046875 0.4826642328125
5 0.8362115375 0.4562043796875 0.8267115374999999 0.46532846718750004 0.82525 0.4726277375 0.8369423083333333 0.4927007296875 0.8442500000000001 0.51368613125 0.8479038458333333 0.5173357671875001 0.85301923125 0.5164233578124999 0.8588653854166667 0.50456204375 0.8632500000000001 0.4781021890625 0.87275 0.4662408765625 0.87201923125 0.458029196875 0.86251923125 0.4507299265625 0.8515576916666666 0.44981751875000003 0.8362115375 0.4562043796875
5 0.9394582479166667 0.641716240625 0.9494824979166666 0.6537609484375 0.95423131875 0.664468065625 0.9547586458333334 0.6704899640625 0.9570877416666667 0.6729518015625 0.9723280583333334 0.662408759375 0.9780833333333334 0.6532846718750001 0.9766445145833333 0.6423357671875001 0.9385158229166667 0.606751825 0.92556645625 0.6094890515625 0.92125 0.6186131390625 0.9278505791666666 0.63569434375 0.9394582479166667 0.641716240625
3 0.6325026041666667 0.162408759375 0.6434791666666667 0.16697080312499998 0.6559192708333333 0.16605839375 0.6727500000000001 0.153284671875 0.6720182291666668 0.14416058437499998 0.6559192708333333 0.1322992703125 0.6456744791666666 0.11313868593750001 0.6383567708333333 0.11313868593750001 0.6303072916666667 0.1222627734375 0.6259166666666667 0.1514598546875 0.6325026041666667 0.162408759375
7 0.956983975 0.0729927 0.9629583333333334 0.09124087656249999 0.9696794875 0.096715328125 0.9756538458333334 0.07208029218749999 0.9920833333333333 0.032846715625 0.9883493583333334 0.028284671875 0.9831217958333334 0.028284671875 0.9651987187500001 0.03649635 0.9547435895833334 0.0456204375 0.95325 0.0574817515625 0.956983975 0.0729927
2 0.4959166666666667 0.7408759125 0.4959166666666667 0.74543795625 0.5066666666666666 0.7527372265625 0.5174166666666667 0.7472627734375 0.51658974375 0.7408759125 0.51080128125 0.73631386875 0.4959166666666667 0.7408759125
3 0.06162387291666667 0.5921532843749999 0.0659617125 0.5921532843749999 0.07102252291666668 0.5866788328125 0.07608333333333334 0.56843065625 0.07102252291666668 0.5447080296875 0.06379279375 0.5392335765625 0.022583333333333334 0.5611313874999999 0.024029279166666664 0.5711678828125 0.04571846875 0.57481751875 0.06162387291666667 0.5921532843749999
9 0.13147222291666666 0.9005474453125 0.14741666666666667 0.8877737218749999 0.13830555625000002 0.8585766421875001 0.13375 0.8585766421875001 0.11400925833333334 0.8713503656249999 0.11325 0.87956204375 0.1162870375 0.8905109484375 0.12312037083333333 0.903284671875 0.13147222291666666 0.9005474453125
9 0.69125 0.8485401453125 0.69125 0.8877737218749999 0.6982368416666667 0.8923357671875 0.7199736833333333 0.8905109484375 0.72075 0.8640510953125 0.6951315791666667 0.846715328125 0.69125 0.8485401453125
9 0.7526564333333333 0.8549270078125 0.7519166666666667 0.8594890515625 0.7644926895833334 0.8859489046875 0.79112426875 0.87043795625 0.7940833333333334 0.8658759125 0.782247075 0.837591240625 0.7526564333333333 0.8549270078125