5 0.6546666666666667 0.24543795624999998 0.6886666666666666 0.258211678125 0.7113333333333334 0.2071167890625 0.7140000000000001 0.1925182484375 0.7133333333333333 0.17153284687499998 0.7066666666666667 0.16605839375 0.7 0.16605839375 0.6853333333333332 0.17518248125 0.654 0.2326642328125 0.65 0.2472627734375 0.6546666666666667 0.24543795624999998
5 0.6546666666666667 0.320255475 0.6693333333333332 0.30656934375 0.6799999999999999 0.2837591234375 0.6786666666666666 0.28102189843750003 0.6413333333333333 0.28193430625000004 0.6406666666666666 0.31204379531250004 0.642 0.31843065625 0.646 0.3211678828125 0.6546666666666667 0.320255475
8 0.63 0.6459854015625 0.616 0.63868613125 0.6006666666666667 0.6359489046875 0.574 0.6779197078125 0.5733333333333334 0.7052919703125 0.578 0.731751825 0.5873333333333334 0.7527372265625 0.6026666666666666 0.7664233578124999 0.6186666666666666 0.768248175 0.634 0.7618613140625 0.6473333333333334 0.7472627734375 0.656 0.7290145984375 0.6613333333333333 0.7071167890625001 0.6586666666666667 0.68156934375 0.646 0.66149635 0.63 0.6459854015625
5 0.10866666666666666 0.2956204375 0.10733333333333334 0.3020073 0.10933333333333332 0.30656934375 0.13333333333333333 0.3366788328125 0.14933333333333335 0.364963503125 0.15266666666666667 0.364963503125 0.15333333333333332 0.346715328125 0.16533333333333333 0.3412408765625 0.164 0.32664233593750003 0.15666666666666668 0.3111313875 0.14800000000000002 0.3020073 0.13533333333333333 0.29653284687500003 0.10866666666666666 0.2956204375
8 0.7 0.8166058390625001 0.6906666666666667 0.8102189781250001 0.6846666666666666 0.8102189781250001 0.6853333333333332 0.8257299265625001 0.6946666666666667 0.842153284375 0.7106666666666667 0.8594890515625 0.7200000000000001 0.8631386859375001 0.7273333333333334 0.8585766421875001 0.736 0.8458029203124999 0.7420000000000001 0.8239051093749999 0.7386666666666667 0.791970803125 0.7313333333333334 0.7773722625 0.7246666666666666 0.77281021875 0.708 0.8120437953125 0.7 0.8166058390625001
5 0.8413333333333333 0.258211678125 0.828 0.2928832109375 0.8119999999999999 0.369525546875 0.8113333333333334 0.380474453125 0.8173333333333334 0.393248175 0.8246666666666667 0.398722628125 0.834 0.39507299218749997 0.8653333333333334 0.3138686125 0.9 0.25091240937500003 0.9033333333333334 0.22718978124999997 0.8993333333333333 0.2198905109375 0.8926666666666667 0.2162408765625 0.88 0.21806569374999998 0.858 0.235401459375 0.8413333333333333 0.258211678125
2 0.27599999999999997 0.616788321875 0.27599999999999997 0.625 0.2866666666666667 0.6359489046875 0.29 0.628649634375 0.2886666666666667 0.6177007296875 0.284 0.612226278125 0.27599999999999997 0.616788321875
2 0.24800000000000003 0.5720802921875 0.24866666666666667 0.5656934312499999 0.24533333333333335 0.560218978125 0.23600000000000002 0.5620437953125 0.23733333333333334 0.57481751875 0.24800000000000003 0.5720802921875
2 0.20733333333333331 0.510036496875 0.20466666666666666 0.5063868609375 0.19066666666666665 0.505474453125 0.19066666666666665 0.512773721875 0.19466666666666665 0.5200729921875 0.20199999999999999 0.5218978109375 0.20733333333333331 0.518248175 0.20733333333333331 0.510036496875
0 0.23666666666666666 0.44981751875000003 0.22866666666666668 0.435218978125 0.222 0.43886861250000003 0.222 0.44890510937499994 0.228 0.462591240625 0.232 0.46441605781249995 0.23600000000000002 0.45894160624999997 0.23666666666666666 0.44981751875000003
2 0.258 0.40054744531250003 0.25266666666666665 0.39233576718749996 0.246 0.3968978109375 0.24533333333333335 0.40602189843750003 0.24866666666666667 0.41149635 0.252 0.4142335765625 0.25866666666666666 0.41058394218750005 0.258 0.40054744531250003
4 0.8813333333333334 0.735401459375 0.872 0.74543795625 0.8626666666666666 0.75 0.8426666666666667 0.7509124093749999 0.8166666666666667 0.769160584375 0.8126666666666666 0.7746350359374999 0.8126666666666666 0.7801094890625 0.8153333333333334 0.7892335765625 0.8213333333333334 0.796532846875 0.8513333333333333 0.8029197078125 0.8673333333333333 0.8020073 0.872 0.7992700734375 0.8786666666666666 0.78649635 0.8833333333333333 0.7664233578124999 0.8893333333333333 0.755474453125 0.8886666666666667 0.739963503125 0.8813333333333334 0.735401459375
4 0.7833333333333333 0.828467153125 0.7826666666666667 0.83394160625 0.7906666666666666 0.8585766421875001 0.8053333333333333 0.869525546875 0.8140000000000001 0.8667883218749999 0.822 0.8540145984375 0.8386666666666667 0.8448905109375 0.8426666666666667 0.8348540140624999 0.838 0.8138686125 0.8313333333333334 0.804744525 0.818 0.796532846875 0.8026666666666666 0.80656934375 0.7833333333333333 0.828467153125
4 0.849282 0.8476961671875 0.8392820000000001 0.846783759375 0.8259486666666667 0.878718065625 0.825282 0.8969662406250001 0.8332820000000001 0.9070027375 0.8839486666666667 0.9079151453125001 0.873282 0.8768932484375 0.849282 0.8476961671875
0 0.7206666666666667 0.6633211671875 0.7186666666666667 0.6541970796875 0.7113333333333334 0.6496350359374999 0.7046666666666667 0.648722628125 0.6966666666666667 0.6560218984375 0.696 0.6642335765625 0.7046666666666667 0.6742700734375 0.7093333333333334 0.6742700734375 0.7206666666666667 0.6633211671875
0 0.736 0.4826642328125 0.7353333333333333 0.489963503125 0.7386666666666667 0.49361313906250004 0.75 0.494525546875 0.7566666666666666 0.48083941562500004 0.7546666666666667 0.476277371875 0.736 0.4826642328125
5 0.8373333333333334 0.4562043796875 0.8286666666666667 0.46532846718750004 0.8273333333333334 0.4726277375 0.838 0.4927007296875 0.8446666666666667 0.51368613125 0.8480000000000001 0.5173357671875001 0.8526666666666666 0.5164233578124999 0.858 0.50456204375 0.862 0.4781021890625 0.8706666666666667 0.4662408765625 0.87 0.458029196875 0.8613333333333333 0.4507299265625 0.8513333333333333 0.44981751875000003 0.8373333333333334 0.4562043796875
5 0.9402066666666666 0.641716240625 0.949496 0.6537609484375 0.9538966666666667 0.664468065625 0.9543853333333333 0.6704899640625 0.956543675 0.6729518015625 0.9706666666666667 0.662408759375 0.9760000000000001 0.6532846718750001 0.9746666666666666 0.6423357671875001 0.9393333333333334 0.606751825 0.9273333333333333 0.6094890515625 0.9233333333333333 0.6186131390625 0.92945 0.63569434375 0.9402066666666666 0.641716240625
3 0.634 0.162408759375 0.644 0.16697080312499998 0.6553333333333333 0.16605839375 0.6706666666666667 0.153284671875 0.67 0.14416058437499998 0.6553333333333333 0.1322992703125 0.646 0.11313868593750001 0.6393333333333333 0.11313868593750001 0.632 0.1222627734375 0.628 0.1514598546875 0.634 0.162408759375
7 0.9586666666666667 0.0729927 0.9640000000000001 0.09124087656249999 0.9700000000000001 0.096715328125 0.9753333333333334 0.07208029218749999 0.99 0.032846715625 0.9866666666666667 0.028284671875 0.982 0.028284671875 0.966 0.03649635 0.9566666666666667 0.0456204375 0.9553333333333334 0.0574817515625 0.9586666666666667 0.0729927
2 0.498 0.7408759125 0.498 0.74543795625 0.5066666666666666 0.7527372265625 0.5153333333333333 0.7472627734375 0.5146666666666666 0.7408759125 0.51 0.73631386875 0.498 0.7408759125
3 0.06066666666666667 0.5921532843749999 0.06466666666666666 0.5921532843749999 0.06933333333333333 0.5866788328125 0.07400000000000001 0.56843065625 0.06933333333333333 0.5447080296875 0.06266666666666666 0.5392335765625 0.024666666666666667 0.5611313874999999 0.026000000000000002 0.5711678828125 0.046 0.57481751875 0.06066666666666667 0.5921532843749999
9 0.13133333333333333 0.9005474453125 0.14533333333333334 0.8877737218749999 0.13733333333333334 0.8585766421875001 0.13333333333333333 0.8585766421875001 0.116 0.8713503656249999 0.11533333333333333 0.87956204375 0.11800000000000001 0.8905109484375 0.12400000000000001 0.903284671875 0.13133333333333333 0.9005474453125
9 0.6933333333333334 0.8485401453125 0.6933333333333334 0.8877737218749999 0.6993333333333334 0.8923357671875 0.718 0.8905109484375 0.7186666666666667 0.8640510953125 0.6966666666666667 0.846715328125 0.6933333333333334 0.8485401453125
9 0.7546666666666667 0.8549270078125 0.754 0.8594890515625 0.7653333333333333 0.8859489046875 0.7893333333333333 0.87043795625 0.792 0.8658759125 0.7813333333333333 0.837591240625 0.7546666666666667 0.8549270078125