4 0.074 0.655480984375 0.039 0.668903802734375 0.040999999999999995 0.7024608505859375 0.053 0.7114093955078125 0.07100000000000001 0.68680089453125 0.074 0.655480984375
4 0.052 0.467561521484375 0.053 0.4742729306640625 0.05499999999999999 0.478747203125 0.05499999999999999 0.48098433984375 0.06 0.4899328857421875 0.067 0.4899328857421875 0.06899999999999999 0.4876957490234375 0.073 0.478747203125 0.077 0.4608501123046875 0.077 0.44742729296875 0.074 0.431767337890625 0.07100000000000001 0.4250559287109375 0.066 0.4250559287109375 0.059 0.429530201171875 0.058 0.431767337890625 0.05499999999999999 0.431767337890625 0.053 0.4362416103515625 0.051000000000000004 0.4496644296875 0.051000000000000004 0.4563758388671875 0.052 0.4586129755859375 0.052 0.467561521484375
8 0.041999999999999996 0.411633109375 0.043000000000000003 0.4161073828125 0.047999999999999994 0.427293064453125 0.052 0.431767337890625 0.054 0.431767337890625 0.05499999999999999 0.429530201171875 0.06 0.429530201171875 0.064 0.4228187919921875 0.067 0.4205816552734375 0.06899999999999999 0.4093959736328125 0.06899999999999999 0.3914988818359375 0.067 0.3825503359375 0.064 0.37583892578125 0.062 0.3736017900390625 0.047 0.3736017900390625 0.044000000000000004 0.37583892578125 0.041999999999999996 0.3847874716796875 0.041999999999999996 0.395973154296875 0.040999999999999995 0.398210291015625 0.041999999999999996 0.400447427734375 0.041999999999999996 0.411633109375
8 0.104 0.4429530205078125 0.104 0.4586129755859375 0.10700000000000001 0.463087248046875 0.10999999999999999 0.465324384765625 0.114 0.465324384765625 0.11499999999999999 0.467561521484375 0.116 0.465324384765625 0.125 0.465324384765625 0.129 0.45190156640625 0.13 0.44519015625 0.132 0.4407158837890625 0.134 0.429530201171875 0.134 0.4161073828125 0.132 0.411633109375 0.13 0.411633109375 0.1235 0.4284116328125 0.1115 0.4407158837890625 0.106 0.4407158837890625 0.104 0.4429530205078125
8 0.197 0.2729306484375 0.198 0.277404921875 0.20299999999999999 0.2885906044921875 0.205 0.290827740234375 0.212 0.290827740234375 0.215 0.2885906044921875 0.21699999999999997 0.2863534677734375 0.223 0.2729306484375 0.224 0.2684563759765625 0.224 0.261744966796875 0.225 0.259507830078125 0.225 0.2483221474609375 0.224 0.243847875 0.219 0.243847875 0.20700000000000002 0.2326621923828125 0.20700000000000002 0.2304250556640625 0.205 0.225950783203125 0.20199999999999999 0.225950783203125 0.197 0.2348993291015625 0.19599999999999998 0.24161073828125 0.19599999999999998 0.2639821025390625 0.197 0.2662192392578125 0.197 0.2729306484375
0 0.247 0.3713646533203125 0.255 0.3557046982421875 0.256 0.3400447431640625 0.255 0.3378076064453125 0.251 0.3378076064453125 0.244 0.344519015625 0.241 0.3512304248046875 0.24 0.3512304248046875 0.23800000000000002 0.3557046982421875 0.23800000000000002 0.357941833984375 0.24200000000000002 0.3668903798828125 0.247 0.3713646533203125
11 0.105 0.3668903798828125 0.099 0.3154362412109375 0.099 0.2818791943359375 0.09599999999999999 0.2505592841796875 0.09 0.2505592841796875 0.085 0.2393736015625 0.08199999999999999 0.24161073828125 0.081 0.4026845634765625 0.092 0.4496644296875 0.10099999999999999 0.4026845634765625 0.105 0.3668903798828125
3 0.195 0.431767337890625 0.195 0.434004474609375 0.19899999999999998 0.434004474609375 0.2 0.4362416103515625 0.20199999999999999 0.434004474609375 0.20299999999999999 0.4205816552734375 0.201 0.4161073828125 0.201 0.41387024609375 0.198 0.4071588369140625 0.193 0.4071588369140625 0.18899999999999997 0.4161073828125 0.18899999999999997 0.4228187919921875 0.193 0.427293064453125 0.195 0.431767337890625
3 0.201 0.411633109375 0.20299999999999999 0.4205816552734375 0.208 0.4205816552734375 0.209 0.4183445185546875 0.209 0.4093959736328125 0.20700000000000002 0.4026845634765625 0.20700000000000002 0.393736017578125 0.201 0.3825503359375 0.197 0.3825503359375 0.194 0.3892617451171875 0.193 0.3892617451171875 0.193 0.395973154296875 0.201 0.411633109375
3 0.256 0.51454138671875 0.259 0.521252796875 0.261 0.5234899326171875 0.265 0.5234899326171875 0.266 0.5257270693359375 0.268 0.5257270693359375 0.26899999999999996 0.5234899326171875 0.27199999999999996 0.5234899326171875 0.274 0.51901566015625 0.273 0.5100671142578125 0.27 0.503355705078125 0.259 0.4899328857421875 0.255 0.4899328857421875 0.253 0.4921700224609375 0.253 0.503355705078125 0.255 0.5078299775390624 0.256 0.51454138671875
7 0.274 0.4407158837890625 0.27599999999999997 0.44742729296875 0.28 0.44742729296875 0.282 0.4429530205078125 0.288 0.4228187919921875 0.292 0.4026845634765625 0.292 0.3892617451171875 0.29000000000000004 0.3713646533203125 0.285 0.34675615234375 0.28400000000000003 0.344519015625 0.28 0.344519015625 0.278 0.3489932890625 0.28 0.357941833984375 0.28 0.3736017900390625 0.27899999999999997 0.4183445185546875 0.274 0.4407158837890625
7 0.34500000000000003 0.4228187919921875 0.347 0.434004474609375 0.35300000000000004 0.44742729296875 0.35300000000000004 0.4496644296875 0.357 0.4586129755859375 0.361 0.4586129755859375 0.362 0.4563758388671875 0.362 0.4496644296875 0.36 0.44519015625 0.355 0.4161073828125 0.354 0.395973154296875 0.354 0.3892617451171875 0.355 0.3870246083984375 0.354 0.3847874716796875 0.355 0.3557046982421875 0.35300000000000004 0.3534675615234375 0.349 0.3534675615234375 0.347 0.3557046982421875 0.34299999999999997 0.3736017900390625 0.34299999999999997 0.3870246083984375 0.34099999999999997 0.398210291015625 0.34199999999999997 0.41387024609375 0.34500000000000003 0.4228187919921875
8 0.29400000000000004 0.3534675615234375 0.301 0.3534675615234375 0.307 0.34675615234375 0.307 0.3378076064453125 0.306 0.3333333330078125 0.296 0.31319910546875 0.293 0.31096196875 0.289 0.3042505595703125 0.28400000000000003 0.3042505595703125 0.282 0.31096196875 0.281 0.324384787109375 0.285 0.3400447431640625 0.288 0.34675615234375 0.29400000000000004 0.3534675615234375
8 0.06 0.0626398212890625 0.044000000000000004 0.049217001953125 0.037 0.053691275390625 0.04 0.0984340048828125 0.061 0.1252796416015625 0.065 0.087248322265625 0.06 0.0626398212890625
7 0.17200000000000001 0.2326621923828125 0.17099999999999999 0.2013422822265625 0.162 0.1812080537109375 0.156 0.2125279638671875 0.14500000000000002 0.2170022373046875 0.14500000000000002 0.2326621923828125 0.156 0.257270693359375 0.167 0.2527964208984375 0.17200000000000001 0.2326621923828125