3 0.45555555625 0.18055555625 0.4549382708333333 0.1666666671875 0.44320987708333337 0.15 0.43888888958333333 0.1481481484375 0.4351851854166667 0.15277777812499999 0.425925925 0.15092592656249998 0.4166666666666667 0.14351851875 0.40802469166666666 0.12407407343750002 0.39876543125 0.125 0.40185185208333335 0.1453703703125 0.4339506166666667 0.1888888890625 0.44444444375000003 0.1925925921875 0.45555555625 0.18055555625
3 0.48518518541666666 0.2870370375 0.5018518520833334 0.2851851859375 0.5080246916666666 0.27870370312500004 0.508641975 0.2703703703125 0.5055555562499999 0.2611111109375 0.4888888895833333 0.240740740625 0.48148148125 0.2388888890625 0.47530864166666664 0.2509259265625 0.4734567895833333 0.26944444375 0.47777777708333335 0.27870370312500004 0.4864197520833333 0.2796296296875 0.48518518541666666 0.2870370375
2 0.7246913583333333 0.1416666671875 0.7253086416666666 0.12129629687500001 0.7061728395833333 0.12222222187500001 0.7037037041666667 0.1324074078125 0.7043209874999999 0.1518518515625 0.7092592583333333 0.15648148125 0.7185185187500001 0.15555555625 0.7246913583333333 0.1416666671875
3 0.30246913541666665 0.3333333328125 0.3043209875 0.3240740734375 0.3234567895833333 0.29814814843750004 0.3234567895833333 0.28796296250000003 0.3197530854166667 0.27870370312500004 0.3320987645833334 0.2518518515625 0.33024691458333333 0.24351851875000002 0.32283950625 0.2416666671875 0.31234567916666667 0.2703703703125 0.30246913541666665 0.275 0.3 0.2796296296875 0.3006172833333334 0.29722222187499997 0.2919753083333333 0.32592592656249997 0.2950617291666667 0.3351851859375 0.30246913541666665 0.3333333328125
4 0.22901234583333335 0.3138888890625 0.22407407499999998 0.29444444375 0.21666666666666667 0.2851851859375 0.21234567916666666 0.28611111093749997 0.20123456874999998 0.302777778125 0.20246913541666667 0.3138888890625 0.21234567916666666 0.3240740734375 0.22407407499999998 0.3203703703125 0.22901234583333335 0.3138888890625
4 0.22654321041666667 0.20648148125 0.22283950625 0.196296296875 0.20493827083333332 0.1833333328125 0.2 0.1824074078125 0.19629629583333333 0.1870370375 0.1956790125 0.20370370312500002 0.20185185208333334 0.21203703749999997 0.21790123541666664 0.2166666671875 0.22654321041666667 0.20648148125
3 0.22407407499999998 0.10555555624999999 0.23024691458333332 0.0916666671875 0.22962962916666668 0.08148148125 0.21604938333333334 0.061111110937500004 0.208641975 0.061111110937500004 0.20493827083333332 0.0675925921875 0.2043209875 0.0824074078125 0.20802469166666665 0.0925925921875 0.21975308541666666 0.10555555624999999 0.22407407499999998 0.10555555624999999
3 0.31851851875000003 0.4388888890625 0.31851851875000003 0.42222222187499997 0.3129629625 0.4138888890625 0.3080246916666667 0.4138888890625 0.29629629583333333 0.42592592656250006 0.2956790125 0.434259259375 0.29876543125 0.440740740625 0.31728395000000004 0.44166666718750003 0.31851851875000003 0.4388888890625
3 0.34506172916666666 0.44444444375 0.3543209875 0.4361111109375 0.35555555624999996 0.4296296296875 0.35308641875 0.425 0.34259259166666667 0.4203703703125 0.3333333333333333 0.4074074078125 0.325925925 0.41018518593750003 0.3253086416666667 0.41851851875 0.33148148125 0.42870370312499995 0.33580246874999997 0.44351851875000003 0.34506172916666666 0.44444444375
3 0.40185185208333335 0.44444444375 0.40987654375000004 0.4361111109375 0.4166666666666667 0.43518518593750005 0.4166666666666667 0.42592592656250006 0.40987654375000004 0.4148148140625 0.39259259166666666 0.4148148140625 0.38271605 0.40833333281249995 0.3777777770833334 0.3981481484375 0.37283950625 0.39444444375 0.36851851875 0.396296296875 0.3691358020833333 0.409259259375 0.3870370375 0.4268518515625 0.3962962958333333 0.44166666718750003 0.40185185208333335 0.44444444375
2 0.7617283958333334 0.502777778125 0.7617283958333334 0.4953703703125 0.7580246916666666 0.48518518593750004 0.7543209875 0.48333333281249996 0.7524691354166666 0.4861111109375 0.7506172833333333 0.50648148125 0.7518518520833334 0.509259259375 0.758641975 0.5083333328124999 0.7617283958333334 0.502777778125
3 0.5296296291666667 0.146296296875 0.5407407416666667 0.1351851859375 0.5679012354166667 0.13333333281249998 0.5765432104166667 0.11574074062499999 0.5777777770833333 0.10092592656249999 0.5716049375 0.09074074062500001 0.53271605 0.071296296875 0.5197530854166666 0.08425925937499999 0.5123456791666666 0.1074074078125 0.5117283958333333 0.12222222187500001 0.5160493833333333 0.1379629625 0.5246913583333334 0.146296296875 0.5296296291666667 0.146296296875
2 0.15802469166666666 0.477777778125 0.16172839583333334 0.471296296875 0.15925925833333335 0.4574074078125 0.15617283958333333 0.4546296296875 0.14814814791666667 0.45648148125 0.14629629583333334 0.459259259375 0.14691358125 0.47407407343749997 0.15 0.478703703125 0.15802469166666666 0.477777778125
2 0.19074074166666666 0.2703703703125 0.191358025 0.2638888890625 0.18518518541666668 0.253703703125 0.18086419791666666 0.25 0.17222222291666667 0.253703703125 0.17098765416666667 0.2629629625 0.17345678958333333 0.2675925921875 0.18518518541666668 0.2731481484375 0.19074074166666666 0.2703703703125
3 0.16913580208333334 0.36851851875 0.16790123541666666 0.35648148125 0.15802469166666666 0.3425925921875 0.14197530833333336 0.3509259265625 0.14197530833333336 0.3611111109375 0.15 0.375 0.16234567916666667 0.3759259265625 0.16913580208333334 0.36851851875
3 0.11543209791666667 0.502777778125 0.11419753125000001 0.497222221875 0.10308641875 0.4824074078125 0.08765432083333334 0.4916666671875 0.08765432083333334 0.503703703125 0.09444444375000001 0.509259259375 0.10679012291666666 0.509259259375 0.11543209791666667 0.502777778125
3 0.6506172833333334 0.27870370312500004 0.6481481479166666 0.2629629625 0.6382716041666666 0.25 0.6339506166666666 0.2509259265625 0.62283950625 0.2666666671875 0.62283950625 0.27870370312500004 0.6308641979166667 0.2888888890625 0.6432098770833333 0.28796296250000003 0.6506172833333334 0.27870370312500004
2 0.75123456875 0.7 0.75 0.6916666671875 0.74444444375 0.6851851859375 0.7395061729166666 0.6861111109375 0.73580246875 0.69351851875 0.7351851854166667 0.6981481484375001 0.7419753083333334 0.70648148125 0.7475308645833334 0.70648148125 0.75123456875 0.7
5 0.7611111104166667 0.7824074078125001 0.7623456791666666 0.775 0.75987654375 0.7666666671875 0.7481481479166666 0.7490740734375 0.7339506166666666 0.740740740625 0.7283950625000001 0.740740740625 0.72283950625 0.747222221875 0.7246913583333333 0.7611111109375 0.73580246875 0.7796296296875 0.7438271604166666 0.7851851859375001 0.7611111104166667 0.7824074078125001
0 0.9543209874999999 0.8648148140625 0.9543209874999999 0.853703703125 0.9432098770833334 0.8388888890624999 0.9351851854166667 0.834259259375 0.9222222229166667 0.8388888890624999 0.9209876541666666 0.8490740734375001 0.9302469145833334 0.8611111109375 0.9444444437499999 0.86851851875 0.9543209874999999 0.8648148140625
2 0.9407407416666668 0.8129629625 0.9419753083333333 0.797222221875 0.9364197520833333 0.7861111109375 0.9197530854166666 0.7879629625 0.9197530854166666 0.8009259265625 0.9277777770833333 0.8148148140625 0.9351851854166667 0.8175925921875 0.9407407416666668 0.8129629625
0 0.8617283958333334 0.5388888890625 0.8660493833333334 0.5333333328125 0.8648148145833333 0.5175925921875 0.8530864187499999 0.5 0.8450617291666667 0.5009259265625 0.8370370375 0.5120370375000001 0.8376543208333334 0.5268518515625 0.8419753083333333 0.5333333328125 0.8561728395833333 0.5398148140625 0.8617283958333334 0.5388888890625
0 0.8648148145833333 0.440740740625 0.87283950625 0.43148148124999997 0.8716049375 0.4203703703125 0.8530864187499999 0.41111111093749997 0.8481481479166667 0.41111111093749997 0.8425925916666667 0.41851851875 0.8419753083333333 0.4240740734375 0.8456790125 0.434259259375 0.8530864187499999 0.440740740625 0.8648148145833333 0.440740740625
0 0.7925925916666666 0.48703703750000005 0.8067901229166666 0.46944444374999994 0.8074074083333334 0.4583333328125 0.8018518520833333 0.4509259265625 0.7870370375 0.44166666718750003 0.7796296291666667 0.44351851875000003 0.7790123458333333 0.46944444374999994 0.7814814812499999 0.48148148125 0.7858024687499999 0.4879629625 0.7925925916666666 0.48703703750000005
0 0.9339506166666667 0.5759259265625001 0.9462962958333333 0.546296296875 0.9432098770833334 0.5388888890625 0.9265432104166667 0.5324074078125001 0.9166666666666666 0.5324074078125001 0.9092592583333333 0.5388888890625 0.9092592583333333 0.5481481484375 0.92283950625 0.5824074078125 0.9277777770833333 0.5824074078125 0.9339506166666667 0.5759259265625001
11 0.7592592583333333 0.5083333328124999 0.7543209875 0.5111111109375 0.7493827166666667 0.5203703703125 0.75987654375 0.527777778125 0.7925925916666666 0.5324074078125001 0.8709876541666667 0.5611111109375 0.91851851875 0.5833333328125 0.9290123458333334 0.5796296296875 0.9216049374999999 0.5759259265625001 0.9209876541666666 0.56851851875 0.9148148145833334 0.5611111109375 0.9111111104166666 0.540740740625 0.9154320979166666 0.534259259375 0.9432098770833334 0.5361111109375 0.9432098770833334 0.5324074078125001 0.9370370375 0.5287037031249999 0.9283950625 0.50555555625 0.9216049374999999 0.49629629687500004 0.8574074083333334 0.3518518515625 0.841358025 0.32592592656249997 0.8351851854166666 0.3296296296875 0.8265432104166667 0.34722222187499996 0.7895061729166667 0.4 0.7746913583333334 0.4268518515625 0.758641975 0.44629629687500005 0.74876543125 0.46666666718750005 0.7604938270833334 0.4861111109375 0.7629629625 0.497222221875 0.7592592583333333 0.5083333328124999