3 0.45555555612244897 0.1805555556640625 0.45493827168367346 0.1666666669921875 0.4432098762755102 0.15 0.43888888903061224 0.1481481484375 0.43518518494897956 0.15277777734375 0.4259259260204082 0.15092592578125 0.41666666709183675 0.1435185185546875 0.40802469132653063 0.12407407421875 0.39876543239795914 0.125 0.4018518520408163 0.1453703701171875 0.4339506173469388 0.188888888671875 0.444444443877551 0.1925925927734375 0.45555555612244897 0.1805555556640625
3 0.48518518494897955 0.287037037109375 0.5018518520408163 0.285185185546875 0.5080246913265306 0.2787037041015625 0.5086419757653061 0.2703703701171875 0.505555556122449 0.261111111328125 0.48888888903061223 0.2407407412109375 0.4814814808673469 0.238888888671875 0.47530864158163266 0.25092592578125 0.4734567895408164 0.2694444443359375 0.4777777780612245 0.2787037041015625 0.48641975255102043 0.2796296298828125 0.48518518494897955 0.287037037109375
2 0.7246913584183673 0.1416666669921875 0.7253086415816327 0.1212962958984375 0.7061728392857143 0.12222222265625 0.7037037040816326 0.1324074072265625 0.7043209872448979 0.1518518515625 0.7092592589285714 0.1564814814453125 0.7185185191326531 0.1555555556640625 0.7246913584183673 0.1416666669921875
3 0.30246913520408164 0.3333333330078125 0.3043209872448979 0.32407407421875 0.32345678954081636 0.2981481484375 0.32345678954081636 0.287962962890625 0.3197530867346939 0.2787037041015625 0.3320987653061224 0.2518518515625 0.33024691326530614 0.2435185185546875 0.32283950637755104 0.2416666669921875 0.31234567857142853 0.2703703701171875 0.30246913520408164 0.275 0.3 0.2796296298828125 0.3006172844387755 0.29722222265625 0.2919753086734694 0.32592592578125 0.29506172831632654 0.335185185546875 0.30246913520408164 0.3333333330078125
4 0.2290123456632653 0.313888888671875 0.22407407397959184 0.2944444443359375 0.21666666709183674 0.285185185546875 0.21234567857142858 0.286111111328125 0.2012345676020408 0.30277777734375 0.20246913520408164 0.313888888671875 0.21234567857142858 0.32407407421875 0.22407407397959184 0.3203703701171875 0.2290123456632653 0.313888888671875
4 0.22654321045918369 0.2064814814453125 0.22283950637755104 0.1962962958984375 0.20493827168367346 0.1833333330078125 0.2 0.1824074072265625 0.19629629591836736 0.187037037109375 0.19567901275510205 0.2037037041015625 0.20185185204081635 0.212037037109375 0.21790123469387754 0.2166666669921875 0.22654321045918369 0.2064814814453125
3 0.22407407397959184 0.1055555556640625 0.2302469132653061 0.0916666669921875 0.22962963010204082 0.0814814814453125 0.2160493826530612 0.061111111328125 0.20864197576530613 0.061111111328125 0.20493827168367346 0.0675925927734375 0.20432098724489797 0.0824074072265625 0.20802469132653062 0.0925925927734375 0.21975308673469388 0.1055555556640625 0.22407407397959184 0.1055555556640625
3 0.31851851913265306 0.438888888671875 0.31851851913265306 0.42222222265625 0.3129629630102041 0.413888888671875 0.3080246913265306 0.413888888671875 0.29629629591836737 0.42592592578125 0.29567901275510206 0.4342592587890625 0.29876543239795916 0.4407407412109375 0.31728395025510203 0.4416666669921875 0.31851851913265306 0.438888888671875
3 0.34506172831632653 0.4444444443359375 0.3543209872448979 0.436111111328125 0.355555556122449 0.4296296298828125 0.35308641964285714 0.425 0.34259259311224494 0.4203703701171875 0.33333333290816325 0.4074074072265625 0.32592592602040815 0.410185185546875 0.32530864158163264 0.4185185185546875 0.33148148086734697 0.4287037041015625 0.3358024693877551 0.4435185185546875 0.34506172831632653 0.4444444443359375
3 0.4018518520408163 0.4444444443359375 0.4098765433673469 0.436111111328125 0.41666666709183675 0.435185185546875 0.41666666709183675 0.42592592578125 0.4098765433673469 0.414814814453125 0.3925925931122449 0.414814814453125 0.3827160497448979 0.4083333330078125 0.3777777780612245 0.3981481484375 0.37283950637755103 0.3944444443359375 0.36851851913265304 0.3962962958984375 0.36913580229591836 0.4092592587890625 0.3870370369897959 0.4268518515625 0.39629629591836735 0.4416666669921875 0.4018518520408163 0.4444444443359375
2 0.7617283954081633 0.50277777734375 0.7617283954081633 0.4953703701171875 0.7580246913265305 0.485185185546875 0.7543209872448979 0.4833333330078125 0.7524691352040815 0.486111111328125 0.7506172844387756 0.5064814814453125 0.7518518520408164 0.5092592587890625 0.7586419757653061 0.5083333330078125 0.7617283954081633 0.50277777734375
3 0.5296296301020408 0.1462962958984375 0.5407407410714286 0.135185185546875 0.5679012346938775 0.1333333330078125 0.5765432104591837 0.1157407412109375 0.5777777780612245 0.10092592578125 0.5716049387755102 0.0907407412109375 0.532716049744898 0.0712962958984375 0.5197530867346939 0.0842592587890625 0.5123456785714285 0.1074074072265625 0.5117283954081633 0.12222222265625 0.5160493826530612 0.137962962890625 0.5246913584183673 0.1462962958984375 0.5296296301020408 0.1462962958984375
2 0.1580246913265306 0.47777777734375 0.16172839540816328 0.4712962958984375 0.15925925892857143 0.4574074072265625 0.15617283928571427 0.4546296298828125 0.14814814795918368 0.4564814814453125 0.14629629591836735 0.4592592587890625 0.14691358035714286 0.47407407421875 0.15 0.4787037041015625 0.1580246913265306 0.47777777734375
2 0.19074074107142858 0.2703703701171875 0.19135802423469386 0.263888888671875 0.1851851849489796 0.2537037041015625 0.18086419770408163 0.25 0.1722222219387755 0.2537037041015625 0.17098765433673468 0.262962962890625 0.17345678954081634 0.2675925927734375 0.1851851849489796 0.2731481484375 0.19074074107142858 0.2703703701171875
3 0.16913580229591837 0.3685185185546875 0.16790123469387755 0.3564814814453125 0.1580246913265306 0.3425925927734375 0.14197530867346939 0.35092592578125 0.14197530867346939 0.361111111328125 0.15 0.375 0.16234567857142856 0.37592592578125 0.16913580229591837 0.3685185185546875
3 0.11543209821428572 0.50277777734375 0.11419753061224489 0.49722222265625 0.10308641964285715 0.4824074072265625 0.08765432142857144 0.4916666669921875 0.08765432142857144 0.5037037041015625 0.09444444387755102 0.5092592587890625 0.10679012372448979 0.5092592587890625 0.11543209821428572 0.50277777734375
3 0.6506172844387755 0.2787037041015625 0.6481481479591836 0.262962962890625 0.6382716045918367 0.25 0.6339506173469388 0.25092592578125 0.622839506377551 0.2666666669921875 0.622839506377551 0.2787037041015625 0.6308641977040816 0.288888888671875 0.6432098762755102 0.287962962890625 0.6506172844387755 0.2787037041015625
2 0.7512345676020408 0.7 0.75 0.6916666669921875 0.744444443877551 0.685185185546875 0.7395061734693877 0.686111111328125 0.7358024693877552 0.6935185185546875 0.7351851849489796 0.6981481484375 0.7419753086734695 0.7064814814453125 0.7475308647959185 0.7064814814453125 0.7512345676020408 0.7
5 0.7611111109693877 0.7824074072265625 0.7623456785714285 0.775 0.7598765433673469 0.7666666669921876 0.7481481479591836 0.74907407421875 0.7339506173469388 0.7407407412109375 0.7283950612244898 0.7407407412109375 0.722839506377551 0.74722222265625 0.7246913584183673 0.761111111328125 0.7358024693877552 0.7796296298828125 0.7438271607142857 0.785185185546875 0.7611111109693877 0.7824074072265625
0 0.9543209872448979 0.864814814453125 0.9543209872448979 0.8537037041015625 0.9432098762755102 0.838888888671875 0.9351851849489796 0.8342592587890625 0.9222222219387756 0.838888888671875 0.9209876543367347 0.84907407421875 0.9302469132653062 0.861111111328125 0.944444443877551 0.8685185185546875 0.9543209872448979 0.864814814453125
2 0.9407407410714286 0.812962962890625 0.9419753086734693 0.79722222265625 0.9364197525510205 0.786111111328125 0.9197530867346938 0.787962962890625 0.9197530867346938 0.80092592578125 0.9277777780612245 0.814814814453125 0.9351851849489796 0.8175925927734375 0.9407407410714286 0.812962962890625
0 0.8617283954081633 0.538888888671875 0.8660493826530612 0.5333333330078125 0.8648148150510204 0.5175925927734375 0.8530864196428571 0.5 0.8450617283163266 0.50092592578125 0.8370370369897959 0.512037037109375 0.8376543214285714 0.5268518515625 0.8419753086734695 0.5333333330078125 0.8561728392857143 0.539814814453125 0.8617283954081633 0.538888888671875
0 0.8648148150510204 0.4407407412109375 0.8728395063775509 0.4314814814453125 0.8716049387755102 0.4203703701171875 0.8530864196428571 0.411111111328125 0.8481481479591836 0.411111111328125 0.8425925931122449 0.4185185185546875 0.8419753086734695 0.42407407421875 0.845679012755102 0.4342592587890625 0.8530864196428571 0.4407407412109375 0.8648148150510204 0.4407407412109375
0 0.792592593112245 0.487037037109375 0.8067901237244898 0.4694444443359375 0.807407406887755 0.4583333330078125 0.8018518520408163 0.45092592578125 0.787037036989796 0.4416666669921875 0.7796296301020409 0.4435185185546875 0.7790123456632653 0.4694444443359375 0.7814814808673469 0.4814814814453125 0.785802469387755 0.487962962890625 0.792592593112245 0.487037037109375
0 0.9339506173469387 0.57592592578125 0.9462962959183674 0.5462962958984375 0.9432098762755102 0.538888888671875 0.9265432104591838 0.5324074072265625 0.9166666670918366 0.5324074072265625 0.9092592589285714 0.538888888671875 0.9092592589285714 0.5481481484375 0.922839506377551 0.5824074072265625 0.9277777780612245 0.5824074072265625 0.9339506173469387 0.57592592578125
11 0.7592592589285715 0.5083333330078125 0.7543209872448979 0.511111111328125 0.7493827155612244 0.5203703701171875 0.7598765433673469 0.52777777734375 0.792592593112245 0.5324074072265625 0.8709876543367348 0.561111111328125 0.918518519132653 0.5833333330078125 0.9290123456632653 0.5796296298828125 0.9216049387755102 0.57592592578125 0.9209876543367347 0.5685185185546875 0.9148148150510205 0.561111111328125 0.9111111109693877 0.5407407412109375 0.9154320982142857 0.5342592587890626 0.9432098762755102 0.536111111328125 0.9432098762755102 0.5324074072265625 0.9370370369897959 0.5287037041015625 0.9283950612244898 0.5055555556640625 0.9216049387755102 0.4962962958984375 0.8574074068877551 0.3518518515625 0.8413580242346939 0.32592592578125 0.8351851849489795 0.3296296298828125 0.8265432104591837 0.34722222265625 0.7895061734693878 0.4 0.7746913584183673 0.4268518515625 0.7586419757653061 0.4462962958984375 0.7487654323979592 0.4666666669921875 0.7604938265306123 0.486111111328125 0.762962963010204 0.49722222265625 0.7592592589285715 0.5083333330078125