3 0.39772376458333336 0.125 0.4009234104166667 0.1453703703125 0.43419971041666666 0.1888888890625 0.4450785020833333 0.1925925921875 0.45659722291666666 0.18055555625 0.45595729166666665 0.1666666671875 0.44379864583333334 0.15 0.43931914375 0.1481481484375 0.43547956875 0.15277777812499999 0.4258806354166667 0.15092592656249998 0.4162817020833333 0.14351851875 0.40732269791666664 0.12407407343750002 0.39772376458333336 0.125
3 0.47241512291666665 0.26944444375 0.47699195833333335 0.27870370312500004 0.48614562916666665 0.2796296296875 0.4848379625 0.2870370375 0.5024914729166666 0.2851851859375 0.5090298083333333 0.27870370312500004 0.5096836416666667 0.2703703703125 0.506414475 0.2611111109375 0.4887609666666667 0.240740740625 0.48091496041666665 0.2388888890625 0.474376625 0.2509259265625 0.47241512291666665 0.26944444375
2 0.7263503083333334 0.12129629687500001 0.70536926875 0.12222222187500001 0.7026620375 0.1324074078125 0.70333884375 0.1518518515625 0.70875330625 0.15648148125 0.7189054229166667 0.15555555625 0.7256735020833334 0.1416666671875 0.7263503083333334 0.12129629687500001
3 0.31236170416666664 0.2703703703125 0.3019723395833333 0.275 0.299375 0.2796296296875 0.3000243354166667 0.29722222187499997 0.29093364166666663 0.32592592656249997 0.29418031875 0.3351851859375 0.3019723395833333 0.3333333328125 0.3039203458333333 0.3240740734375 0.3240497375 0.29814814843750004 0.3240497375 0.28796296250000003 0.32015372708333334 0.27870370312500004 0.33314043125000004 0.2518518515625 0.33119242708333335 0.24351851875000002 0.32340040416666666 0.2416666671875 0.31236170416666664 0.2703703703125
4 0.23005401250000002 0.3138888890625 0.22474537083333335 0.29444444375 0.21678240833333332 0.2851851859375 0.21213734583333332 0.28611111093749997 0.20019290208333332 0.302777778125 0.20152006041666667 0.3138888890625 0.21213734583333332 0.3240740734375 0.22474537083333335 0.3203703703125 0.23005401250000002 0.3138888890625
4 0.22758487708333333 0.20648148125 0.22363117291666665 0.196296296875 0.20452160416666668 0.1833333328125 0.19925 0.1824074078125 0.19529629583333333 0.1870370375 0.19463734583333334 0.20370370312500002 0.20122685208333332 0.21203703749999997 0.21835956875 0.2166666671875 0.22758487708333333 0.20648148125
3 0.21995149791666666 0.10555555624999999 0.22461971041666665 0.10555555624999999 0.23128858124999999 0.0916666671875 0.23062169166666668 0.08148148125 0.21595017708333333 0.061111110937500004 0.20794753124999998 0.061111110937500004 0.20394620624999998 0.0675925921875 0.20327932083333333 0.0824074078125 0.20728064375 0.0925925921875 0.21995149791666666 0.10555555624999999
3 0.3195601854166667 0.4388888890625 0.3195601854166667 0.42222222187499997 0.3134978729166667 0.4138888890625 0.30810915208333334 0.4138888890625 0.29531093541666664 0.42592592656250006 0.29463734583333334 0.434259259375 0.29800529583333335 0.440740740625 0.3182130041666667 0.44166666718750003 0.3195601854166667 0.4388888890625
3 0.33086498541666665 0.42870370312499995 0.3354835916666667 0.44351851875000003 0.34538060625 0.44444444375 0.3552776208333333 0.4361111109375 0.3565972229166666 0.4296296296875 0.35395801666666665 0.425 0.3427414020833333 0.4203703703125 0.3328443875 0.4074074078125 0.324926775 0.41018518593750003 0.32426697499999996 0.41851851875 0.33086498541666665 0.42870370312499995
3 0.37198480625 0.39444444375 0.36747685208333336 0.396296296875 0.3681208458333333 0.409259259375 0.38679665208333336 0.4268518515625 0.39645655208333336 0.44166666718750003 0.40225249375 0.44444444375 0.41062440625 0.4361111109375 0.41770833333333335 0.43518518593750005 0.41770833333333335 0.42592592656250006 0.41062440625 0.4148148140625 0.39259259166666666 0.4148148140625 0.38228870000000004 0.40833333281249995 0.37713675208333336 0.3981481484375 0.37198480625 0.39444444375
2 0.7627700625 0.502777778125 0.7627700625 0.4953703703125 0.7583719145833334 0.48518518593750004 0.7539737645833333 0.48333333281249996 0.7517746916666667 0.4861111109375 0.7495756166666666 0.50648148125 0.7510416666666667 0.509259259375 0.7591049375 0.5083333328124999 0.7627700625 0.502777778125
3 0.5113234833333333 0.1074074078125 0.5106867291666667 0.12222222187500001 0.5151440104166667 0.1379629625 0.5240585708333333 0.146296296875 0.5291526041666667 0.146296296875 0.5406141833333333 0.1351851859375 0.568631375 0.13333333281249998 0.5775459354166668 0.11574074062499999 0.5788194437499999 0.10092592656249999 0.5724519 0.09074074062500001 0.5323363770833333 0.071296296875 0.5189645333333334 0.08425925937499999 0.5113234833333333 0.1074074078125
2 0.15856635833333332 0.477777778125 0.1627700625 0.471296296875 0.15996759166666666 0.4574074078125 0.15646450625 0.4546296296875 0.14735648125 0.45648148125 0.14525462916666668 0.459259259375 0.14595524791666667 0.47407407343749997 0.14945833333333333 0.478703703125 0.15856635833333332 0.477777778125
2 0.19171927708333333 0.2703703703125 0.19239969166666665 0.2638888890625 0.18559553958333333 0.253703703125 0.18083263333333335 0.25 0.17130681875 0.253703703125 0.16994598749999998 0.2629629625 0.17266764791666667 0.2675925921875 0.18559553958333333 0.2731481484375 0.19171927708333333 0.2703703703125
3 0.16884820416666668 0.35648148125 0.15821408541666668 0.3425925921875 0.1409336416666667 0.3509259265625 0.1409336416666667 0.3611111109375 0.14957386458333335 0.375 0.1628665125 0.3759259265625 0.17017746875 0.36851851875 0.16884820416666668 0.35648148125
3 0.11514660624999999 0.497222221875 0.10320216041666666 0.4824074078125 0.08661265416666668 0.4916666671875 0.08661265416666668 0.503703703125 0.09391203541666666 0.509259259375 0.10718364166666668 0.509259259375 0.11647376458333333 0.502777778125 0.11514660624999999 0.497222221875
3 0.65165895 0.27870370312500004 0.6490046291666667 0.2629629625 0.6383873458333333 0.25 0.6337422833333334 0.2509259265625 0.6217978395833333 0.2666666671875 0.6217978395833333 0.27870370312500004 0.6304243833333333 0.2888888890625 0.6436959874999999 0.28796296250000003 0.65165895 0.27870370312500004
2 0.7522762354166667 0.7 0.7508814104166667 0.6916666671875 0.7446047 0.6851851859375 0.7390254041666666 0.6861111109375 0.7348409291666667 0.69351851875 0.7341435187500001 0.6981481484375001 0.7418150520833334 0.70648148125 0.7480917625 0.70648148125 0.7522762354166667 0.7
5 0.7354443958333333 0.7796296296875 0.7438922645833334 0.7851851859375001 0.7620876729166667 0.7824074078125001 0.7633873458333333 0.775 0.7607880020833334 0.7666666671875 0.7484411166666667 0.7490740734375 0.7334948874999999 0.740740740625 0.7276463645833334 0.740740740625 0.7217978395833333 0.747222221875 0.7237473479166667 0.7611111109375 0.7354443958333333 0.7796296296875
0 0.9553626541666667 0.8648148140625 0.9553626541666667 0.853703703125 0.9435570999999999 0.8388888890624999 0.9350308645833334 0.834259259375 0.9212577166666667 0.8388888890624999 0.9199459875 0.8490740734375001 0.9297839520833333 0.8611111109375 0.9448688270833333 0.86851851875 0.9553626541666667 0.8648148140625
2 0.943016975 0.797222221875 0.9369405854166666 0.7861111109375 0.91871141875 0.7879629625 0.91871141875 0.8009259265625 0.927488425 0.8148148140625 0.9355902770833333 0.8175925921875 0.94166666875 0.8129629625 0.943016975 0.797222221875
0 0.8565052854166667 0.5398148140625 0.8624597791666667 0.5388888890625 0.8670910500000001 0.5333333328125 0.8657678291666666 0.5175925921875 0.8531972333333333 0.5 0.8445963041666666 0.5009259265625 0.8359953708333333 0.5120370375000001 0.83665698125 0.5268518515625 0.8412882520833332 0.5333333328125 0.8565052854166667 0.5398148140625
0 0.8527947520833333 0.440740740625 0.8653148145833334 0.440740740625 0.8738811729166667 0.43148148124999997 0.8725632708333334 0.4203703703125 0.8527947520833333 0.41111111093749997 0.8475231479166666 0.41111111093749997 0.8415925916666667 0.41851851875 0.8409336416666666 0.4240740734375 0.8448873458333334 0.434259259375 0.8527947520833333 0.440740740625
0 0.7852589895833333 0.4879629625 0.7925473020833333 0.48703703750000005 0.8077865000000001 0.46944444374999994 0.8084490750000001 0.4583333328125 0.8024859104166667 0.4509259265625 0.7865841395833333 0.44166666718750003 0.7786332520833333 0.44351851875000003 0.7779706791666666 0.46944444374999994 0.7806209749999999 0.48148148125 0.7852589895833333 0.4879629625
0 0.9277777770833333 0.5824074078125 0.9342978395833333 0.5759259265625001 0.9473379625 0.546296296875 0.9440779333333332 0.5388888890625 0.9264737666666666 0.5324074078125001 0.9160416666666666 0.5324074078125001 0.9082175916666666 0.5388888890625 0.9082175916666666 0.5481481484375 0.9225617291666667 0.5824074078125 0.9277777770833333 0.5824074078125
11 0.9224151229166666 0.5759259265625001 0.921791225 0.56851851875 0.9155522479166667 0.5611111109375 0.9118088624999999 0.540740740625 0.9161761458333333 0.534259259375 0.94425154375 0.5361111109375 0.94425154375 0.5324074078125001 0.9380125666666667 0.5287037031249999 0.929278 0.50555555625 0.9224151229166666 0.49629629687500004 0.8575297625 0.3518518515625 0.8413084208333333 0.32592592656249997 0.8350694437499999 0.3296296296875 0.8263348770833333 0.34722222187499996 0.7889010145833333 0.4 0.77392746875 0.4268518515625 0.7577061291666667 0.44629629687500005 0.7477237645833333 0.46666666718750005 0.7595778208333334 0.4861111109375 0.7620734124999999 0.497222221875 0.7583300249999999 0.5083333328124999 0.75333884375 0.5111111109375 0.7483476645833333 0.5203703703125 0.758953925 0.527777778125 0.7920205020833334 0.5324074078125001 0.8712555104166667 0.5611111109375 0.9192956354166667 0.5833333328125 0.9299018958333334 0.5796296296875 0.9224151229166666 0.5759259265625001