11 0.16033254209183673 0.7513368984375 0.17339667474489795 0.74398395703125 0.13064133035714287 0.700534759765625 0.08432304081632652 0.6631016044921875 0.06888361096938775 0.681149732421875 0.01187648469387755 0.7847593583984375 0.01187648469387755 0.7921122998046874 0.02137767219387755 0.7947860966796875 0.13064133035714287 0.75601604296875 0.16033254209183673 0.7513368984375
11 0.2672209030612245 0.826203208984375 0.2707838482142857 0.825534759765625 0.3004750599489796 0.802139037109375 0.370546318877551 0.73596256640625 0.3752969119897959 0.688502673828125 0.3741092640306123 0.6370320859375 0.3671769591836735 0.6107593583984375 0.32779097448979594 0.62700534765625 0.2517814732142857 0.6610962568359375 0.14251781505102043 0.695855615234375 0.13420427551020409 0.700534759765625 0.13420427551020409 0.7052139033203125 0.2517814732142857 0.813502673828125 0.2672209030612245 0.826203208984375
7 0 0.36229946484375 0.024940617346938775 0.37700534765625 0.04038004719387755 0.38101604296875 0.09501187627551021 0.3897058828125 0.12232779081632654 0.388368984375 0.1389548698979592 0.38034759375 0.14014251785714285 0.36096256640625 0.11757719770408162 0.3368983955078125 0.10688836096938777 0.301470587890625 0.08669833673469388 0.2693850263671875 0.08788598596938776 0.25066844921875 0.08313539158163265 0.2379679140625 0.07482185331632653 0.2292780751953125 0.0522565318877551 0.2185828876953125 0.0095011875 0.2172459892578125 0 0.2179144384765625 0 0.36229946484375
5 0 0.2192513369140625 0.020190024234693876 0.2179144384765625 0.04869358673469388 0.202540107421875 0.11638954846938775 0.181818181640625 0.1520190025510204 0.175133689453125 0.24584323086734694 0.1691176474609375 0.2565320663265306 0.1651069521484375 0.25890736352040816 0.1610962568359375 0.2565320663265306 0.1423796787109375 0.24584323086734694 0.133021390625 0.23040380102040817 0.1263368984375 0.19002375255102041 0.116978609375 0.14964370535714286 0.1129679140625 0.09144893112244898 0.11229946484375 0.01662707780612245 0.12165775390625 0 0.1263368984375 0 0.2192513369140625
4 0.7767220905612244 0.4906417109375 0.7969121135204081 0.4839572197265625 0.8111638954081632 0.4739304814453125 0.817102137755102 0.4639037431640625 0.8135391926020408 0.443181818359375 0.8064133022959183 0.437165775390625 0.798099762755102 0.435828876953125 0.7921615204081632 0.437834224609375 0.7862232780612245 0.449866310546875 0.7660332538265306 0.4612299462890625 0.7387173392857144 0.4652406416015625 0.725653206632653 0.4645721923828125 0.7173396670918368 0.4692513369140625 0.7173396670918368 0.4799465244140625 0.7315914489795918 0.4893048125 0.7517814732142857 0.49264705859375 0.7767220905612244 0.4906417109375
4 0.9703087882653061 0.35962566796875 0.9904988124999999 0.3422459892578125 0.9869358673469387 0.3335561494140625 0.9762470306122448 0.3282085556640625 0.947743468112245 0.320855615234375 0.9204275535714285 0.318181818359375 0.9026128265306123 0.318181818359375 0.8788598571428571 0.324197861328125 0.8574821849489795 0.3382352939453125 0.8586698341836734 0.3542780751953125 0.9097387168367347 0.3582887705078125 0.9418052257653062 0.36363636328125 0.9703087882653061 0.35962566796875
4 0.8610451301020409 0.440508021484375 0.8741092640306122 0.444518716796875 0.8907363418367348 0.445187166015625 0.9144893112244897 0.437834224609375 0.9263657959183674 0.426470587890625 0.9251781466836734 0.4191176474609375 0.8800475063775509 0.3990641708984375 0.8646080765306122 0.38770053515625 0.8527315918367346 0.38502673828125 0.8349168647959184 0.3970588232421875 0.8313539196428571 0.4037433154296875 0.8337292155612245 0.4191176474609375 0.8408551071428572 0.427807486328125 0.8610451301020409 0.440508021484375
7 0.5249406173469388 0.75735294140625 0.5273159145408164 0.7205882353515625 0.5237529693877551 0.7165775400390625 0.5154394298469388 0.7165775400390625 0.5047505943877552 0.7219251337890625 0.4857482181122449 0.74131016015625 0.4881235153061224 0.7660427802734375 0.5011876479591837 0.7720588232421876 0.5201900242346938 0.763368984375 0.5249406173469388 0.75735294140625
5 0.6543942997448979 0.7593582890625 0.6555819477040815 0.7513368984375 0.6460807602040816 0.73863636328125 0.6152019005102041 0.7245989306640624 0.5866983367346938 0.7205882353515625 0.5783847984693877 0.7266042783203125 0.5748218533163265 0.7352941171875 0.5760095012755102 0.75066844921875 0.6128266033163265 0.7667112294921875 0.6353919234693878 0.7660427802734375 0.6543942997448979 0.7593582890625
8 0.7410926364795918 0.687834224609375 0.764845605867347 0.675133689453125 0.7719714961734694 0.6530748662109375 0.7636579566326531 0.6470588232421876 0.7458432308673469 0.6437165771484376 0.7042755344387756 0.6443850263671875 0.6698337295918367 0.6504010693359376 0.6389548698979591 0.6617647060546875 0.6270783852040817 0.6691176474609375 0.6258907359693877 0.685828876953125 0.6425178150510205 0.696524064453125 0.7185273163265307 0.693181818359375 0.7410926364795918 0.687834224609375
8 0.9144893112244897 0.570855615234375 0.960807600765306 0.565508021484375 0.9738717334183674 0.562165775390625 0.9988123520408163 0.547459892578125 0.9988123520408163 0.50868983984375 0.9584323035714286 0.5066844921875 0.9144893112244897 0.51270053515625 0.8610451301020409 0.5294117646484375 0.8515439426020408 0.5381016044921875 0.8444180522959185 0.547459892578125 0.8456057002551021 0.554144384765625 0.8669833724489796 0.564839572265625 0.9144893112244897 0.570855615234375
8 0.8871733966836735 0.64037433203125 0.9394299285714286 0.63502673828125 0.9596199528061224 0.62165775390625 0.9988123520408163 0.61898395703125 0.9988123520408163 0.5808823525390625 0.9821852729591838 0.5788770048828125 0.9572446556122449 0.5848930478515625 0.8942992869897959 0.5909090908203125 0.8503562946428572 0.6042780751953125 0.837292161989796 0.61363636328125 0.837292161989796 0.6236631015625 0.8467933494897959 0.633021390625 0.856294536989796 0.63636363671875 0.8871733966836735 0.64037433203125
10 0.8325415676020408 0.701871658203125 0.8384798099489795 0.693181818359375 0.837292161989796 0.685160427734375 0.8182897857142857 0.681149732421875 0.8087885982142858 0.683155080078125 0.7921615204081632 0.688502673828125 0.783847980867347 0.697860962890625 0.7814726836734693 0.7052139033203125 0.7862232780612245 0.7112299462890626 0.8147268405612246 0.7092245986328125 0.8325415676020408 0.701871658203125
5 0.889548693877551 0.8449197861328125 0.8978622321428571 0.8382352939453125 0.8954869362244898 0.8335561494140625 0.8824228022959184 0.8302139033203125 0.8681710216836734 0.821524064453125 0.8598574821428572 0.824197861328125 0.8586698341836734 0.8322192509765625 0.8669833724489796 0.8449197861328125 0.8729216147959183 0.8469251337890625 0.889548693877551 0.8449197861328125
0 0.9869358673469387 0.7139037431640625 0.9833729221938776 0.7038770048828125 0.9738717334183674 0.700534759765625 0.9584323035714286 0.7105614970703125 0.947743468112245 0.7078877001953126 0.9346793354591837 0.7105614970703125 0.9346793354591837 0.7192513369140625 0.9429928737244898 0.7252673798828125 0.9655581951530612 0.7232620322265625 0.9869358673469387 0.7139037431640625
3 0.7315914489795918 0.7874331552734375 0.7304038010204081 0.7794117646484375 0.7244655586734694 0.7760695185546875 0.701900237244898 0.7780748662109375 0.6769596198979593 0.7847593583984375 0.6769596198979593 0.7907754013671875 0.6959619948979592 0.798796791015625 0.7209026122448979 0.7941176474609375 0.7315914489795918 0.7874331552734375
3 0.7660332538265306 0.5360962568359375 0.817102137755102 0.5327540107421875 0.8325415676020408 0.5247326201171875 0.8349168647959184 0.5160427802734375 0.7434679336734694 0.5167112294921875 0.7399049885204082 0.5187165771484376 0.7363420433673469 0.5213903740234375 0.7399049885204082 0.5314171123046875 0.7517814732142857 0.5354278076171874 0.7660332538265306 0.5360962568359375
3 0.3871733966836735 0.798128341796875 0.4168646084183673 0.7794117646484375 0.4358669834183674 0.75467914453125 0.437054631377551 0.74264705859375 0.4311163890306122 0.736631015625 0.42280285076530616 0.73863636328125 0.39786223214285715 0.7647058828125 0.36104513010204087 0.7881016044921875 0.3598574821428571 0.798796791015625 0.3646080765306122 0.802139037109375 0.3717339668367347 0.802139037109375 0.3871733966836735 0.798128341796875
4 0.4216152015306122 0.689839572265625 0.4299287410714286 0.675802138671875 0.42755344387755106 0.6677807490234375 0.4168646084183673 0.6664438505859375 0.40261282653061226 0.6711229951171875 0.3752969119897959 0.695187166015625 0.3741092640306123 0.7092245986328125 0.380047506377551 0.7132352939453125 0.39548693622448977 0.7085561494140625 0.4216152015306122 0.689839572265625
7 0.6686460803571429 0.558155080078125 0.6817102142857143 0.5461229951171875 0.6840855102040816 0.5300802138671875 0.673396674744898 0.5294117646484375 0.6662707844387755 0.5320855615234374 0.6472684081632654 0.548128341796875 0.6104513061224489 0.558155080078125 0.6116389553571429 0.564171123046875 0.6258907359693877 0.565508021484375 0.6555819477040815 0.562165775390625 0.6686460803571429 0.558155080078125
11 0.40736342091836736 0.5915775400390625 0.4311163890306122 0.6029411767578124 0.4798099757653061 0.63368983984375 0.4881235153061224 0.6370320859375 0.4964370548469388 0.63502673828125 0.5570071262755102 0.50467914453125 0.5676959617346939 0.4906417109375 0.5665083137755103 0.48596256640625 0.3372921619897959 0.5093582890625 0.32185273214285715 0.513368984375 0.31591448979591835 0.5167112294921875 0.31591448979591835 0.5254010693359376 0.36104513010204087 0.559491978515625 0.40736342091836736 0.5915775400390625
11 0.8016627079081633 0.2693850263671875 0.8824228022959184 0.173128341796875 0.8717339668367348 0.1691176474609375 0.8064133022959183 0.1657754013671875 0.7220902614795919 0.1651069521484375 0.7244655586734694 0.177139037109375 0.7529691211734695 0.2159090908203125 0.7945368176020409 0.2667112294921875 0.8016627079081633 0.2693850263671875
11 0.5510688839285715 0.2867647060546875 0.572446556122449 0.302807486328125 0.5688836109693878 0.315508021484375 0.5795724464285714 0.3328877001953125 0.8349168647959184 0.3342245986328125 0.8396674579081633 0.3322192509765625 0.8337292155612245 0.314171123046875 0.7672209030612245 0.2319518720703125 0.7494061760204082 0.2159090908203125 0.7137767219387755 0.1610962568359375 0.6852731594387754 0.1263368984375 0.6757719719387755 0.12032085546875 0.6650831352040816 0.1236631015625 0.6033254158163266 0.196524064453125 0.5641330165816326 0.2352941171875 0.5581947742346939 0.25200534765625 0.5403800471938776 0.26403743359375 0.53800475 0.2707219248046875 0.5510688839285715 0.2867647060546875
0 0.26484560586734696 0.9117647060546875 0.24940617602040818 0.9030748662109375 0.2375296913265306 0.9084224599609375 0.23634204336734693 0.9197860966796875 0.23990498852040815 0.923128341796875 0.25296912117346937 0.9204545458984374 0.26484560586734696 0.9117647060546875
0 0.2755344413265306 0.86096256640625 0.2743467933673469 0.8569518720703125 0.26009501147959185 0.8509358291015625 0.25059382397959185 0.8549465244140625 0.2482185267857143 0.86898395703125 0.25534441836734695 0.8709893046875 0.2695961989795918 0.866978609375 0.2755344413265306 0.86096256640625
0 0.3337292155612245 0.943181818359375 0.31353919260204083 0.940508021484375 0.3099762474489796 0.944518716796875 0.3099762474489796 0.9538770048828125 0.31710213775510204 0.9558823525390625 0.3301662704081632 0.950534759765625 0.3337292155612245 0.943181818359375
4 0.6353919234693878 0.24799465234375 0.7220902614795919 0.25534759375 0.7494061760204082 0.25467914453125 0.7185273163265307 0.196524064453125 0.7125890739795919 0.195187166015625 0.7078384795918368 0.197860962890625 0.6971496441326531 0.2098930478515625 0.6615201900510205 0.2319518720703125 0.6353919234693878 0.24398395703125 0.6353919234693878 0.24799465234375
1 0.9228028507653061 0.2379679140625 0.9382422806122449 0.2259358291015625 0.9441805229591836 0.2165775400390625 0.9418052257653062 0.2098930478515625 0.9002375293367346 0.202540107421875 0.8859857487244899 0.202540107421875 0.875296911989796 0.2065508017578125 0.8764845599489797 0.2205882353515625 0.8836104515306122 0.2292780751953125 0.9061757716836736 0.2379679140625 0.9228028507653061 0.2379679140625
1 0.908551068877551 0.308155080078125 0.9216152015306123 0.2921122998046875 0.9168646084183674 0.2827540107421875 0.8788598571428571 0.2774064169921875 0.8598574821428572 0.2774064169921875 0.8527315918367346 0.2807486630859375 0.8515439426020408 0.2934491982421875 0.8669833724489796 0.307486630859375 0.889548693877551 0.311497326171875 0.908551068877551 0.308155080078125