11 0.13162172083333334 0.7560160421875 0.16207886458333334 0.7513368984375 0.17548000833333333 0.7439839578125 0.13162172083333334 0.700534759375 0.08410857916666667 0.6631016046875 0.06827086458333334 0.6811497328125 0.009793152083333334 0.7847593578125001 0.009793152083333334 0.7921123 0.0195394375 0.794786096875 0.13162172083333334 0.7560160421875
11 0.25173015833333334 0.66109625625 0.14057816041666668 0.695855615625 0.13212094166666669 0.700534759375 0.13212094166666669 0.705213903125 0.25173015833333334 0.8135026734374999 0.26743641875 0.8262032078124999 0.27106094166666667 0.8255347593750001 0.3012652895833333 0.8021390374999999 0.37254755 0.7359625671875001 0.37738024583333335 0.6885026734374999 0.37617207291666666 0.6370320859375 0.36911996041666667 0.6107593578125 0.3290532875 0.627005346875 0.25173015833333334 0.66109625625
7 0 0.36349240625 0.023598808333333332 0.377005346875 0.03949727916666667 0.3810160421875 0.09575340208333333 0.3897058828125 0.12388146458333332 0.388368984375 0.14100289166666666 0.38034759375 0.14222585208333335 0.36096256718749997 0.11898962708333333 0.3368983953125 0.10798299375 0.3014705875 0.0871926875 0.2693850265625 0.08841564583333333 0.2506684484375 0.08352381041666666 0.2379679140625 0.07496309583333334 0.229278075 0.051726870833333334 0.2185828875 0.007700339583333333 0.21724598906249998 0 0.2177721 0 0.36349240625
5 0 0.21911557343750002 0.018431612500000003 0.2179144390625 0.04739389375 0.20254010625 0.11617930416666668 0.18181818125 0.15238215208333333 0.1751336890625 0.24771632083333334 0.169117646875 0.25857717291666665 0.1651069515625 0.26099069583333334 0.16109625625 0.25857717291666665 0.1423796796875 0.24771632083333334 0.133021390625 0.23202841875000002 0.1263368984375 0.1909985229166667 0.116978609375 0.14996862916666667 0.1129679140625 0.09083731041666666 0.112299465625 0.014811329166666666 0.1216577546875 0 0.1257598984375 0 0.21911557343750002
4 0.7870169270833334 0.4498663109375 0.76598365 0.46122994687499996 0.7375268625 0.4652406421875 0.7239170958333333 0.4645721921875 0.7152563333333333 0.4692513375 0.7152563333333333 0.4799465234375 0.7301033520833333 0.4893048125 0.7511366312500001 0.49264705937500003 0.7771189145833334 0.4906417109375 0.7981521937499999 0.48395721875 0.8129992125 0.47393048125000004 0.8191854708333334 0.46390374375 0.8154737145833334 0.44318181875 0.80805020625 0.437165775 0.7993894458333333 0.43582887656249997 0.7932031875 0.437834225 0.7870169270833334 0.4498663109375
4 0.8553988520833333 0.33823529375 0.8566237020833333 0.35427807499999997 0.9092922875 0.3582887703125 0.9423632604166666 0.3636363640625 0.9717596833333333 0.35962566875 0.9925821458333334 0.3422459890625 0.9889075937499999 0.33355615 0.9778839354166667 0.32820855625 0.9484875166666666 0.320855615625 0.9203159479166667 0.31818181874999996 0.9019431833333333 0.31818181874999996 0.87744616875 0.32419786093749997 0.8553988520833333 0.33823529375
4 0.8515857583333334 0.3850267375 0.83298978125 0.3970588234375 0.8292705854166668 0.403743315625 0.83175005 0.419117646875 0.8391884395833333 0.42780748593749995 0.8602638812500001 0.44050802187500004 0.87390093125 0.4445187171875 0.891257175 0.445187165625 0.9160518104166666 0.437834225 0.9284491291666667 0.4264705875 0.9272093979166667 0.419117646875 0.8800995895833333 0.399064171875 0.863983075 0.387700534375 0.8515857583333334 0.3850267375
7 0.5215590708333333 0.763368984375 0.5267858541666667 0.7573529406249999 0.5293992479166667 0.7205882359375 0.5254791583333334 0.716577540625 0.5163322854166666 0.716577540625 0.5045720229166667 0.7219251343749999 0.48366488541666663 0.7413101609375 0.4862782770833334 0.76604278125 0.5006519333333334 0.7720588234375 0.5215590708333333 0.763368984375
5 0.6127040541666666 0.7667112296874999 0.6364335916666667 0.76604278125 0.6564163583333333 0.7593582890625 0.65766528125 0.7513368984375 0.6476738979166666 0.7386363640625 0.6152019000000001 0.72459893125 0.5852277499999999 0.7205882359375 0.5764852875 0.7266042781250001 0.57273851875 0.7352941171875 0.57398744375 0.7506684484374999 0.6127040541666666 0.7667112296874999
8 0.6250289270833334 0.669117646875 0.6238074020833333 0.6858288765625 0.6409087354166666 0.6965240640625 0.7190862604166667 0.6931818187500001 0.7422952125 0.687834225 0.7667256874999999 0.6751336890624999 0.7740548291666667 0.6530748656250001 0.7655041625 0.6470588234375 0.74718130625 0.643716578125 0.704427975 0.6443850265625 0.6690037833333334 0.65040106875 0.6372441645833333 0.66176470625 0.6250289270833334 0.669117646875
8 1 0.5086465265625 0.95942589375 0.5066844921875 0.9142970020833334 0.512700534375 0.8594105166666667 0.5294117640625 0.8496529187499999 0.5381016046875 0.84233471875 0.5474598937499999 0.8435544187499999 0.554144384375 0.8655090145833333 0.564839571875 0.9142970020833334 0.570855615625 0.9618652916666667 0.565508021875 0.9752819895833333 0.562165775 1 0.5479741437500001 1 0.5086465265625
8 1 0.58077704375 0.9838396854166667 0.5788770046875 0.9582556854166667 0.5848930484375 0.8936865416666666 0.5909090906250001 0.8486099708333333 0.6042780750000001 0.8352088291666667 0.6136363640625 0.8352088291666667 0.6236631015625 0.8449551145833334 0.633021390625 0.8547014 0.6363636359375 0.8863768270833333 0.64037433125 0.9399814000000001 0.6350267374999999 0.96069225625 0.6216577546875001 1 0.6190435265625001 1 0.58077704375
10 0.7844871666666666 0.711229946875 0.8150740645833333 0.7092245984375001 0.8341908729166666 0.7018716578124999 0.84056314375 0.6931818187500001 0.8392886895833332 0.685160428125 0.818897425 0.6811497328125 0.8087017916666667 0.6831550796875 0.7908594375 0.6885026734374999 0.7819382583333333 0.6978609625 0.7793893500000001 0.705213903125 0.7844871666666666 0.711229946875
5 0.8723534333333334 0.846925134375 0.8907481895833332 0.8449197859375 0.8999455666666666 0.83823529375 0.89731774375 0.83355615 0.8828647208333333 0.830213903125 0.8670977875 0.8215240640625 0.8579004104166666 0.8241978609375 0.8565865 0.8322192515625 0.8657838770833333 0.8449197859375 0.8723534333333334 0.846925134375
0 0.9659369812499999 0.7232620328125 0.9890192 0.71390374375 0.9851721625 0.7038770046875 0.9749134 0.700534759375 0.9582429104166666 0.710561496875 0.9467018020833333 0.7078877 0.9325960020833333 0.710561496875 0.9325960020833333 0.7192513375 0.9415724208333334 0.7252673796875 0.9659369812499999 0.7232620328125
3 0.7336747812500001 0.7874331546875 0.7323965541666666 0.7794117640625 0.7260054125 0.77606951875 0.7017190770833334 0.7780748656250001 0.6748762875 0.7847593578125001 0.6748762875 0.7907754015624999 0.6953279375 0.7987967921875 0.7221707291666667 0.794117646875 0.7336747812500001 0.7874331546875
3 0.7503507500000001 0.5354278078125 0.7652049416666666 0.53609625625 0.8184324583333333 0.5327540109375 0.8345244979166666 0.5247326203125 0.8370001979166666 0.51604278125 0.7416858041666666 0.5167112296874999 0.73797225625 0.518716578125 0.7342587104166667 0.521390375 0.73797225625 0.5314171125 0.7503507500000001 0.5354278078125
3 0.3577741479166667 0.7987967921875 0.36278115208333334 0.8021390374999999 0.37029165833333333 0.8021390374999999 0.38656442083333337 0.7981283421875001 0.4178581979166667 0.7794117640625 0.4378862145833333 0.75467914375 0.4391379645833334 0.7426470593750001 0.43287921041666666 0.736631015625 0.42411695208333333 0.7386363640625 0.39783018124999997 0.7647058828125 0.3590259 0.7881016046875 0.3577741479166667 0.7987967921875
4 0.3949993458333333 0.7085561499999999 0.42307796875000003 0.689839571875 0.432012075 0.6758021390625 0.42945947291666664 0.6677807484375 0.4179727645833333 0.6664438500000001 0.40265715416666664 0.6711229953125 0.37330223125 0.6951871656249999 0.37202593125 0.7092245984375001 0.37840743541666666 0.71323529375 0.3949993458333333 0.7085561499999999
7 0.6246810583333333 0.565508021875 0.6560523770833334 0.562165775 0.6698557583333333 0.5581550796875 0.6836591395833334 0.5461229953125 0.68616884375 0.5300802140624999 0.6748751687500001 0.5294117640625 0.6673460520833333 0.5320855609375 0.6472684083333333 0.5481283421875001 0.6083679729166668 0.5581550796875 0.6096228250000001 0.5641711234375 0.6246810583333333 0.565508021875
11 0.3355626020833334 0.5093582890625 0.31986766875 0.513368984375 0.31383115625 0.5167112296874999 0.31383115625 0.52540106875 0.3597086541666667 0.559491978125 0.4067934520833333 0.591577540625 0.43093950208333337 0.6029411765625 0.48043890833333336 0.6336898390625 0.488890025 0.6370320859375 0.49734114166666665 0.6350267374999999 0.5589135708333333 0.50467914375 0.5697792958333333 0.4906417109375 0.5685719916666667 0.4859625671875 0.3355626020833334 0.5093582890625
11 0.8016472770833333 0.2693850265625 0.8845061354166667 0.1731283421875 0.8735395229166667 0.169117646875 0.8065213270833334 0.16577540156249998 0.7200069270833332 0.1651069515625 0.7224439541666666 0.17713903749999999 0.75168825625 0.215909090625 0.7943362 0.2667112296875 0.8016472770833333 0.2693850265625
11 0.7502427895833333 0.215909090625 0.7141212104166667 0.16109625625 0.6852239458333333 0.1263368984375 0.675591525 0.12032085625 0.6647550520833333 0.1236631015625 0.6021443145833333 0.1965240640625 0.5624105749999999 0.23529411718749998 0.5563903124999999 0.252005346875 0.5383295229166667 0.26403743281250003 0.5359214166666667 0.27072192500000003 0.5491659958333333 0.28676470625 0.57083894375 0.3028074859375 0.5672267854166667 0.31550802187500004 0.5780632604166667 0.3328877 0.83693458125 0.33422459843749996 0.8417507916666668 0.3322192515625 0.8357305291666666 0.31417112343750003 0.7683035791666666 0.231951871875 0.7502427895833333 0.215909090625
0 0.23561996875 0.9084224593749999 0.23425871041666665 0.919786096875 0.2383424875 0.9231283421875001 0.25331634375 0.9204545453125 0.2669289395833333 0.91176470625 0.24923256458333334 0.903074865625 0.23561996875 0.9084224593749999
0 0.27624896875 0.856951871875 0.2598232729166667 0.850935828125 0.24887281041666667 0.8549465234375001 0.24613519374999998 0.8689839578124999 0.25434804166666664 0.8709893046875001 0.27077373541666666 0.866978609375 0.277617775 0.8609625671875 0.27624896875 0.856951871875
0 0.30789291458333334 0.9445187171875 0.30789291458333334 0.9538770046874999 0.31626880416666664 0.955882353125 0.33162460416666667 0.9505347593750001 0.33581255 0.94318181875 0.3120808583333333 0.9405080218749999 0.30789291458333334 0.9445187171875
4 0.6333085916666668 0.24398395781249999 0.6333085916666668 0.247994653125 0.7231753291666667 0.25534759375 0.7514895083333334 0.25467914375 0.7194821770833334 0.1965240640625 0.7133269208333334 0.195187165625 0.7084027145833333 0.19786096250000001 0.6973232541666667 0.20989304843749998 0.6603917166666666 0.231951871875 0.6333085916666668 0.24398395781249999
1 0.8820299916666666 0.229278075 0.90596025625 0.2379679140625 0.9235930791666667 0.2379679140625 0.93996641875 0.225935828125 0.9462638562500001 0.21657754062499998 0.9437448791666667 0.20989304843749998 0.8996628166666666 0.20254010625 0.8845489666666667 0.20254010625 0.8732135791666666 0.2065508015625 0.8744730666666667 0.2205882359375 0.8820299916666666 0.229278075
1 0.8897252479166667 0.3114973265625 0.9098575666666666 0.3081550796875 0.9236985354166667 0.2921123 0.9186654562500001 0.2827540109375 0.87840081875 0.27740641718750003 0.8582684979166667 0.27740641718750003 0.8507188791666667 0.2807486625 0.8494606104166667 0.2934491984375 0.8658181187499999 0.30748663125000003 0.8897252479166667 0.3114973265625