11 0.13064132916666668 0.7560160421875 0.16033254166666666 0.7513368984375 0.17339667499999997 0.7439839578125 0.13064132916666668 0.700534759375 0.08432303958333334 0.6631016046875 0.06888361041666666 0.6811497328125 0.011876485416666667 0.7847593578125001 0.011876485416666667 0.7921123 0.021377672916666667 0.794786096875 0.13064132916666668 0.7560160421875
11 0.2517814729166667 0.66109625625 0.14251781458333335 0.695855615625 0.134204275 0.700534759375 0.134204275 0.705213903125 0.2517814729166667 0.8135026734374999 0.2672209020833333 0.8262032078124999 0.27078384791666665 0.8255347593750001 0.30047506041666666 0.8021390374999999 0.37054631875 0.7359625671875001 0.37529691249999997 0.6885026734374999 0.3741092645833334 0.6370320859375 0.3671769604166667 0.6107593578125 0.32779097291666665 0.627005346875 0.2517814729166667 0.66109625625
7 0 0.362299465625 0.02494061666666667 0.377005346875 0.04038004791666667 0.3810160421875 0.09501187708333333 0.3897058828125 0.12232779166666667 0.388368984375 0.13895486875 0.38034759375 0.14014251875 0.36096256718749997 0.11757719791666667 0.3368983953125 0.10688836041666666 0.3014705875 0.08669833749999999 0.2693850265625 0.08788598541666667 0.2506684484375 0.08313539166666667 0.2379679140625 0.07482185208333333 0.229278075 0.052256531249999995 0.2185828875 0.009501187500000001 0.21724598906249998 0 0.2179144390625 0 0.362299465625
5 0 0.21925133749999998 0.020190022916666665 0.2179144390625 0.048693587499999996 0.20254010625 0.11638954791666666 0.18181818125 0.15201900208333333 0.1751336890625 0.24584323125 0.169117646875 0.25653206666666667 0.1651069515625 0.25890736249999996 0.16109625625 0.25653206666666667 0.1423796796875 0.24584323125 0.133021390625 0.2304038 0.1263368984375 0.19002375208333333 0.116978609375 0.14964370625 0.1129679140625 0.09144893125 0.112299465625 0.016627079166666666 0.1216577546875 0 0.1263368984375 0 0.21925133749999998
4 0.7862232770833334 0.4498663109375 0.7660332541666667 0.46122994687499996 0.7387173395833333 0.4652406421875 0.72565320625 0.4645721921875 0.7173396666666666 0.4692513375 0.7173396666666666 0.4799465234375 0.7315914479166667 0.4893048125 0.7517814729166666 0.49264705937500003 0.7767220895833333 0.4906417109375 0.7969121145833333 0.48395721875 0.8111638958333334 0.47393048125000004 0.8171021374999999 0.46390374375 0.8135391916666667 0.44318181875 0.8064133020833334 0.437165775 0.7980997625 0.43582887656249997 0.7921615208333334 0.437834225 0.7862232770833334 0.4498663109375
4 0.8574821854166667 0.33823529375 0.8586698333333334 0.35427807499999997 0.9097387166666666 0.3582887703125 0.941805225 0.3636363640625 0.9703087895833333 0.35962566875 0.9904988125 0.3422459890625 0.9869358666666667 0.33355615 0.97624703125 0.32820855625 0.9477434687499999 0.320855615625 0.9204275541666667 0.31818181874999996 0.9026128270833333 0.31818181874999996 0.8788598583333334 0.32419786093749997 0.8574821854166667 0.33823529375
4 0.8527315916666667 0.3850267375 0.8349168645833333 0.3970588234375 0.8313539187500001 0.403743315625 0.8337292166666667 0.419117646875 0.84085510625 0.42780748593749995 0.86104513125 0.44050802187500004 0.8741092645833334 0.4445187171875 0.8907363416666667 0.445187165625 0.9144893104166666 0.437834225 0.9263657958333333 0.4264705875 0.9251781479166666 0.419117646875 0.88004750625 0.399064171875 0.8646080749999999 0.387700534375 0.8527315916666667 0.3850267375
7 0.5201900229166667 0.763368984375 0.5249406166666667 0.7573529406249999 0.5273159145833334 0.7205882359375 0.52375296875 0.716577540625 0.5154394291666666 0.716577540625 0.50475059375 0.7219251343749999 0.48574821875 0.7413101609375 0.4881235145833333 0.76604278125 0.5011876479166667 0.7720588234375 0.5201900229166667 0.763368984375
5 0.6128266041666667 0.7667112296874999 0.6353919250000001 0.76604278125 0.6543943 0.7593582890625 0.6555819479166666 0.7513368984375 0.6460807604166666 0.7386363640625 0.6152019000000001 0.72459893125 0.5866983375 0.7205882359375 0.5783847979166666 0.7266042781250001 0.5748218520833334 0.7352941171875 0.5760095020833333 0.7506684484374999 0.6128266041666667 0.7667112296874999
8 0.6270783854166667 0.669117646875 0.6258907354166666 0.6858288765625 0.6425178145833333 0.6965240640625 0.7185273166666666 0.6931818187500001 0.7410926375 0.687834225 0.7648456062500001 0.6751336890624999 0.7719714958333334 0.6530748656250001 0.76365795625 0.6470588234375 0.74584323125 0.643716578125 0.7042755354166667 0.6443850265625 0.6698337291666667 0.65040106875 0.63895486875 0.66176470625 0.6270783854166667 0.669117646875
8 0.85154394375 0.5381016046875 0.8444180520833334 0.5474598937499999 0.8456057 0.554144384375 0.8669833729166666 0.564839571875 0.9144893104166666 0.570855615625 0.9608076000000001 0.565508021875 0.9738717333333333 0.562165775 0.9988123520833334 0.5474598937499999 0.9988123520833334 0.5086898390625 0.9584323041666667 0.5066844921875 0.9144893104166666 0.512700534375 0.86104513125 0.5294117640625 0.85154394375 0.5381016046875
8 0.85035629375 0.6042780750000001 0.8372921625 0.6136363640625 0.8372921625 0.6236631015625 0.84679335 0.633021390625 0.8562945375000001 0.6363636359375 0.8871733958333333 0.64037433125 0.9394299291666666 0.6350267374999999 0.9596199520833333 0.6216577546875001 0.9988123520833334 0.6189839578125 0.9988123520833334 0.580882353125 0.9821852729166667 0.5788770046875 0.95724465625 0.5848930484375 0.8942992875000001 0.5909090906250001 0.85035629375 0.6042780750000001
10 0.7862232770833334 0.711229946875 0.8147268416666668 0.7092245984375001 0.8325415666666667 0.7018716578124999 0.8384798104166666 0.6931818187500001 0.8372921625 0.685160428125 0.8182897854166666 0.6811497328125 0.8087885979166667 0.6831550796875 0.7921615208333334 0.6885026734374999 0.78384798125 0.6978609625 0.7814726833333334 0.705213903125 0.7862232770833334 0.711229946875
5 0.8729216145833333 0.846925134375 0.8895486937499999 0.8449197859375 0.8978622333333333 0.83823529375 0.8954869354166667 0.83355615 0.8824228020833333 0.830213903125 0.8681710208333333 0.8215240640625 0.8598574812499999 0.8241978609375 0.8586698333333334 0.8322192515625 0.8669833729166666 0.8449197859375 0.8729216145833333 0.846925134375
0 0.9655581937500001 0.7232620328125 0.9869358666666667 0.71390374375 0.9833729208333334 0.7038770046875 0.9738717333333333 0.700534759375 0.9584323041666667 0.710561496875 0.9477434687499999 0.7078877 0.9346793354166666 0.710561496875 0.9346793354166666 0.7192513375 0.942992875 0.7252673796875 0.9655581937500001 0.7232620328125
3 0.7315914479166667 0.7874331546875 0.7304037999999999 0.7794117640625 0.7244655583333334 0.77606951875 0.7019002375 0.7780748656250001 0.6769596208333333 0.7847593578125001 0.6769596208333333 0.7907754015624999 0.6959619958333333 0.7987967921875 0.7209026125 0.794117646875 0.7315914479166667 0.7874331546875
3 0.7517814729166666 0.5354278078125 0.7660332541666667 0.53609625625 0.8171021374999999 0.5327540109375 0.8325415666666667 0.5247326203125 0.8349168645833333 0.51604278125 0.7434679333333333 0.5167112296874999 0.7399049875 0.518716578125 0.73634204375 0.521390375 0.7399049875 0.5314171125 0.7517814729166666 0.5354278078125
3 0.35985748125 0.7987967921875 0.364608075 0.8021390374999999 0.37173396666666664 0.8021390374999999 0.3871733958333333 0.7981283421875001 0.41686460833333333 0.7794117640625 0.43586698333333335 0.75467914375 0.43705463125 0.7426470593750001 0.4311163895833333 0.736631015625 0.42280285 0.7386363640625 0.3978622333333333 0.7647058828125 0.36104513125 0.7881016046875 0.35985748125 0.7987967921875
4 0.3954869354166667 0.7085561499999999 0.4216152020833333 0.689839571875 0.42992874166666667 0.6758021390625 0.42755344375 0.6677807484375 0.41686460833333333 0.6664438500000001 0.4026128270833333 0.6711229953125 0.37529691249999997 0.6951871656249999 0.3741092645833334 0.7092245984375001 0.38004750625 0.71323529375 0.3954869354166667 0.7085561499999999
7 0.6258907354166666 0.565508021875 0.6555819479166666 0.562165775 0.6686460812499999 0.5581550796875 0.6817102145833334 0.5461229953125 0.6840855104166667 0.5300802140624999 0.673396675 0.5294117640625 0.6662707833333333 0.5320855609375 0.6472684083333333 0.5481283421875001 0.6104513062500001 0.5581550796875 0.6116389541666667 0.5641711234375 0.6258907354166666 0.565508021875
11 0.3372921625 0.5093582890625 0.32185273124999997 0.513368984375 0.31591448958333335 0.5167112296874999 0.31591448958333335 0.52540106875 0.36104513125 0.559491978125 0.4073634208333334 0.591577540625 0.4311163895833333 0.6029411765625 0.47980997708333334 0.6336898390625 0.4881235145833333 0.6370320859375 0.49643705416666667 0.6350267374999999 0.557007125 0.50467914375 0.5676959625 0.4906417109375 0.5665083125 0.4859625671875 0.3372921625 0.5093582890625
11 0.8016627083333333 0.2693850265625 0.8824228020833333 0.1731283421875 0.8717339666666667 0.169117646875 0.8064133020833334 0.16577540156249998 0.7220902604166667 0.1651069515625 0.7244655583333334 0.17713903749999999 0.7529691208333333 0.215909090625 0.7945368166666668 0.2667112296875 0.8016627083333333 0.2693850265625
11 0.7494061750000001 0.215909090625 0.7137767229166666 0.16109625625 0.6852731583333332 0.1263368984375 0.6757719708333333 0.12032085625 0.6650831354166667 0.1236631015625 0.6033254166666667 0.1965240640625 0.5641330166666666 0.23529411718749998 0.558194775 0.252005346875 0.5403800479166667 0.26403743281250003 0.53800475 0.27072192500000003 0.5510688833333333 0.28676470625 0.57244655625 0.3028074859375 0.5688836104166667 0.31550802187500004 0.5795724458333333 0.3328877 0.8349168645833333 0.33422459843749996 0.8396674583333333 0.3322192515625 0.8337292166666667 0.31417112343750003 0.7672209020833333 0.231951871875 0.7494061750000001 0.215909090625
0 0.23752969166666665 0.9084224593749999 0.23634204375 0.919786096875 0.2399049875 0.9231283421875001 0.25296912083333334 0.9204545453125 0.26484560625 0.91176470625 0.24940617499999998 0.903074865625 0.23752969166666665 0.9084224593749999
0 0.27434679375000004 0.856951871875 0.2600950125 0.850935828125 0.250593825 0.8549465234375001 0.24821852708333333 0.8689839578124999 0.25534441874999997 0.8709893046875001 0.26959619999999995 0.866978609375 0.27553444166666663 0.8609625671875 0.27434679375000004 0.856951871875
0 0.30997624791666667 0.9445187171875 0.30997624791666667 0.9538770046874999 0.3171021375 0.955882353125 0.33016627083333333 0.9505347593750001 0.33372921666666666 0.94318181875 0.31353919166666666 0.9405080218749999 0.30997624791666667 0.9445187171875
4 0.6353919250000001 0.24398395781249999 0.6353919250000001 0.247994653125 0.7220902604166667 0.25534759375 0.7494061750000001 0.25467914375 0.7185273166666666 0.1965240640625 0.7125890729166666 0.195187165625 0.7078384791666666 0.19786096250000001 0.69714964375 0.20989304843749998 0.6615201895833334 0.231951871875 0.6353919250000001 0.24398395781249999
1 0.8836104520833333 0.229278075 0.9061757729166667 0.2379679140625 0.92280285 0.2379679140625 0.93824228125 0.225935828125 0.9441805229166668 0.21657754062499998 0.941805225 0.20989304843749998 0.9002375291666667 0.20254010625 0.8859857479166667 0.20254010625 0.8752969125 0.2065508015625 0.8764845604166667 0.2205882359375 0.8836104520833333 0.229278075
1 0.8895486937499999 0.3114973265625 0.90855106875 0.3081550796875 0.9216152020833334 0.2921123 0.9168646083333333 0.2827540109375 0.8788598583333334 0.27740641718750003 0.8598574812499999 0.27740641718750003 0.8527315916666667 0.2807486625 0.85154394375 0.2934491984375 0.8669833729166666 0.30748663125000003 0.8895486937499999 0.3114973265625