8 0.53 0.207 0.5453333329081633 0.199 0.5573333329081633 0.182 0.562 0.169 0.564 0.145 0.56 0.126 0.5493333329081632 0.11 0.5386666670918367 0.102 0.5253333329081633 0.102 0.504 0.127 0.49466666709183676 0.158 0.49466666709183676 0.179 0.5013333329081633 0.193 0.5146666670918367 0.205 0.53 0.207
8 0.646 0.112 0.6533333329081633 0.116 0.6653333329081633 0.115 0.6753333329081632 0.106 0.6853333329081632 0.088 0.6866666670918368 0.059 0.6819999999999999 0.044 0.676 0.036 0.6626666670918367 0.029 0.65 0.028 0.6406666670918367 0.033 0.6333333329081633 0.046 0.6306666670918367 0.056 0.6313333329081633 0.081 0.6366666670918367 0.099 0.646 0.112
0 0.194 0.281 0.20400000000000001 0.275 0.212 0.26 0.2086666670918367 0.251 0.19333333290816326 0.244 0.174 0.243 0.166 0.251 0.16533333290816327 0.259 0.16933333290816324 0.267 0.18533333290816326 0.281 0.194 0.281
0 0.08066666709183673 0.253 0.08733333290816327 0.249 0.09333333290816326 0.238 0.09533333290816326 0.219 0.08600000000000001 0.217 0.05066666709183674 0.232 0.05066666709183674 0.24 0.05666666709183674 0.247 0.07 0.253 0.08066666709183673 0.253
7 0.21133333290816328 0.129 0.21999999999999997 0.108 0.22133333290816326 0.084 0.2086666670918367 0.079 0.19733333290816324 0.087 0.19333333290816326 0.097 0.194 0.118 0.19866666709183675 0.131 0.20533333290816327 0.135 0.21133333290816328 0.129
0 0.28466666709183674 0.046 0.28266666709183674 0.03 0.27599999999999997 0.024 0.2646666670918367 0.024 0.24 0.035 0.24 0.046 0.262 0.059 0.27066666709183673 0.059 0.28466666709183674 0.046
4 0 0.494 0.019333332908163265 0.505 0.04466666709183673 0.497 0.06799999999999999 0.479 0.12133333290816327 0.426 0.14933333290816325 0.379 0.15266666709183674 0.366 0.15133333290816325 0.344 0.14666666709183673 0.333 0.13933333290816327 0.328 0.12666666709183674 0.328 0.10866666709183673 0.337 0.017333332908163267 0.422 0 0.443 0 0.494
4 0.11333333290816328 0.901 0.15666666709183674 0.906 0.1806666670918367 0.895 0.19 0.884 0.19133333290816326 0.876 0.18733333290816329 0.852 0.17 0.836 0.154 0.831 0.13 0.833 0.10533333290816327 0.841 0.08133333290816326 0.861 0.07933333290816326 0.866 0.08266666709183673 0.892 0.09466666709183673 0.906 0.11333333290816328 0.901
2 0.15533333290816326 0.618 0.15466666709183674 0.607 0.14866666709183674 0.599 0.14 0.599 0.128 0.609 0.128 0.619 0.14133333290816327 0.63 0.15 0.628 0.15533333290816326 0.618
2 0.15 0.713 0.158 0.692 0.15733333290816326 0.68 0.14933333290816325 0.673 0.13333333290816327 0.675 0.12466666709183674 0.686 0.126 0.704 0.13666666709183672 0.718 0.144 0.718 0.15 0.713
2 0.13799999999999998 0.803 0.14933333290816325 0.792 0.15533333290816326 0.773 0.152 0.76 0.14333333290816327 0.756 0.12866666709183674 0.759 0.122 0.769 0.12133333290816327 0.781 0.12466666709183674 0.793 0.13 0.8 0.13799999999999998 0.803
0 0.32733333290816324 0.48 0.32866666709183673 0.473 0.308 0.473 0.29066666709183675 0.482 0.2886666670918367 0.485 0.29066666709183675 0.493 0.31133333290816323 0.502 0.32733333290816324 0.48
0 0.506 0.609 0.5146666670918367 0.601 0.5186666670918367 0.592 0.5166666670918367 0.587 0.504 0.584 0.4853333329081633 0.584 0.48133333290816327 0.588 0.48066666709183675 0.593 0.4853333329081633 0.603 0.49466666709183676 0.61 0.506 0.609
2 0.5453333329081633 0.262 0.5506666670918368 0.237 0.5473333329081632 0.227 0.5379999999999999 0.225 0.522 0.236 0.5213333329081632 0.244 0.532 0.267 0.5413333329081632 0.267 0.5453333329081633 0.262
2 0.5926666670918367 0.093 0.5953333329081633 0.079 0.5933333329081633 0.059 0.5826666670918368 0.056 0.5673333329081632 0.068 0.5673333329081632 0.081 0.578 0.099 0.5866666670918367 0.099 0.5926666670918367 0.093
2 0.8673333329081633 0.209 0.8613333329081633 0.2 0.8560000000000001 0.201 0.8446666670918367 0.215 0.8446666670918367 0.228 0.852 0.231 0.862 0.224 0.8673333329081633 0.209
2 0.22666666709183675 0.897 0.232 0.883 0.2253333329081633 0.875 0.21533333290816328 0.875 0.20400000000000001 0.886 0.20333333290816324 0.897 0.206 0.902 0.21733333290816326 0.904 0.22666666709183675 0.897
10 0.302 0.449 0.3146666670918367 0.464 0.326 0.465 0.334 0.46 0.35200000000000004 0.438 0.38133333290816324 0.42 0.3913333329081633 0.402 0.3913333329081633 0.369 0.374 0.32 0.36066666709183676 0.296 0.34066666709183674 0.274 0.3293333329081633 0.272 0.3233333329081633 0.275 0.28733333290816326 0.306 0.27066666709183673 0.313 0.264 0.324 0.2646666670918367 0.346 0.27866666709183674 0.397 0.29066666709183675 0.417 0.302 0.449
10 0.3726666670918367 0.583 0.3853333329081633 0.593 0.4 0.591 0.424 0.573 0.45 0.535 0.4613333329081633 0.504 0.4613333329081633 0.483 0.4526666670918367 0.449 0.44533333290816324 0.435 0.4313333329081632 0.424 0.402 0.442 0.364 0.458 0.35733333290816327 0.463 0.35200000000000004 0.475 0.34866666709183675 0.511 0.34333333290816326 0.533 0.3446666670918367 0.541 0.3726666670918367 0.583
3 0.43 0.821 0.45733333290816325 0.789 0.47600000000000003 0.779 0.48333333290816327 0.758 0.48666666709183676 0.736 0.4326666670918367 0.727 0.40599999999999997 0.745 0.3913333329081633 0.77 0.382 0.779 0.3826666670918368 0.798 0.388 0.806 0.41400000000000003 0.818 0.43 0.821
2 0 0.321 0.016666667091836736 0.325 0.022666667091836734 0.315 0.022000000000000002 0.304 0.017333332908163267 0.294 0.006666667091836735 0.287 0 0.287 0 0.321