8 0.5252131416666667 0.10200000000000001 0.50323878125 0.127 0.493625 0.158 0.493625 0.179 0.5004919875 0.193 0.5142259625 0.205 0.53002003125 0.207 0.5458141020833334 0.199 0.5581746791666667 0.182 0.5629815708333333 0.16899999999999998 0.5650416666666668 0.145 0.560921475 0.126 0.5499342958333333 0.11000000000000001 0.5389471145833333 0.10200000000000001 0.5252131416666667 0.10200000000000001
8 0.6628154770833333 0.028999999999999998 0.6496775791666667 0.028000000000000004 0.6399970229166667 0.033 0.6323908729166666 0.046 0.6296250000000001 0.05600000000000001 0.6303164687499999 0.081 0.6358482145833333 0.099 0.6455287708333334 0.11200000000000002 0.6531349208333334 0.11599999999999999 0.66558135 0.11499999999999999 0.6759533729166667 0.10600000000000001 0.6863253958333334 0.088 0.6877083333333334 0.059 0.6828680562499999 0.044 0.6766448416666666 0.036 0.6628154770833333 0.028999999999999998
0 0.16847023749999998 0.267 0.18518452291666668 0.281 0.19423809583333332 0.281 0.20468452291666667 0.275 0.21304166666666668 0.26 0.20955952291666666 0.251 0.19354166666666667 0.244 0.1733452375 0.24300000000000002 0.16498809583333335 0.251 0.16429166666666667 0.259 0.16847023749999998 0.267
0 0.06986007500000001 0.253 0.08102425416666666 0.253 0.08800186666666666 0.24900000000000003 0.09428171666666667 0.238 0.096375 0.219 0.08660634375 0.217 0.049625 0.23199999999999998 0.049625 0.24 0.05590485 0.24700000000000003 0.06986007500000001 0.253
7 0.20518452291666664 0.135 0.21163095208333335 0.129 0.22094246041666665 0.10800000000000001 0.222375 0.08399999999999999 0.20876587291666665 0.079 0.19658928541666668 0.087 0.19229166666666667 0.097 0.1930079375 0.118 0.198021825 0.131 0.20518452291666664 0.135
0 0.2857083333333333 0.046 0.28361505 0.03 0.27663743749999997 0.024 0.26477549791666666 0.024 0.23895833333333333 0.034999999999999996 0.23895833333333333 0.046 0.2619844520833333 0.059 0.2710553479166667 0.059 0.2857083333333333 0.046
4 0 0.49458469374999997 0.01855549583333333 0.505 0.04423453333333334 0.497 0.06788628125 0.479 0.12194741666666667 0.426 0.15032951249999998 0.379 0.15370833333333334 0.366 0.15235680416666667 0.344 0.14762645624999998 0.333 0.14019305 0.32799999999999996 0.12735352916666667 0.32799999999999996 0.10910789583333333 0.337 0.016528202083333336 0.422 0 0.4417549703125 0 0.49458469374999997
4 0.12990079375 0.833 0.10477529791666668 0.841 0.08032886874999999 0.861 0.07829166666666666 0.866 0.08168700416666666 0.892 0.09391021875 0.906 0.11292410624999999 0.901 0.1570634916666667 0.906 0.18150992083333334 0.8949999999999999 0.19101686458333333 0.884 0.19237500000000002 0.876 0.18830059583333333 0.852 0.17064484166666669 0.836 0.15434722291666667 0.8310000000000001 0.12990079375 0.833
2 0.15637500000000001 0.618 0.15565752083333334 0.607 0.14920020416666666 0.599 0.13987296666666668 0.599 0.12695833333333334 0.609 0.12695833333333334 0.619 0.14130792708333334 0.63 0.1506351625 0.628 0.15637500000000001 0.618
2 0.14416666666666667 0.718 0.15054166666666668 0.713 0.15904166666666666 0.692 0.15833333333333333 0.6799999999999999 0.14983333333333335 0.673 0.13283333333333333 0.675 0.12362500000000001 0.686 0.12504166666666666 0.704 0.136375 0.718 0.14416666666666667 0.718
2 0.12382924791666668 0.7929999999999999 0.12948937916666667 0.8 0.13797957500000002 0.8029999999999999 0.15000735208333332 0.792 0.15637500000000001 0.773 0.15283741874999998 0.76 0.14363970625 0.756 0.12807434583333335 0.759 0.12099918333333333 0.769 0.12029166666666667 0.7809999999999999 0.12382924791666668 0.7929999999999999
0 0.3297083333333333 0.47300000000000003 0.3079652770833333 0.47300000000000003 0.28972916666666665 0.48200000000000004 0.287625 0.485 0.28972916666666665 0.493 0.31147222291666665 0.502 0.32830555625 0.48 0.3297083333333333 0.47300000000000003
0 0.48454751458333334 0.603 0.49439254375 0.61 0.5063472229166667 0.609 0.5154890354166667 0.601 0.5197083333333333 0.592 0.5175986833333334 0.587 0.5042375729166666 0.584 0.48454751458333334 0.584 0.4803282166666667 0.588 0.479625 0.593 0.48454751458333334 0.603
2 0.5459962125000001 0.262 0.5517083333333334 0.23700000000000002 0.5481382583333333 0.227 0.5381420458333334 0.225 0.52100568125 0.236 0.5202916666666667 0.244 0.5317159083333334 0.267 0.5417121208333333 0.267 0.5459962125000001 0.262
2 0.5935099208333334 0.093 0.596375 0.079 0.5942261895833333 0.059 0.5827658729166667 0.05600000000000001 0.5662916666666666 0.068 0.5662916666666666 0.081 0.5777519833333333 0.099 0.5870634916666667 0.099 0.5935099208333334 0.093
2 0.8618235291666667 0.2 0.856 0.20099999999999998 0.843625 0.215 0.843625 0.22799999999999998 0.8516323520833333 0.231 0.8625514708333333 0.22400000000000003 0.868375 0.209 0.8618235291666667 0.2
2 0.22732073541666667 0.897 0.23304166666666667 0.883 0.22589050416666667 0.875 0.21516376041666666 0.875 0.20300678333333336 0.8859999999999999 0.20229166666666665 0.897 0.20515213125 0.9019999999999999 0.21730910833333333 0.9039999999999999 0.22732073541666667 0.897
10 0.3747580708333333 0.32 0.3612065875 0.296 0.3408793625 0.274 0.32936060208333334 0.272 0.32326243541666666 0.275 0.2866734291666667 0.306 0.26973407499999996 0.313 0.26295833333333335 0.324 0.26363590833333334 0.346 0.2778649645833333 0.397 0.29006129999999997 0.417 0.3015800604166667 0.449 0.3144539708333333 0.46399999999999997 0.32597273125000004 0.465 0.33410362083333334 0.45999999999999996 0.35239812291666667 0.438 0.3822113875 0.42000000000000004 0.39237500000000003 0.40199999999999997 0.39237500000000003 0.369 0.3747580708333333 0.32
10 0.4460925145833333 0.43499999999999994 0.4318453395833333 0.42400000000000004 0.40199411458333334 0.442 0.36332321041666665 0.458 0.35653884166666666 0.46299999999999997 0.3511113458333333 0.475 0.3477191625 0.511 0.3422916666666667 0.533 0.34364853958333336 0.541 0.3721428916666667 0.583 0.38503319166666666 0.593 0.3999588041666666 0.591 0.42438253333333337 0.5730000000000001 0.45084157291666666 0.5349999999999999 0.462375 0.504 0.462375 0.483 0.45355532083333333 0.449 0.4460925145833333 0.43499999999999994
3 0.38095833333333334 0.779 0.38163826875 0.798 0.3870777604166667 0.806 0.413595275 0.818 0.42991374791666664 0.8210000000000001 0.45779113541666666 0.7889999999999999 0.4768293520833333 0.779 0.48430865208333335 0.758 0.4877083333333333 0.736 0.43263349166666665 0.727 0.4054360395833333 0.745 0.39047744166666665 0.77 0.38095833333333334 0.779
2 0 0.32122895625000003 0.017156862499999998 0.325 0.023708333333333335 0.315 0.022980391666666666 0.304 0.017884804166666667 0.294 0.006237745833333333 0.28700000000000003 0 0.28700000000000003 0 0.32122895625000003