8 0.5253333333333333 0.10200000000000001 0.504 0.127 0.49466666666666664 0.158 0.49466666666666664 0.179 0.5013333333333333 0.193 0.5146666666666666 0.205 0.53 0.207 0.5453333333333333 0.199 0.5573333333333333 0.182 0.5619999999999999 0.16899999999999998 0.5640000000000001 0.145 0.56 0.126 0.5493333333333333 0.11000000000000001 0.5386666666666666 0.10200000000000001 0.5253333333333333 0.10200000000000001
8 0.6626666666666666 0.028999999999999998 0.65 0.028000000000000004 0.6406666666666666 0.033 0.6333333333333333 0.046 0.6306666666666667 0.05600000000000001 0.6313333333333334 0.081 0.6366666666666667 0.099 0.646 0.11200000000000002 0.6533333333333334 0.11599999999999999 0.6653333333333333 0.11499999999999999 0.6753333333333333 0.10600000000000001 0.6853333333333332 0.088 0.6866666666666668 0.059 0.682 0.044 0.676 0.036 0.6626666666666666 0.028999999999999998
0 0.16933333333333334 0.267 0.18533333333333332 0.281 0.194 0.281 0.20400000000000001 0.275 0.21200000000000002 0.26 0.20866666666666667 0.251 0.19333333333333333 0.244 0.174 0.24300000000000002 0.166 0.251 0.16533333333333333 0.259 0.16933333333333334 0.267
0 0.07 0.253 0.08066666666666666 0.253 0.08733333333333333 0.24900000000000003 0.09333333333333332 0.238 0.09533333333333333 0.219 0.08600000000000001 0.217 0.050666666666666665 0.23199999999999998 0.050666666666666665 0.24 0.056666666666666664 0.24700000000000003 0.07 0.253
7 0.20533333333333334 0.135 0.21133333333333332 0.129 0.22 0.10800000000000001 0.22133333333333333 0.08399999999999999 0.20866666666666667 0.079 0.19733333333333333 0.087 0.19333333333333333 0.097 0.194 0.118 0.19866666666666666 0.131 0.20533333333333334 0.135
0 0.2846666666666666 0.046 0.2826666666666667 0.03 0.27599999999999997 0.024 0.26466666666666666 0.024 0.24000000000000002 0.034999999999999996 0.24000000000000002 0.046 0.262 0.059 0.27066666666666667 0.059 0.2846666666666666 0.046
4 0 0.49400000000000005 0.01933333333333333 0.505 0.04466666666666667 0.497 0.068 0.479 0.12133333333333333 0.426 0.14933333333333335 0.379 0.15266666666666667 0.366 0.15133333333333335 0.344 0.14666666666666667 0.333 0.13933333333333334 0.32799999999999996 0.12666666666666665 0.32799999999999996 0.10866666666666666 0.337 0.017333333333333333 0.422 0 0.44299999999999995 0 0.49400000000000005
4 0.13 0.833 0.10533333333333333 0.841 0.08133333333333333 0.861 0.07933333333333333 0.866 0.08266666666666667 0.892 0.09466666666666666 0.906 0.11333333333333333 0.901 0.15666666666666668 0.906 0.18066666666666667 0.8949999999999999 0.19 0.884 0.19133333333333333 0.876 0.18733333333333332 0.852 0.16999999999999998 0.836 0.154 0.8310000000000001 0.13 0.833
2 0.15533333333333335 0.618 0.15466666666666665 0.607 0.14866666666666667 0.599 0.14 0.599 0.128 0.609 0.128 0.619 0.14133333333333334 0.63 0.15 0.628 0.15533333333333335 0.618
2 0.14400000000000002 0.718 0.15 0.713 0.158 0.692 0.15733333333333333 0.6799999999999999 0.14933333333333335 0.673 0.13333333333333333 0.675 0.12466666666666668 0.686 0.126 0.704 0.13666666666666666 0.718 0.14400000000000002 0.718
2 0.12466666666666668 0.7929999999999999 0.13 0.8 0.13799999999999998 0.8029999999999999 0.14933333333333335 0.792 0.15533333333333335 0.773 0.152 0.76 0.14333333333333334 0.756 0.12866666666666665 0.759 0.12200000000000001 0.769 0.12133333333333333 0.7809999999999999 0.12466666666666668 0.7929999999999999
0 0.32866666666666666 0.47300000000000003 0.308 0.47300000000000003 0.2906666666666667 0.48200000000000004 0.2886666666666667 0.485 0.2906666666666667 0.493 0.31133333333333335 0.502 0.32733333333333337 0.48 0.32866666666666666 0.47300000000000003
0 0.48533333333333334 0.603 0.49466666666666664 0.61 0.506 0.609 0.5146666666666666 0.601 0.5186666666666667 0.592 0.5166666666666667 0.587 0.504 0.584 0.48533333333333334 0.584 0.48133333333333334 0.588 0.4806666666666667 0.593 0.48533333333333334 0.603
2 0.5453333333333333 0.262 0.5506666666666666 0.23700000000000002 0.5473333333333333 0.227 0.538 0.225 0.522 0.236 0.5213333333333333 0.244 0.532 0.267 0.5413333333333333 0.267 0.5453333333333333 0.262
2 0.5926666666666667 0.093 0.5953333333333333 0.079 0.5933333333333334 0.059 0.5826666666666667 0.05600000000000001 0.5673333333333334 0.068 0.5673333333333334 0.081 0.578 0.099 0.5866666666666667 0.099 0.5926666666666667 0.093
2 0.8613333333333333 0.2 0.856 0.20099999999999998 0.8446666666666667 0.215 0.8446666666666667 0.22799999999999998 0.852 0.231 0.862 0.22400000000000003 0.8673333333333333 0.209 0.8613333333333333 0.2
2 0.22666666666666666 0.897 0.232 0.883 0.22533333333333333 0.875 0.21533333333333332 0.875 0.20400000000000001 0.8859999999999999 0.2033333333333333 0.897 0.206 0.9019999999999999 0.21733333333333332 0.9039999999999999 0.22666666666666666 0.897
10 0.374 0.32 0.3606666666666667 0.296 0.3406666666666667 0.274 0.32933333333333337 0.272 0.3233333333333333 0.275 0.28733333333333333 0.306 0.27066666666666667 0.313 0.264 0.324 0.26466666666666666 0.346 0.2786666666666667 0.397 0.2906666666666667 0.417 0.302 0.449 0.31466666666666665 0.46399999999999997 0.32599999999999996 0.465 0.33399999999999996 0.45999999999999996 0.35200000000000004 0.438 0.3813333333333333 0.42000000000000004 0.39133333333333337 0.40199999999999997 0.39133333333333337 0.369 0.374 0.32
10 0.4453333333333333 0.43499999999999994 0.4313333333333333 0.42400000000000004 0.402 0.442 0.364 0.458 0.35733333333333334 0.46299999999999997 0.35200000000000004 0.475 0.3486666666666667 0.511 0.3433333333333334 0.533 0.3446666666666667 0.541 0.37266666666666665 0.583 0.38533333333333336 0.593 0.4 0.591 0.42400000000000004 0.5730000000000001 0.45 0.5349999999999999 0.4613333333333333 0.504 0.4613333333333333 0.483 0.45266666666666666 0.449 0.4453333333333333 0.43499999999999994
3 0.382 0.779 0.38266666666666665 0.798 0.388 0.806 0.414 0.818 0.43 0.8210000000000001 0.45733333333333337 0.7889999999999999 0.476 0.779 0.48333333333333334 0.758 0.48666666666666664 0.736 0.4326666666666667 0.727 0.40599999999999997 0.745 0.39133333333333337 0.77 0.382 0.779
2 0 0.321 0.016666666666666666 0.325 0.02266666666666667 0.315 0.022000000000000002 0.304 0.017333333333333333 0.294 0.006666666666666667 0.28700000000000003 0 0.28700000000000003 0 0.321