5 0.0118376556122449 0.20859375 0.012965051020408163 0.226171875 0.029312288265306123 0.251953125 0.04904171301020408 0.2703125 0.05806087882653061 0.27109375 0.06313416071428572 0.265625 0.06538895153061225 0.25703125 0.043404734693877546 0.226953125 0.03325817346938775 0.2015625 0.029312288265306123 0.20078125 0.0118376556122449 0.20859375
4 0.9718151071428571 0.30625 0.9605411505102041 0.31171875 0.9470124017857142 0.315625 0.8923337091836734 0.328125 0.8218714770408163 0.35546875 0.7987598647959184 0.358984375 0.7863585114795919 0.36328125 0.7852311160714285 0.365625 0.7903043966836735 0.370703125 0.8015783545918367 0.37265625 0.9222096951530612 0.359375 0.9368658392857143 0.35 0.955467868622449 0.33359375 0.9825253660714286 0.3140625 0.9830890637755101 0.310546875 0.9785794808673469 0.30625 0.9718151071428571 0.30625
4 0.8286358507653061 0.445703125 0.8145434043367347 0.45 0.7728297627551021 0.455859375 0.738444193877551 0.46328125 0.6987034948979592 0.464453125 0.6730552423469387 0.46328125 0.6696730548469388 0.478515625 0.6640360765306123 0.48984375 0.6651634719387755 0.49296875 0.7136414885204081 0.5203125 0.7361894030612245 0.52890625 0.7784667423469388 0.498046875 0.8337091313775511 0.462109375 0.835400225765306 0.447265625 0.8337091313775511 0.445703125 0.8286358507653061 0.445703125
7 0.6443066517857143 0.6125 0.6708004515306123 0.60859375 0.674182637755102 0.606640625 0.6764374298469388 0.603515625 0.6747463354591837 0.55625 0.6702367525510203 0.55390625 0.6662908686224489 0.555078125 0.662908681122449 0.565625 0.6550169107142858 0.57578125 0.6324689961734693 0.5921875 0.6245772270408163 0.6 0.6071025931122449 0.612109375 0.5941375420918368 0.618359375 0.5963923341836734 0.621484375 0.6014656147959183 0.622265625 0.6228861326530613 0.619140625 0.6443066517857143 0.6125
7 0.28241262627551017 0.525 0.2807215331632653 0.521484375 0.2756482525510204 0.51875 0.27113866964285716 0.519140625 0.26493799362244896 0.53359375 0.2480270573979592 0.554296875 0.23675310076530612 0.575390625 0.22660653826530613 0.588671875 0.2277339349489796 0.594921875 0.2328072155612245 0.596875 0.24013528698979592 0.59375 0.25591882780612246 0.581640625 0.2750845548469388 0.574609375 0.2773393456632653 0.571875 0.2767756479591837 0.568359375 0.27959413775510206 0.565234375 0.2807215331632653 0.558984375 0.28241262627551017 0.525
8 0.39007891709183673 0.392578125 0.3855693354591837 0.369921875 0.3726042844387755 0.349609375 0.36020293112244894 0.33984375 0.35456595280612246 0.3375 0.34216459948979594 0.33359375 0.3263810599489796 0.33125 0.3134160089285714 0.33125 0.2993235625 0.33359375 0.2857948137755102 0.340625 0.2790304400510204 0.346484375 0.27282976275510207 0.35390625 0.2683201798469388 0.3640625 0.2683201798469388 0.37890625 0.27339346173469387 0.390234375 0.2790304400510204 0.397265625 0.2919954897959184 0.406640625 0.30608793749999996 0.41171875 0.34329199489795914 0.41875 0.3652762117346939 0.41796875 0.37204058673469387 0.416015625 0.38387824107142854 0.40703125 0.39007891709183673 0.392578125
8 0.2756482525510204 0.412109375 0.2750845548469388 0.40546875 0.27113866964285716 0.39765625 0.26493799362244896 0.388671875 0.25591882780612246 0.38046875 0.23562570408163264 0.367578125 0.22660653826530613 0.364453125 0.21307779081632652 0.362890625 0.20180383290816326 0.365625 0.19222096938775513 0.37265625 0.18038331505102043 0.38828125 0.17305524234693878 0.41015625 0.1719278469387755 0.43203125 0.17531003443877552 0.446875 0.18094701275510205 0.455078125 0.18602029336734693 0.45859375 0.19560315688775512 0.459765625 0.20631341581632653 0.458984375 0.22829763265306122 0.452734375 0.2570462232142857 0.437890625 0.27113866964285716 0.4265625 0.2756482525510204 0.412109375
8 0.2857948137755102 0.480078125 0.2857948137755102 0.468359375 0.2829763252551021 0.4578125 0.2756482525510204 0.44765625 0.2671927844387755 0.44296875 0.2547914323979592 0.4421875 0.24013528698979592 0.4484375 0.22660653826530613 0.45703125 0.21533258163265304 0.470703125 0.20180383290816326 0.477734375 0.1939120625 0.4875 0.19334836479591835 0.50234375 0.19673055229591835 0.513671875 0.20631341581632653 0.531640625 0.2175873737244898 0.54140625 0.2243517474489796 0.5421875 0.2361894030612245 0.539453125 0.2576099209183674 0.526171875 0.2688838788265306 0.515625 0.28128523086734697 0.4953125 0.2857948137755102 0.480078125
11 0.7051860204081634 0.7875 0.7018038329081633 0.783203125 0.6967305522959184 0.783203125 0.6600901913265307 0.7984375 0.6578354005102042 0.80078125 0.6482525369897959 0.80234375 0.6234498303571429 0.8125 0.618376549744898 0.81640625 0.6178128520408164 0.818359375 0.6228861326530613 0.82265625 0.6426155586734694 0.8296875 0.6617812857142857 0.840234375 0.6662908686224489 0.840234375 0.702367530612245 0.85625 0.7051860204081634 0.856640625 0.7074408112244898 0.855078125 0.7085682079081632 0.8203125 0.7051860204081634 0.7875
5 0.09921082270408163 0.67734375 0.10315670790816327 0.66328125 0.10259301020408162 0.63984375 0.09977452040816327 0.621484375 0.09582863647959183 0.614453125 0.06031567091836735 0.609765625 0.05806087882653061 0.611328125 0.05749718112244898 0.6234375 0.06087936862244898 0.63828125 0.06200676403061225 0.665234375 0.054678692602040814 0.67890625 0.04453213137755102 0.689453125 0.03720405867346938 0.69375 0.03438556887755102 0.6984375 0.03494926658163265 0.719921875 0.036640360969387754 0.724609375 0.04396843239795919 0.7328125 0.050732807397959184 0.734375 0.06426155612244898 0.733984375 0.08455467857142858 0.73125 0.08680947066326532 0.728125 0.0851183762755102 0.715625 0.08793686607142857 0.69921875 0.09921082270408163 0.67734375
5 0.08737316836734693 0.575 0.08286358545918368 0.5796875 0.0834272831632653 0.5875 0.09131905357142857 0.59296875 0.0952649375 0.59296875 0.09921082270408163 0.591796875 0.10372040561224491 0.583203125 0.1121758737244898 0.57890625 0.11273957142857143 0.5734375 0.10766629081632652 0.569921875 0.10315670790816327 0.569140625 0.08737316836734693 0.575
10 0.1307779030612245 0.48515625 0.1307779030612245 0.491015625 0.13697857908163266 0.497265625 0.1392333711734694 0.49765625 0.15614430612244898 0.491015625 0.15727170280612246 0.4859375 0.1493799323979592 0.478125 0.1392333711734694 0.478515625 0.133032693877551 0.48203125 0.1307779030612245 0.48515625
2 0.572153325255102 0.823046875 0.5760992104591837 0.82734375 0.5834272831632653 0.824609375 0.5952649375 0.823828125 0.598647125 0.817578125 0.5958286364795918 0.812109375 0.5879368660714286 0.809765625 0.5822998877551021 0.81171875 0.5738444196428572 0.81875 0.572153325255102 0.823046875
5 0.435738443877551 0.7265625 0.4306651632653061 0.726953125 0.41882750892857146 0.7375 0.41995490433673466 0.74375 0.4272829757653061 0.746875 0.4340473507653061 0.744921875 0.455467868622449 0.744921875 0.458850056122449 0.744140625 0.46166854591836737 0.741015625 0.4582863584183674 0.736328125 0.45039458801020404 0.7359375 0.4441939119897959 0.73359375 0.435738443877551 0.7265625
7 0.5360766632653061 0.11328125 0.5310033826530612 0.120703125 0.5310033826530612 0.129296875 0.5355129655612245 0.1359375 0.546223224489796 0.142578125 0.5563697857142857 0.142578125 0.5597519732142857 0.1390625 0.5653889515306122 0.119921875 0.564261556122449 0.108203125 0.5569334834183673 0.105078125 0.5467869221938776 0.10703125 0.5360766632653061 0.11328125
3 0.49154453188775504 0.16484375 0.48590755357142856 0.1609375 0.47068771173469387 0.16171875 0.4639233367346939 0.166015625 0.45997745153061226 0.17109375 0.4594137538265306 0.173828125 0.46730552423469385 0.184375 0.46674182653061225 0.196875 0.4701240140306122 0.198828125 0.49041713647959184 0.196875 0.5056369783163266 0.18984375 0.5095828635204082 0.185546875 0.5078917704081632 0.181640625 0.49774520918367343 0.17421875 0.49154453188775504 0.16484375
7 0.5259301020408164 0.283203125 0.5242390076530612 0.26796875 0.5214205191326531 0.26328125 0.5135287487244898 0.258984375 0.5107102589285715 0.259765625 0.5016910931122449 0.255859375 0.48083427295918363 0.254296875 0.47294250255102044 0.255859375 0.4723788048469388 0.26015625 0.4797068775510204 0.26953125 0.47801578316326526 0.28125 0.4797068775510204 0.286328125 0.4892897410714286 0.291796875 0.5011273954081632 0.294921875 0.5101465612244898 0.295703125 0.518038331632653 0.294140625 0.5214205191326531 0.291796875 0.5259301020408164 0.283203125
5 0.24013528698979592 0.29296875 0.2328072155612245 0.293359375 0.22886133035714284 0.298046875 0.22886133035714284 0.303125 0.23224351785714284 0.307421875 0.23562570408163264 0.305859375 0.2446448698979592 0.30703125 0.2508455471938776 0.31015625 0.2519729426020408 0.3125 0.2598647130102041 0.3109375 0.2621195038265306 0.307421875 0.2604284107142857 0.30234375 0.24013528698979592 0.29296875
7 0.08286358545918368 0.26328125 0.07158962755102041 0.27421875 0.06031567091836735 0.28984375 0.05749718112244898 0.298046875 0.05749718112244898 0.325 0.06031567091836735 0.330859375 0.06820744132653062 0.33046875 0.08906426147959183 0.323046875 0.09808342729591837 0.31796875 0.10372040561224491 0.30625 0.10259301020408162 0.287109375 0.09582863647959183 0.271875 0.08793686607142857 0.26328125 0.08286358545918368 0.26328125
7 0.08793686607142857 0.39453125 0.08117249107142857 0.40078125 0.08117249107142857 0.40859375 0.09131905357142857 0.421875 0.09921082270408163 0.42109375 0.1071025931122449 0.4171875 0.11104847831632653 0.4125 0.11161217602040817 0.4 0.10992108290816327 0.39609375 0.10315670790816327 0.390625 0.09751972959183673 0.390625 0.08793686607142857 0.39453125
4 0.7373167984693878 0.38203125 0.6933483647959183 0.400390625 0.6550169107142858 0.410546875 0.6189402474489796 0.41015625 0.6172491543367347 0.411328125 0.6161217589285715 0.425390625 0.6189402474489796 0.437890625 0.6459977448979591 0.44765625 0.6578354005102042 0.4484375 0.674182637755102 0.43984375 0.7328072155612244 0.402734375 0.7418263813775511 0.393359375 0.7435174744897959 0.383984375 0.7406989859693877 0.381640625 0.7373167984693878 0.38203125
7 0.07158962755102041 0.46015625 0.06708004464285715 0.466015625 0.06764374234693878 0.47421875 0.07553551275510204 0.484375 0.08004509566326531 0.4875 0.09075535459183673 0.483984375 0.09582863647959183 0.479296875 0.09751972959183673 0.47421875 0.09751972959183673 0.453125 0.09244644897959184 0.4515625 0.08229988775510204 0.454296875 0.07158962755102041 0.46015625
7 0.1290868099489796 0.5375 0.13134160076530613 0.5484375 0.13472378826530612 0.55390625 0.13866967346938774 0.55546875 0.15163472321428573 0.549609375 0.1617812857142857 0.539453125 0.16009019132653063 0.525 0.1578354005102041 0.52265625 0.15219842219387755 0.523828125 0.1341600905612245 0.53203125 0.1290868099489796 0.5375
5 0 0.605078125 0.01634723724489796 0.614453125 0.025930102040816326 0.61484375 0.032694475765306125 0.6109375 0.03494926658163265 0.60703125 0.03494926658163265 0.598828125 0.03156708035714286 0.591796875 0.021420519132653058 0.5828125 0.008455468112244898 0.577734375 0.0022547908163265307 0.576953125 0 0.576953125 0 0.605078125
3 0.09808342729591837 0.15078125 0.09921082270408163 0.1609375 0.1071025931122449 0.1734375 0.11104847831632653 0.17578125 0.11612175892857142 0.17578125 0.12683201785714285 0.171875 0.12852311224489796 0.16875 0.1273957155612245 0.162109375 0.11104847831632653 0.146875 0.10597519770408162 0.14609375 0.09808342729591837 0.15078125
3 0.22153325765306123 0 0.2209695599489796 0.001953125 0.20462232270408162 0.00703125 0.20293122831632654 0.0125 0.21476888392857144 0.02890625 0.21364148852040815 0.033203125 0.24069898596938777 0.036328125 0.2480270573979592 0.034375 0.2604284107142857 0.02265625 0.2660653890306123 0.0125 0.26775648214285713 0.00390625 0.2655016913265306 0 0.22153325765306123 0
9 0.7609921084183673 0.64765625 0.7688838788265306 0.64765625 0.7739571594387755 0.644140625 0.7745208571428571 0.63671875 0.7688838788265306 0.6328125 0.7581736186224489 0.634765625 0.7547914323979592 0.63828125 0.7553551301020409 0.644140625 0.7609921084183673 0.64765625
9 0.6820744081632654 0.5640625 0.6888387818877552 0.56484375 0.6967305522959184 0.561328125 0.6972942499999999 0.55625 0.6933483647959183 0.55234375 0.6865839910714285 0.5515625 0.6798196160714285 0.554296875 0.6775648252551021 0.557421875 0.6820744081632654 0.5640625
9 0.9396843290816327 0.613671875 0.9492671926020407 0.614453125 0.9543404732142857 0.605859375 0.9532130778061225 0.60234375 0.9425028188775509 0.599609375 0.9379932359693878 0.60078125 0.9346110484693877 0.603515625 0.9351747461734694 0.611328125 0.9396843290816327 0.613671875
1 0.3072153329081633 0.0875 0.30270575 0.09296875 0.30270575 0.10703125 0.3072153329081633 0.113671875 0.31397970663265307 0.11640625 0.32299887244897957 0.11640625 0.33596392346938775 0.110546875 0.3387824119897959 0.105859375 0.3382187142857143 0.099609375 0.32976324744897956 0.0875 0.3246899655612245 0.0859375 0.3072153329081633 0.0875
1 0.40868094642857145 0.169921875 0.3974069897959183 0.17109375 0.3923337091836735 0.173828125 0.3895152193877551 0.180078125 0.39007891709183673 0.191796875 0.3934611045918367 0.19609375 0.40022547959183674 0.19921875 0.4103720408163265 0.199609375 0.4205186020408163 0.19609375 0.4250281849489796 0.191796875 0.42559188265306125 0.18125 0.4222096951530612 0.174609375 0.4182638112244898 0.17109375 0.40868094642857145 0.169921875
1 0.8850056364795919 0.1625 0.871476887755102 0.16171875 0.8624577232142858 0.1640625 0.856820743622449 0.16796875 0.851747463010204 0.1765625 0.851747463010204 0.18515625 0.8590755357142857 0.192578125 0.866967306122449 0.1953125 0.8788049604591837 0.19453125 0.8833145433673469 0.19296875 0.8906426160714286 0.18671875 0.8928974068877551 0.17890625 0.8917700114795919 0.168359375 0.8895152193877551 0.16484375 0.8850056364795919 0.1625
1 0.9396843290816327 0.055859375 0.9329199553571429 0.052734375 0.9239007895408163 0.052734375 0.9114994362244897 0.05546875 0.9024802704081633 0.067578125 0.901352875 0.07734375 0.903043968112245 0.08046875 0.9075535510204081 0.084765625 0.9148816237244898 0.087109375 0.924464487244898 0.087109375 0.9340473507653062 0.084765625 0.9391206313775511 0.08125 0.9430665165816327 0.074609375 0.9425028188775509 0.06015625 0.9396843290816327 0.055859375
1 0.10653889540816326 0.322265625 0.09582863647959183 0.323046875 0.09188275127551021 0.32578125 0.09188275127551021 0.334765625 0.10202931250000001 0.34921875 0.1054115 0.352734375 0.11330326913265307 0.353125 0.1172491543367347 0.35078125 0.12344983035714285 0.341796875 0.12401352933673469 0.334765625 0.12119503954081631 0.329296875 0.11330326913265307 0.323828125 0.10653889540816326 0.322265625
1 0.07046223214285714 0.18046875 0.061443066326530606 0.18046875 0.05636978571428571 0.184765625 0.05636978571428571 0.1921875 0.06313416071428572 0.205859375 0.06820744132653062 0.210546875 0.07440811734693877 0.21171875 0.0817361887755102 0.20703125 0.08455467857142858 0.202734375 0.08680947066326532 0.19609375 0.0851183762755102 0.189453125 0.07948139795918367 0.184765625 0.07046223214285714 0.18046875
9 0.19447576147959184 0.538671875 0.19785794770408163 0.540234375 0.2023675306122449 0.539453125 0.2057497181122449 0.533203125 0.20293122831632654 0.527734375 0.19785794770408163 0.526171875 0.19222096938775513 0.529296875 0.19165727168367347 0.533203125 0.19447576147959184 0.538671875
9 0.16798196173469387 0.553125 0.1702367525510204 0.55078125 0.16798196173469387 0.542578125 0.16121758801020408 0.540625 0.15839909821428572 0.54453125 0.16009019132653063 0.551171875 0.16459977423469388 0.55390625 0.16798196173469387 0.553125
9 0.3348365280612245 0.640234375 0.3444193915816327 0.641015625 0.34667418239795916 0.63984375 0.3483652767857143 0.634375 0.3455467869897959 0.630859375 0.3348365280612245 0.629296875 0.3314543405612245 0.632421875 0.3314543405612245 0.637109375 0.3348365280612245 0.640234375
9 0.27621195025510203 0.58828125 0.2790304400510204 0.58515625 0.2767756479591837 0.577734375 0.2700112742346939 0.576171875 0.26493799362244896 0.57890625 0.26493799362244896 0.58515625 0.26775648214285713 0.58828125 0.27621195025510203 0.58828125