5 0.05806087916666667 0.27109375 0.06313416041666667 0.265625 0.06538895208333334 0.25703125 0.043404735416666666 0.226953125 0.03325817291666667 0.2015625 0.02931228958333333 0.20078125 0.011837654166666666 0.20859375 0.01296505 0.226171875 0.02931228958333333 0.251953125 0.04904171458333333 0.2703125 0.05806087916666667 0.27109375
4 0.9222096958333333 0.359375 0.9368658395833334 0.35 0.95546786875 0.33359375 0.9825253666666666 0.3140625 0.9830890645833333 0.310546875 0.9785794812499999 0.30625 0.97181510625 0.30625 0.96054115 0.31171875 0.9470124020833333 0.315625 0.8923337083333334 0.328125 0.8218714770833333 0.35546875 0.7987598645833334 0.358984375 0.7863585125 0.36328125 0.7852311166666667 0.365625 0.7903043958333333 0.370703125 0.8015783541666667 0.37265625 0.9222096958333333 0.359375
4 0.7136414875 0.5203125 0.7361894020833333 0.52890625 0.7784667416666667 0.498046875 0.83370913125 0.462109375 0.835400225 0.447265625 0.83370913125 0.445703125 0.8286358520833333 0.445703125 0.8145434041666667 0.45 0.7728297625 0.455859375 0.73844419375 0.46328125 0.6987034958333334 0.464453125 0.6730552416666666 0.46328125 0.66967305625 0.478515625 0.6640360770833333 0.48984375 0.6651634729166667 0.49296875 0.7136414875 0.5203125
7 0.6245772270833334 0.6 0.60710259375 0.612109375 0.5941375416666667 0.618359375 0.5963923333333334 0.621484375 0.6014656145833333 0.622265625 0.6228861333333333 0.619140625 0.6443066520833334 0.6125 0.67080045 0.60859375 0.6741826375 0.606640625 0.6764374291666667 0.603515625 0.6747463354166666 0.55625 0.6702367520833333 0.55390625 0.66629086875 0.555078125 0.66290868125 0.565625 0.6550169104166667 0.57578125 0.6324689958333334 0.5921875 0.6245772270833334 0.6
7 0.25591882708333336 0.581640625 0.27508455416666666 0.574609375 0.2773393458333333 0.571875 0.27677564791666665 0.568359375 0.2795941375 0.565234375 0.2807215333333334 0.558984375 0.28241262708333337 0.525 0.2807215333333334 0.521484375 0.2756482520833333 0.51875 0.27113866875 0.519140625 0.26493799375 0.53359375 0.24802705833333333 0.554296875 0.2367531 0.575390625 0.22660653958333335 0.588671875 0.22773393541666667 0.594921875 0.23280721458333334 0.596875 0.2401352875 0.59375 0.25591882708333336 0.581640625
8 0.2919954895833333 0.406640625 0.3060879375 0.41171875 0.3432919958333333 0.41875 0.36527621250000003 0.41796875 0.3720405854166666 0.416015625 0.3838782416666667 0.40703125 0.39007891666666666 0.392578125 0.38556933541666666 0.369921875 0.37260428333333334 0.349609375 0.36020293124999997 0.33984375 0.3545659520833333 0.3375 0.34216460000000004 0.33359375 0.3263810604166667 0.33125 0.31341600833333333 0.33125 0.2993235625 0.33359375 0.28579481458333333 0.340625 0.2790304395833333 0.346484375 0.27282976249999996 0.35390625 0.26832018125 0.3640625 0.26832018125 0.37890625 0.2733934604166667 0.390234375 0.2790304395833333 0.397265625 0.2919954895833333 0.406640625
8 0.18602029375 0.45859375 0.19560315625 0.459765625 0.20631341666666667 0.458984375 0.22829763333333333 0.452734375 0.2570462229166667 0.437890625 0.27113866875 0.4265625 0.2756482520833333 0.412109375 0.27508455416666666 0.40546875 0.27113866875 0.39765625 0.26493799375 0.388671875 0.25591882708333336 0.38046875 0.23562570416666664 0.367578125 0.22660653958333335 0.364453125 0.21307778958333332 0.362890625 0.20180383333333335 0.365625 0.19222096875 0.37265625 0.18038331458333332 0.38828125 0.17305524166666666 0.41015625 0.17192784583333334 0.43203125 0.17531003333333334 0.446875 0.1809470125 0.455078125 0.18602029375 0.45859375
8 0.2175873729166667 0.54140625 0.22435174791666668 0.5421875 0.23618940208333333 0.539453125 0.25760992083333334 0.526171875 0.2688838791666667 0.515625 0.28128523125 0.4953125 0.28579481458333333 0.480078125 0.28579481458333333 0.468359375 0.282976325 0.4578125 0.2756482520833333 0.44765625 0.26719278541666663 0.44296875 0.25479143125 0.4421875 0.2401352875 0.4484375 0.22660653958333335 0.45703125 0.21533258125000002 0.470703125 0.20180383333333335 0.477734375 0.19391206249999998 0.4875 0.19334836458333332 0.50234375 0.19673055208333334 0.513671875 0.20631341666666667 0.531640625 0.2175873729166667 0.54140625
11 0.6617812854166666 0.840234375 0.66629086875 0.840234375 0.70236753125 0.85625 0.7051860208333333 0.856640625 0.7074408125 0.855078125 0.7085682083333332 0.8203125 0.7051860208333333 0.7875 0.7018038333333333 0.783203125 0.6967305520833332 0.783203125 0.6600901916666667 0.7984375 0.6578354 0.80078125 0.6482525375 0.80234375 0.62344983125 0.8125 0.61837655 0.81640625 0.6178128520833333 0.818359375 0.6228861333333333 0.82265625 0.6426155583333333 0.8296875 0.6617812854166666 0.840234375
5 0.05073280625 0.734375 0.06426155625 0.733984375 0.08455467916666667 0.73125 0.08680947083333333 0.728125 0.08511837708333332 0.715625 0.08793686666666667 0.69921875 0.09921082291666666 0.67734375 0.10315670833333333 0.66328125 0.10259301041666666 0.63984375 0.09977452083333334 0.621484375 0.09582863541666667 0.614453125 0.060315670833333335 0.609765625 0.05806087916666667 0.611328125 0.05749718125 0.6234375 0.06087936875 0.63828125 0.06200676458333333 0.665234375 0.05467869166666666 0.67890625 0.04453213125 0.689453125 0.03720405833333333 0.69375 0.03438556875 0.6984375 0.034949266666666666 0.719921875 0.03664036041666666 0.724609375 0.043968433333333334 0.7328125 0.05073280625 0.734375
5 0.09921082291666666 0.591796875 0.10372040625 0.583203125 0.11217587291666667 0.57890625 0.11273957083333334 0.5734375 0.10766629166666666 0.569921875 0.10315670833333333 0.569140625 0.08737316875 0.575 0.08286358541666666 0.5796875 0.08342728333333334 0.5875 0.09131905208333334 0.59296875 0.09526493750000001 0.59296875 0.09921082291666666 0.591796875
10 0.13923337083333334 0.49765625 0.15614430625 0.491015625 0.15727170208333333 0.4859375 0.14937993333333335 0.478125 0.13923337083333334 0.478515625 0.13303269375000001 0.48203125 0.13077790208333334 0.48515625 0.13077790208333334 0.491015625 0.13697857916666667 0.497265625 0.13923337083333334 0.49765625
2 0.5952649375 0.823828125 0.598647125 0.817578125 0.5958286354166666 0.812109375 0.5879368666666667 0.809765625 0.5822998875 0.81171875 0.5738444187499999 0.81875 0.572153325 0.823046875 0.5760992104166667 0.82734375 0.5834272833333334 0.824609375 0.5952649375 0.823828125
5 0.45546786874999995 0.744921875 0.45885005625 0.744140625 0.46166854583333333 0.741015625 0.4582863583333333 0.736328125 0.4503945875 0.7359375 0.4441939125 0.73359375 0.43573844375 0.7265625 0.43066516250000003 0.726953125 0.4188275083333333 0.7375 0.41995490416666664 0.74375 0.42728297708333335 0.746875 0.43404735 0.744921875 0.45546786874999995 0.744921875
7 0.5563697854166667 0.142578125 0.5597519729166667 0.1390625 0.5653889520833334 0.119921875 0.5642615562500001 0.108203125 0.5569334833333334 0.105078125 0.5467869229166666 0.10703125 0.5360766625 0.11328125 0.53100338125 0.120703125 0.53100338125 0.129296875 0.5355129645833333 0.1359375 0.546223225 0.142578125 0.5563697854166667 0.142578125
3 0.4701240125 0.198828125 0.4904171354166667 0.196875 0.5056369791666666 0.18984375 0.5095828645833334 0.185546875 0.5078917708333334 0.181640625 0.4977452083333333 0.17421875 0.49154453124999997 0.16484375 0.48590755416666664 0.1609375 0.4706877104166667 0.16171875 0.4639233375 0.166015625 0.45997745208333335 0.17109375 0.45941375416666663 0.173828125 0.46730552500000005 0.184375 0.46674182708333334 0.196875 0.4701240125 0.198828125
7 0.4797068770833333 0.286328125 0.48928974166666667 0.291796875 0.5011273958333333 0.294921875 0.5101465604166667 0.295703125 0.51803833125 0.294140625 0.52142051875 0.291796875 0.5259301020833334 0.283203125 0.5242390083333334 0.26796875 0.52142051875 0.26328125 0.5135287479166667 0.258984375 0.5107102583333334 0.259765625 0.50169109375 0.255859375 0.4808342729166667 0.254296875 0.4729425020833334 0.255859375 0.47237880416666667 0.26015625 0.4797068770833333 0.26953125 0.47801578333333333 0.28125 0.4797068770833333 0.286328125
5 0.24464487083333333 0.30703125 0.25084554583333335 0.31015625 0.25197294166666667 0.3125 0.2598647125 0.3109375 0.2621195041666667 0.307421875 0.26042841041666664 0.30234375 0.2401352875 0.29296875 0.23280721458333334 0.293359375 0.22886133125 0.298046875 0.22886133125 0.303125 0.23224351666666668 0.307421875 0.23562570416666664 0.305859375 0.24464487083333333 0.30703125
7 0.0890642625 0.323046875 0.09808342708333333 0.31796875 0.10372040625 0.30625 0.10259301041666666 0.287109375 0.09582863541666667 0.271875 0.08793686666666667 0.26328125 0.08286358541666666 0.26328125 0.07158962708333334 0.27421875 0.060315670833333335 0.28984375 0.05749718125 0.298046875 0.05749718125 0.325 0.060315670833333335 0.330859375 0.06820744166666667 0.33046875 0.0890642625 0.323046875
7 0.10710259375 0.4171875 0.11104847708333333 0.4125 0.11161217500000001 0.4 0.10992108333333334 0.39609375 0.10315670833333333 0.390625 0.09751972916666667 0.390625 0.08793686666666667 0.39453125 0.08117249166666667 0.40078125 0.08117249166666667 0.40859375 0.09131905208333334 0.421875 0.09921082291666666 0.42109375 0.10710259375 0.4171875
4 0.6578354 0.4484375 0.6741826375 0.43984375 0.7328072145833333 0.402734375 0.74182638125 0.393359375 0.7435174750000001 0.383984375 0.7406989854166667 0.381640625 0.7373167979166666 0.38203125 0.6933483645833333 0.400390625 0.6550169104166667 0.410546875 0.6189402479166667 0.41015625 0.6172491541666666 0.411328125 0.6161217583333334 0.425390625 0.6189402479166667 0.437890625 0.6459977458333334 0.44765625 0.6578354 0.4484375
7 0.09075535416666666 0.483984375 0.09582863541666667 0.479296875 0.09751972916666667 0.47421875 0.09751972916666667 0.453125 0.09244644791666666 0.4515625 0.0822998875 0.454296875 0.07158962708333334 0.46015625 0.06708004583333334 0.466015625 0.06764374375 0.47421875 0.0755355125 0.484375 0.08004509583333334 0.4875 0.09075535416666666 0.483984375
7 0.15163472291666666 0.549609375 0.16178128541666667 0.539453125 0.1600901916666667 0.525 0.15783540000000001 0.52265625 0.15219842083333335 0.523828125 0.13416008958333334 0.53203125 0.12908681041666667 0.5375 0.1313416 0.5484375 0.1347237875 0.55390625 0.13866967291666665 0.55546875 0.15163472291666666 0.549609375
5 0 0.605078125 0.0163472375 0.614453125 0.025930102083333333 0.61484375 0.032694475 0.6109375 0.034949266666666666 0.60703125 0.034949266666666666 0.598828125 0.031567079166666664 0.591796875 0.02142051875 0.5828125 0.00845546875 0.577734375 0.0022547916666666667 0.576953125 0 0.576953125 0 0.605078125
3 0.11612175833333334 0.17578125 0.12683201875 0.171875 0.1285231125 0.16875 0.12739571666666666 0.162109375 0.11104847708333333 0.146875 0.10597519791666667 0.14609375 0.09808342708333333 0.15078125 0.09921082291666666 0.1609375 0.10710259375 0.1734375 0.11104847708333333 0.17578125 0.11612175833333334 0.17578125
3 0.22153325833333334 0 0.22096956041666665 0.001953125 0.20462232291666668 0.00703125 0.20293122916666664 0.0125 0.21476888333333333 0.02890625 0.2136414875 0.033203125 0.24069898541666665 0.036328125 0.24802705833333333 0.034375 0.26042841041666664 0.02265625 0.2660653895833333 0.0125 0.26775648333333335 0.00390625 0.26550169166666665 0 0.22153325833333334 0
9 0.7739571583333333 0.644140625 0.77452085625 0.63671875 0.7688838791666667 0.6328125 0.75817361875 0.634765625 0.75479143125 0.63828125 0.7553551291666667 0.644140625 0.7609921083333333 0.64765625 0.7688838791666667 0.64765625 0.7739571583333333 0.644140625
9 0.6967305520833332 0.561328125 0.69729425 0.55625 0.6933483645833333 0.55234375 0.6865839916666666 0.5515625 0.6798196166666667 0.554296875 0.6775648249999999 0.557421875 0.6820744083333333 0.5640625 0.6888387833333333 0.56484375 0.6967305520833332 0.561328125
9 0.9543404729166666 0.605859375 0.9532130770833334 0.60234375 0.94250281875 0.599609375 0.9379932354166667 0.60078125 0.9346110479166666 0.603515625 0.9351747458333333 0.611328125 0.9396843291666667 0.613671875 0.94926719375 0.614453125 0.9543404729166666 0.605859375
1 0.3229988729166667 0.11640625 0.3359639229166667 0.110546875 0.33878241249999996 0.105859375 0.33821871458333336 0.099609375 0.32976324791666667 0.0875 0.32468996666666666 0.0859375 0.30721533333333334 0.0875 0.30270575 0.09296875 0.30270575 0.10703125 0.30721533333333334 0.113671875 0.31397970625 0.11640625 0.3229988729166667 0.11640625
1 0.41037203958333335 0.199609375 0.4205186020833333 0.19609375 0.4250281854166667 0.191796875 0.42559188333333337 0.18125 0.42220969583333334 0.174609375 0.41826381041666666 0.17109375 0.40868094791666665 0.169921875 0.39740698958333337 0.17109375 0.3923337083333333 0.173828125 0.38951522083333334 0.180078125 0.39007891666666666 0.191796875 0.3934611041666667 0.19609375 0.4002254791666667 0.19921875 0.41037203958333335 0.199609375
1 0.8788049604166667 0.19453125 0.88331454375 0.19296875 0.8906426145833334 0.18671875 0.89289740625 0.17890625 0.8917700104166666 0.168359375 0.8895152208333333 0.16484375 0.8850056375 0.1625 0.8714768875 0.16171875 0.8624577229166667 0.1640625 0.85682074375 0.16796875 0.8517474625 0.1765625 0.8517474625 0.18515625 0.8590755354166667 0.192578125 0.8669673062500001 0.1953125 0.8788049604166667 0.19453125
1 0.9148816229166666 0.087109375 0.9244644875 0.087109375 0.93404735 0.084765625 0.93912063125 0.08125 0.9430665166666666 0.074609375 0.94250281875 0.06015625 0.9396843291666667 0.055859375 0.9329199541666667 0.052734375 0.9239007895833333 0.052734375 0.9114994354166667 0.05546875 0.9024802708333334 0.067578125 0.901352875 0.07734375 0.9030439687499999 0.08046875 0.9075535520833333 0.084765625 0.9148816229166666 0.087109375
1 0.11330326874999999 0.353125 0.11724915416666667 0.35078125 0.12344983125 0.341796875 0.12401352916666666 0.334765625 0.12119503958333334 0.329296875 0.11330326874999999 0.323828125 0.10653889583333333 0.322265625 0.09582863541666667 0.323046875 0.09188275 0.32578125 0.09188275 0.334765625 0.1020293125 0.34921875 0.1054115 0.352734375 0.11330326874999999 0.353125
1 0.07440811666666666 0.21171875 0.08173618958333333 0.20703125 0.08455467916666667 0.202734375 0.08680947083333333 0.19609375 0.08511837708333332 0.189453125 0.07948139791666667 0.184765625 0.07046223125000001 0.18046875 0.061443066666666664 0.18046875 0.05636978541666667 0.184765625 0.05636978541666667 0.1921875 0.06313416041666667 0.205859375 0.06820744166666667 0.210546875 0.07440811666666666 0.21171875
9 0.20236753125 0.539453125 0.20574971875 0.533203125 0.20293122916666664 0.527734375 0.1978579479166667 0.526171875 0.19222096875 0.529296875 0.19165727083333334 0.533203125 0.19447576041666667 0.538671875 0.1978579479166667 0.540234375 0.20236753125 0.539453125
9 0.17023675208333333 0.55078125 0.1679819625 0.542578125 0.1612175875 0.540625 0.15839909791666665 0.54453125 0.1600901916666667 0.551171875 0.164599775 0.55390625 0.1679819625 0.553125 0.17023675208333333 0.55078125
9 0.34667418333333333 0.63984375 0.3483652770833333 0.634375 0.3455467875 0.630859375 0.33483652708333334 0.629296875 0.3314543395833333 0.632421875 0.3314543395833333 0.637109375 0.33483652708333334 0.640234375 0.34441939166666663 0.641015625 0.34667418333333333 0.63984375
9 0.2790304395833333 0.58515625 0.27677564791666665 0.577734375 0.27001127291666666 0.576171875 0.26493799375 0.57890625 0.26493799375 0.58515625 0.26775648333333335 0.58828125 0.27621195000000004 0.58828125 0.2790304395833333 0.58515625