5 0.028950447916666667 0.251953125 0.04944741666666667 0.2703125 0.05881745833333333 0.27109375 0.06408810833333332 0.265625 0.06643061875 0.25703125 0.043591139583333334 0.226953125 0.03304983958333333 0.2015625 0.028950447916666667 0.20078125 0.0107959875 0.20859375 0.01196724375 0.226171875 0.028950447916666667 0.251953125
4 0.9476742020833334 0.315625 0.8924197729166666 0.328125 0.8212156125 0.35546875 0.7978606479166667 0.358984375 0.7853287166666667 0.36328125 0.78418945 0.365625 0.7893161479166667 0.370703125 0.8007088145833333 0.37265625 0.9226103375 0.359375 0.9374208020833333 0.35 0.9562187000000001 0.33359375 0.9835610979166667 0.3140625 0.98413073125 0.310546875 0.9795736645833333 0.30625 0.9727380645833333 0.30625 0.9613454 0.31171875 0.9476742020833334 0.315625
4 0.7731107375 0.455859375 0.7383071333333333 0.46328125 0.69808329375 0.464453125 0.672123225 0.46328125 0.6686999208333333 0.478515625 0.6629944104166667 0.48984375 0.6641355125 0.49296875 0.7132028916666666 0.5203125 0.7360249291666666 0.52890625 0.7788162479166666 0.498046875 0.8347302395833334 0.462109375 0.8364418916666666 0.447265625 0.8347302395833334 0.445703125 0.82959528125 0.445703125 0.8153315062500001 0.45 0.7731107375 0.455859375
7 0.6751672270833333 0.606640625 0.6774790958333334 0.603515625 0.67574519375 0.55625 0.6711214562500001 0.55390625 0.6670756854166666 0.555078125 0.66360788125 0.565625 0.6555163395833333 0.57578125 0.6323976479166666 0.5921875 0.6243061083333333 0.6 0.6063891229166667 0.612109375 0.5930958749999999 0.618359375 0.59540774375 0.621484375 0.60060945 0.622265625 0.62257220625 0.619140625 0.6445349625 0.6125 0.6716994229166667 0.60859375 0.6751672270833333 0.606640625
7 0.27643739375000004 0.51875 0.27175946041666665 0.519140625 0.26532730416666667 0.53359375 0.24778505416666666 0.554296875 0.23609022083333334 0.575390625 0.2255648729166667 0.588671875 0.22673435625000002 0.594921875 0.23199702916666667 0.596875 0.23959867083333333 0.59375 0.2559714375 0.581640625 0.27585265208333337 0.574609375 0.27819161875000004 0.571875 0.27760687708333337 0.568359375 0.2805305854166667 0.565234375 0.28170006875000003 0.558984375 0.28345429375000003 0.525 0.28170006875000003 0.521484375 0.27643739375000004 0.51875
8 0.37334695208333335 0.349609375 0.3607334104166667 0.33984375 0.35499997916666665 0.3375 0.34238643541666663 0.33359375 0.32633283541666663 0.33125 0.31314594583333333 0.33125 0.29881237499999996 0.33359375 0.2850521458333333 0.340625 0.27817202916666667 0.346484375 0.27186525625 0.35390625 0.26727851458333335 0.3640625 0.26727851458333335 0.37890625 0.27243860000000003 0.390234375 0.27817202916666667 0.397265625 0.29135891458333335 0.406640625 0.30569248958333334 0.41171875 0.34353312291666666 0.41875 0.3658934958333333 0.41796875 0.3727736104166667 0.416015625 0.3848138125 0.40703125 0.3911205833333333 0.392578125 0.3865338416666667 0.369921875 0.37334695208333335 0.349609375
8 0.27208975625 0.39765625 0.26576453333333333 0.388671875 0.2565642083333333 0.38046875 0.235863475 0.367578125 0.22666315208333332 0.364453125 0.2128626625 0.362890625 0.20136225624999998 0.365625 0.19158691041666664 0.37265625 0.17951148541666667 0.38828125 0.17203622083333334 0.41015625 0.17088617916666668 0.43203125 0.17433630208333334 0.446875 0.18008650625 0.455078125 0.18526168958333333 0.45859375 0.19503703333333336 0.459765625 0.20596242083333335 0.458984375 0.2283882125 0.452734375 0.25771424791666664 0.437890625 0.27208975625 0.4265625 0.27668991875 0.412109375 0.2761148979166667 0.40546875 0.27208975625 0.39765625
8 0.283954475 0.4578125 0.27646126041666663 0.44765625 0.26781524375000004 0.44296875 0.25513441875000004 0.4421875 0.24014799166666664 0.4484375 0.22631436458333332 0.45703125 0.21478634166666666 0.470703125 0.20095271458333333 0.477734375 0.1928831 0.4875 0.19230669791666666 0.50234375 0.19576510416666668 0.513671875 0.20556392499999998 0.531640625 0.21709194583333333 0.54140625 0.22400876041666665 0.5421875 0.23611318333333334 0.539453125 0.258016425 0.526171875 0.2695444479166667 0.515625 0.28222527291666666 0.4953125 0.28683648125 0.480078125 0.28683648125 0.468359375 0.283954475 0.4578125
11 0.6975004791666667 0.783203125 0.6600190229166666 0.7984375 0.6577124708333333 0.80078125 0.6479096291666667 0.80234375 0.6225375645833334 0.8125 0.6173478229166667 0.81640625 0.6167711854166666 0.818359375 0.6219609270833334 0.82265625 0.64214325 0.8296875 0.6617489354166667 0.840234375 0.6663620375 0.840234375 0.7032668583333332 0.85625 0.7061500479166667 0.856640625 0.7084566 0.855078125 0.709609875 0.8203125 0.7061500479166667 0.7875 0.7026902208333333 0.783203125 0.6975004791666667 0.783203125
5 0.1036176 0.63984375 0.10071372916666667 0.621484375 0.09664830833333334 0.614453125 0.06005952291666667 0.609765625 0.057736425 0.611328125 0.05715565208333333 0.6234375 0.06064029791666667 0.63828125 0.061801845833333334 0.665234375 0.05425177916666667 0.67890625 0.04379784166666667 0.689453125 0.036247774999999996 0.69375 0.033343902083333335 0.6984375 0.033924677083333334 0.719921875 0.035667 0.724609375 0.04321706666666667 0.7328125 0.050186358333333334 0.734375 0.06412494375 0.733984375 0.08503282083333333 0.73125 0.08735591875 0.728125 0.08561359583333333 0.715625 0.08851746875000001 0.69921875 0.10013295416666666 0.67734375 0.104198375 0.66328125 0.1036176 0.63984375
5 0.082424925 0.5875 0.09086700833333333 0.59296875 0.09508805 0.59296875 0.09930909375000001 0.591796875 0.10413314166666666 0.583203125 0.11317823125 0.57890625 0.11378123750000001 0.5734375 0.10835418541666667 0.569921875 0.10353013541666667 0.569140625 0.08664596666666666 0.575 0.08182191875 0.5796875 0.082424925 0.5875
10 0.13642450208333334 0.497265625 0.13885659791666666 0.49765625 0.15709732083333333 0.491015625 0.15831336875 0.4859375 0.14980103333333333 0.478125 0.13885659791666666 0.478515625 0.13216833125 0.48203125 0.12973623541666665 0.48515625 0.12973623541666665 0.491015625 0.13642450208333334 0.497265625
2 0.5832721416666666 0.824609375 0.5960406458333334 0.823828125 0.5996887916666667 0.817578125 0.5966486708333334 0.812109375 0.5881363354166667 0.809765625 0.58205609375 0.81171875 0.57293573125 0.81875 0.5711116583333333 0.823046875 0.5753678270833333 0.82734375 0.5832721416666666 0.824609375
5 0.41778584166666666 0.7375 0.4189680625 0.74375 0.42665249375 0.746875 0.43374581458333333 0.744921875 0.456208 0.744921875 0.4597546625 0.744140625 0.4627102125 0.741015625 0.4591635520833333 0.736328125 0.4508880083333333 0.7359375 0.44438579791666666 0.73359375 0.43551914583333334 0.7265625 0.4301991541666667 0.726953125 0.41778584166666666 0.7375
7 0.5299617145833333 0.129296875 0.5347445229166666 0.1359375 0.5461036895833333 0.142578125 0.5568650041666667 0.142578125 0.5604521104166668 0.1390625 0.56643061875 0.119921875 0.5652349166666667 0.108203125 0.5574628541666667 0.105078125 0.5467015395833333 0.10703125 0.5353423729166666 0.11328125 0.5299617145833333 0.120703125 0.5299617145833333 0.129296875
3 0.47011420833333334 0.16171875 0.4630689375 0.166015625 0.45895919375 0.17109375 0.45837208749999997 0.173828125 0.46659157291666664 0.184375 0.4660044666666667 0.196875 0.4695271020833333 0.198828125 0.49066292083333335 0.196875 0.5065147875 0.18984375 0.51062453125 0.185546875 0.5088632125 0.181640625 0.49829530208333334 0.17421875 0.49183713333333334 0.16484375 0.485966075 0.1609375 0.47011420833333334 0.16171875
7 0.5222867458333333 0.26328125 0.5140879583333333 0.258984375 0.51115981875 0.259765625 0.5017897770833334 0.255859375 0.4801215541666667 0.254296875 0.4719227645833334 0.255859375 0.4713371375 0.26015625 0.47895029791666666 0.26953125 0.47719341458333336 0.28125 0.47895029791666666 0.286328125 0.48890596875000003 0.291796875 0.50120415 0.294921875 0.5105741916666667 0.295703125 0.51877298125 0.294140625 0.5222867458333333 0.291796875 0.52697176875 0.283203125 0.5252148854166667 0.26796875 0.5222867458333333 0.26328125
5 0.22781966458333333 0.298046875 0.22781966458333333 0.303125 0.23141371458333332 0.307421875 0.23500776666666667 0.305859375 0.24459190416666668 0.30703125 0.25118099791666665 0.31015625 0.25237901458333334 0.3125 0.2607651354166667 0.3109375 0.26316117083333335 0.307421875 0.26136414583333334 0.30234375 0.23979983541666666 0.29296875 0.23201272291666666 0.293359375 0.22781966458333333 0.298046875
7 0.059401037500000003 0.28984375 0.05645551458333333 0.298046875 0.05645551458333333 0.325 0.059401037500000003 0.330859375 0.06764849791666668 0.33046875 0.08944536041666667 0.323046875 0.09887102916666667 0.31796875 0.10476207291666667 0.30625 0.10358386458333334 0.287109375 0.09651461041666667 0.271875 0.08826715208333333 0.26328125 0.08296521041666667 0.26328125 0.07118312291666666 0.27421875 0.059401037500000003 0.28984375
7 0.08013082499999999 0.40859375 0.09097182916666666 0.421875 0.099403725 0.42109375 0.10783561875 0.4171875 0.11205156250000001 0.4125 0.11265384166666667 0.4 0.11084701041666666 0.39609375 0.10361967083333333 0.390625 0.09759688958333333 0.390625 0.0873581625 0.39453125 0.08013082499999999 0.40078125 0.08013082499999999 0.40859375
4 0.6546113062500001 0.410546875 0.6179446729166667 0.41015625 0.6162259250000001 0.411328125 0.6150800916666667 0.425390625 0.6179446729166667 0.437890625 0.6454446479166667 0.44765625 0.6574758875000001 0.4484375 0.6740904541666667 0.43984375 0.7336737333333333 0.402734375 0.74284039375 0.393359375 0.7445591416666667 0.383984375 0.7416945604166667 0.381640625 0.7382570625 0.38203125 0.6935696041666667 0.400390625 0.6546113062500001 0.410546875
7 0.06664065833333334 0.47421875 0.07507255 0.484375 0.079890775 0.4875 0.09133405833333333 0.483984375 0.09675456041666666 0.479296875 0.09856139583333333 0.47421875 0.09856139583333333 0.453125 0.09314089166666667 0.4515625 0.0822998875 0.454296875 0.07085660208333334 0.46015625 0.06603837916666667 0.466015625 0.06664065833333334 0.47421875
7 0.13404131666666666 0.55390625 0.1382386375 0.55546875 0.15202983750000001 0.549609375 0.16282295208333333 0.539453125 0.1610241 0.525 0.15862562916666667 0.52265625 0.15262945625000002 0.523828125 0.13344169791666666 0.53203125 0.12804514375 0.5375 0.13044361041666666 0.5484375 0.13404131666666666 0.55390625
5 0 0.6056419046875 0.016280033333333332 0.614453125 0.026434135416666667 0.61484375 0.033601733333333335 0.6109375 0.035990933333333336 0.60703125 0.035990933333333336 0.598828125 0.03240713333333333 0.591796875 0.021655733333333333 0.5828125 0.007917835416666666 0.577734375 0.0013475333333333333 0.576953125 0 0.576953125 0 0.6056419046875
3 0.10667821041666666 0.1734375 0.11089415625 0.17578125 0.11631466041666667 0.17578125 0.12775794375 0.171875 0.12956477916666667 0.16875 0.12836022291666666 0.162109375 0.11089415625 0.146875 0.10547365416666667 0.14609375 0.09704176041666666 0.15078125 0.09824631666666667 0.1609375 0.10667821041666666 0.1734375
3 0.22108941875000002 0 0.22050760416666665 0.001953125 0.2036350041666667 0.00703125 0.20188956249999998 0.0125 0.21410765208333335 0.02890625 0.21294402291666667 0.033203125 0.2408710875 0.036328125 0.24843466666666666 0.034375 0.26123457083333335 0.02265625 0.26705270833333333 0.0125 0.26879815 0.00390625 0.26647089375 0 0.22108941875000002 0
9 0.7749393020833334 0.644140625 0.7755625229166667 0.63671875 0.7693303083333334 0.6328125 0.7574890958333333 0.634765625 0.7537497645833333 0.63828125 0.7543729854166668 0.644140625 0.7606052041666668 0.64765625 0.7693303083333334 0.64765625 0.7749393020833334 0.644140625
9 0.6977126958333333 0.561328125 0.6983359166666666 0.55625 0.6939733645833334 0.55234375 0.68649470625 0.5515625 0.6790160458333333 0.554296875 0.6765231583333333 0.557421875 0.68150893125 0.5640625 0.68898759375 0.56484375 0.6977126958333333 0.561328125
9 0.9553821395833333 0.605859375 0.9541356958333334 0.60234375 0.9422944854166667 0.599609375 0.9373087125 0.60078125 0.93356938125 0.603515625 0.9341926020833333 0.611328125 0.9391783770833333 0.613671875 0.9497731458333334 0.614453125 0.9553821395833333 0.605859375
1 0.30166408333333333 0.10703125 0.30643408333333333 0.113671875 0.31358908125 0.11640625 0.32312908125 0.11640625 0.3368428291666667 0.110546875 0.3398240791666666 0.105859375 0.3392278291666667 0.099609375 0.33028408125000003 0.0875 0.32491783124999996 0.0859375 0.30643408333333333 0.0875 0.30166408333333333 0.09296875 0.30166408333333333 0.10703125
1 0.39145480208333333 0.173828125 0.3884735541666667 0.180078125 0.3890698020833333 0.191796875 0.39264730208333337 0.19609375 0.39980230208333334 0.19921875 0.4105348 0.199609375 0.4212673 0.19609375 0.4260373 0.191796875 0.42663355000000003 0.18125 0.42305604999999996 0.174609375 0.4188823 0.17109375 0.4087460520833333 0.169921875 0.39682105208333335 0.17109375 0.39145480208333333 0.173828125
1 0.86195829375 0.1640625 0.8560359270833333 0.16796875 0.8507057958333333 0.1765625 0.8507057958333333 0.18515625 0.8584048729166667 0.192578125 0.8666961875 0.1953125 0.8791331562500001 0.19453125 0.88387105 0.19296875 0.891570125 0.18671875 0.8939390729166666 0.17890625 0.8927546 0.168359375 0.8903856541666666 0.16484375 0.8856477604166667 0.1625 0.8714340791666667 0.16171875 0.86195829375 0.1640625
1 0.92398525 0.052734375 0.910964525 0.05546875 0.9014949104166666 0.067578125 0.9003112083333333 0.07734375 0.9020867625 0.08046875 0.9068215708333334 0.084765625 0.91451563125 0.087109375 0.9245771 0.087109375 0.9346385666666667 0.084765625 0.939965225 0.08125 0.9441081833333332 0.074609375 0.94351633125 0.06015625 0.9405570770833334 0.055859375 0.9334548645833334 0.052734375 0.92398525 0.052734375
1 0.09084108333333334 0.32578125 0.09084108333333334 0.334765625 0.10164553958333333 0.34921875 0.10524702708333335 0.352734375 0.11365049166666667 0.353125 0.117852225 0.35078125 0.12445494791666666 0.341796875 0.12505519583333333 0.334765625 0.12205395833333334 0.329296875 0.11365049166666667 0.323828125 0.10644752083333334 0.322265625 0.09504281666666667 0.323046875 0.09084108333333334 0.32578125
1 0.05532811875 0.184765625 0.05532811875 0.1921875 0.06255545625 0.205859375 0.06797596041666668 0.210546875 0.07460101875 0.21171875 0.08243063333333334 0.20703125 0.085442025 0.202734375 0.0878511375 0.19609375 0.08604430208333333 0.189453125 0.08002152083333333 0.184765625 0.07038507083333333 0.18046875 0.06074862291666667 0.18046875 0.05532811875 0.184765625
9 0.20290919791666667 0.539453125 0.20679138541666667 0.533203125 0.20355622916666669 0.527734375 0.19773294791666668 0.526171875 0.1912626354166667 0.529296875 0.19061560416666667 0.533203125 0.19385076041666668 0.538671875 0.19773294791666668 0.540234375 0.20290919791666667 0.539453125
9 0.16862680416666667 0.542578125 0.16067195208333332 0.540625 0.15735743124999998 0.54453125 0.15934614375 0.551171875 0.16464937916666667 0.55390625 0.16862680416666667 0.553125 0.17127841875 0.55078125 0.16862680416666667 0.542578125
9 0.3475075166666667 0.63984375 0.34940694375 0.634375 0.34624123125 0.630859375 0.33421152708333335 0.629296875 0.33041267291666665 0.632421875 0.33041267291666665 0.637109375 0.33421152708333335 0.640234375 0.34497494791666666 0.641015625 0.3475075166666667 0.63984375
9 0.27748398124999996 0.577734375 0.26971960624999997 0.576171875 0.2638963270833333 0.57890625 0.2638963270833333 0.58515625 0.2671314833333333 0.58828125 0.27683694999999997 0.58828125 0.28007210624999995 0.58515625 0.27748398124999996 0.577734375