5 0.8617226375 0.8935795953125 0.9104633083333333 0.9102902374999999 0.9299595770833334 0.9067722078125 0.9364583333333333 0.8979771328125 0.93483364375 0.88830255 0.915337375 0.87423043125 0.8552238812499999 0.8575197890625 0.8357276124999999 0.8575197890625 0.8276041666666667 0.8636763406249999 0.82922885625 0.876868953125 0.8617226375 0.8935795953125
4 0.5565814395833333 0.76693051875 0.52675189375 0.7590149515625 0.4886363645833333 0.7546174140625 0.4869791666666667 0.759894459375 0.50686553125 0.77132805625 0.5466382583333333 0.7766051015625 0.5598958333333334 0.7722075640625 0.5565814395833333 0.76693051875
8 0.06822916666666666 0.7326297281249999 0.07958937291666666 0.744063325 0.11691576041666667 0.7590149515625 0.1526192625 0.7554969218750001 0.17047101458333333 0.7475813546875 0.18020833333333333 0.7361477578125 0.17696256041666666 0.7185576078125 0.14450483125 0.70360598125 0.10230978333333333 0.7018469656249999 0.07796648541666666 0.708883025 0.06822916666666666 0.7176781 0.06822916666666666 0.7326297281249999
0 0.3215890520833333 0.61829375625 0.3577614375 0.6200527703125001 0.3692708333333333 0.616534740625 0.3676266333333333 0.6015831140625 0.3462520416666666 0.5699208437500001 0.31007965625 0.5690413375000001 0.2870608666666667 0.5778364109374999 0.28541666666666665 0.5866314859374999 0.2919934645833333 0.594547053125 0.3215890520833333 0.61829375625
2 0.321875 0.665787159375 0.3255208333333333 0.661389621875 0.3145833333333333 0.6561125765625 0.29635416666666664 0.6578715921875 0.3 0.6675461734375 0.321875 0.665787159375
2 0.40482954583333336 0.6851363234375001 0.4083333333333333 0.67722075625 0.396070075 0.6693051890625 0.38380681875 0.6693051890625 0.3715435604166667 0.6754617421875 0.3697916666666667 0.683377309375 0.382054925 0.69041336875 0.3925662875 0.69041336875 0.40482954583333336 0.6851363234375001
8 0.050089797916666665 0.49780123125 0.05520833333333333 0.4872471421875 0.04155890833333333 0.47581354375 0.03132183958333333 0.4740545296875 0.007435345833333333 0.48021108124999995 0.005729166666666666 0.48988566406249995 0.019378591666666667 0.500439753125 0.04155890833333333 0.5013192609375 0.050089797916666665 0.49780123125
0 0.21826923125 0.3641160953125 0.20620993541666666 0.3597185578125 0.20104166666666667 0.36147757187499996 0.20104166666666667 0.3720316625 0.2268830125 0.38610378125 0.24066506458333334 0.38610378125 0.24583333333333332 0.379067721875 0.21826923125 0.3641160953125
0 0.12038690416666667 0.2955145125 0.13356717708333335 0.30079155625 0.15333758541666667 0.302550571875 0.1813456625 0.293755496875 0.18958333333333333 0.2823219 0.16651785625 0.253298153125 0.11544430208333334 0.270888303125 0.10885416666666667 0.275285840625 0.10885416666666667 0.28408091406249997 0.12038690416666667 0.2955145125
0 0.4734166666666667 0.3623570796875 0.46822916666666664 0.370272646875 0.47860416666666666 0.3737906765625 0.5028125 0.37115215468749996 0.5114583333333333 0.364995603125 0.5045416666666667 0.35795954218750003 0.4734166666666667 0.3623570796875
0 0.5682291666666667 0.3623570796875 0.5714823708333333 0.3667546171875 0.6219070520833333 0.3667546171875 0.6658253208333333 0.3553210203125 0.6739583333333333 0.34740545312500004 0.6430528854166667 0.3491644671875 0.5682291666666667 0.3623570796875
0 0.8559959354166666 0.221635884375 0.8942708333333333 0.212840809375 0.89094258125 0.2031662265625 0.83103404375 0.20580474999999998 0.8260416666666667 0.2137203171875 0.8559959354166666 0.221635884375
0 0.7145833333333333 0.2867194375 0.7113425916666666 0.280562884375 0.6011574083333334 0.2726473171875 0.5979166666666667 0.2788038703125 0.6108796291666666 0.2858399296875 0.6659722229166667 0.29639401875 0.6870370375 0.29463500468750004 0.7145833333333333 0.2867194375
6 0.92525 0.316622690625 0.9096875 0.3175021984375 0.9010416666666666 0.3245382578125 0.9010416666666666 0.34652594531249997 0.9114166666666667 0.350043975 0.9373541666666667 0.3394898859375 0.9442708333333333 0.3245382578125 0.92525 0.316622690625
6 0.8065939458333333 0.3957783640625 0.8410573895833333 0.40105540937499995 0.8673152520833334 0.392260334375 0.8738797166666666 0.385224275 0.8755208333333333 0.3641160953125 0.8607507854166666 0.33597185625 0.8147995291666666 0.343007915625 0.7967472479166666 0.351802990625 0.7901827833333334 0.3623570796875 0.7885416666666667 0.37730870781250003 0.8065939458333333 0.3957783640625
4 0.5911684791666667 0.802990325 0.6192708333333333 0.800351803125 0.6093523541666667 0.79331574375 0.5581068833333334 0.7766051015625 0.5465353270833333 0.778364115625 0.5432291666666667 0.78452066875 0.54818840625 0.78891820625 0.5713315208333333 0.7985927875 0.5911684791666667 0.802990325
0 0.53515625 0.244503078125 0.5552083333333333 0.23131046562500002 0.5552083333333333 0.22427440625 0.5278645833333333 0.2348284953125 0.5260416666666666 0.2427440640625 0.53515625 0.244503078125
8 0.6494791666666667 0.1987686890625 0.6707765145833334 0.235708003125 0.7002651520833333 0.2594547046875 0.7215625 0.2691292875 0.7313920458333333 0.2691292875 0.7395833333333334 0.2603342125 0.7395833333333334 0.24626209375000002 0.7232007583333334 0.21723834687500002 0.6789678020833333 0.1846965703125 0.6658617416666667 0.18029903281249998 0.6527556812499999 0.1829375546875 0.6494791666666667 0.1987686890625
7 0.3697916666666667 0.45294635000000005 0.38850694375 0.46086191718749997 0.40722222291666665 0.46174142500000004 0.41913194375 0.4538258578125 0.42083333333333334 0.4467897984375 0.4157291666666667 0.42216358906250007 0.3902083333333334 0.396657871875 0.38680555624999996 0.39489885625 0.38170138958333333 0.3984168859375 0.38680555624999996 0.4314863671875 0.3697916666666667 0.45294635000000005
11 0 0.50198533125 0.015699404166666667 0.513632365625 0.03186553125 0.5215479328125 0.05773133125 0.5259454703124999 0.10461309583333334 0.5189094109375 0.12239583333333333 0.5013192609375 0.12239583333333333 0.48284960468750004 0.11916260833333332 0.46965699218749996 0.10137987083333333 0.454705365625 0.09006358125 0.4485488125 0.048031656250000006 0.4406332453125 0.022165854166666665 0.4450307828125 0.007616341666666667 0.4538258578125 0 0.4607318921875 0 0.50198533125
11 0.25638956875 0.4001759015625 0.2786458333333333 0.3957783640625 0.2738766333333333 0.383465259375 0.16577478125 0.253298153125 0.12603145416666667 0.2656112578125 0.08310866041666666 0.28759894531249997 0.0370064 0.3984168859375 0.035416666666666666 0.41160949843749994 0.051313997916666666 0.4133685140625 0.25638956875 0.4001759015625
11 0.5168259020833333 0.2629727359375 0.5660861208333333 0.2691292875 0.67731886875 0.276165346875 0.7138667729166667 0.2832014078125 0.7567708333333333 0.2832014078125 0.7567708333333333 0.2700087953125 0.6582503979166667 0.0993843453125 0.6503052020833333 0.10026385156249999 0.50888070625 0.2541776609375 0.5072916666666667 0.2594547046875 0.5168259020833333 0.2629727359375
11 1 0.0240536265625 0.9813203833333334 0.0035180296875000003 0.9717201583333334 0.0052770453125 0.8277167791666666 0.1978891828125 0.8229166666666666 0.2233948984375 0.87411786875 0.3685136328125 0.88371809375 0.392260334375 0.89171828125 0.3984168859375 0.9029185437499999 0.39401934843749997 0.9909206083333333 0.28935795937500003 1 0.2843672046875 1 0.0240536265625
0 0.15486111041666667 0.5664028140624999 0.15260416666666668 0.58311345625 0.16163194374999998 0.5866314859374999 0.16614583333333333 0.562884784375 0.15486111041666667 0.5664028140624999
11 0.32756529791666666 0.1574318375 0.25425995 0.24010554062499997 0.24947916666666667 0.2515391375 0.2574471395833334 0.253298153125 0.35943718958333337 0.2541776609375 0.3785603229166667 0.2515391375 0.40087064583333337 0.255936675 0.4534592666666667 0.255936675 0.4630208333333333 0.253298153125 0.4630208333333333 0.2453825859375 0.3610307833333334 0.12928759843749998 0.3466884333333333 0.13280562812500002 0.3371268666666667 0.1539138078125 0.32756529791666666 0.1574318375
11 0.14485643333333334 0.5364995609375 0.14010416666666667 0.648197009375 0.14960869999999998 0.6649076515625 0.14802461041666665 0.6851363234375001 0.18762683541666667 0.6912928765624999 0.3248089375 0.6912928765624999 0.4125674645833334 0.69920844375 0.44583333333333336 0.67722075625 0.44583333333333336 0.67282321875 0.31752212916666667 0.4476693046875 0.29692897291666664 0.445910290625 0.15277687916666668 0.4538258578125 0.14485643333333334 0.5364995609375