5 0.928125 0.9067722078125 0.934375 0.8979771328125 0.9328125 0.88830255 0.9140625 0.87423043125 0.85625 0.8575197890625 0.8375 0.8575197890625 0.8296875 0.8636763406249999 0.83125 0.876868953125 0.8625 0.8935795953125 0.909375 0.9102902374999999 0.928125 0.9067722078125
4 0.5578125 0.7722075640625 0.5546875 0.76693051875 0.5265625 0.7590149515625 0.490625 0.7546174140625 0.4890625 0.759894459375 0.5078125 0.77132805625 0.5453125 0.7766051015625 0.5578125 0.7722075640625
8 0.1515625 0.7554969218750001 0.16875 0.7475813546875 0.178125 0.7361477578125 0.175 0.7185576078125 0.14375 0.70360598125 0.103125 0.7018469656249999 0.0796875 0.708883025 0.0703125 0.7176781 0.0703125 0.7326297281249999 0.08125 0.744063325 0.1171875 0.7590149515625 0.1515625 0.7554969218750001
0 0.35625 0.6200527703125001 0.3671875 0.616534740625 0.365625 0.6015831140625 0.3453125 0.5699208437500001 0.3109375 0.5690413375000001 0.2890625 0.5778364109374999 0.2875 0.5866314859374999 0.29375 0.594547053125 0.321875 0.61829375625 0.35625 0.6200527703125001
2 0.3140625 0.6561125765625 0.2984375 0.6578715921875 0.3015625 0.6675461734375 0.3203125 0.665787159375 0.3234375 0.661389621875 0.3140625 0.6561125765625
2 0.403125 0.6851363234375001 0.40625 0.67722075625 0.3953125 0.6693051890625 0.384375 0.6693051890625 0.3734375 0.6754617421875 0.371875 0.683377309375 0.3828125 0.69041336875 0.3921875 0.69041336875 0.403125 0.6851363234375001
8 0.0484375 0.49780123125 0.053125 0.4872471421875 0.040625 0.47581354375 0.03125 0.4740545296875 0.009375 0.48021108124999995 0.0078125 0.48988566406249995 0.0203125 0.500439753125 0.040625 0.5013192609375 0.0484375 0.49780123125
0 0.24375 0.379067721875 0.21875 0.3641160953125 0.2078125 0.3597185578125 0.203125 0.36147757187499996 0.203125 0.3720316625 0.2265625 0.38610378125 0.2390625 0.38610378125 0.24375 0.379067721875
0 0.134375 0.30079155625 0.153125 0.302550571875 0.1796875 0.293755496875 0.1875 0.2823219 0.165625 0.253298153125 0.1171875 0.270888303125 0.1109375 0.275285840625 0.1109375 0.28408091406249997 0.121875 0.2955145125 0.134375 0.30079155625
0 0.509375 0.364995603125 0.503125 0.35795954218750003 0.475 0.3623570796875 0.4703125 0.370272646875 0.4796875 0.3737906765625 0.5015625 0.37115215468749996 0.509375 0.364995603125
0 0.671875 0.34740545312500004 0.6421875 0.3491644671875 0.5703125 0.3623570796875 0.5734375 0.3667546171875 0.621875 0.3667546171875 0.6640625 0.3553210203125 0.671875 0.34740545312500004
0 0.8890625 0.2031662265625 0.8328125 0.20580474999999998 0.828125 0.2137203171875 0.85625 0.221635884375 0.8921875 0.212840809375 0.8890625 0.2031662265625
0 0.6859375 0.29463500468750004 0.7125 0.2867194375 0.709375 0.280562884375 0.603125 0.2726473171875 0.6 0.2788038703125 0.6125 0.2858399296875 0.665625 0.29639401875 0.6859375 0.29463500468750004
6 0.9421875 0.3245382578125 0.925 0.316622690625 0.9109375 0.3175021984375 0.903125 0.3245382578125 0.903125 0.34652594531249997 0.9125 0.350043975 0.9359375 0.3394898859375 0.9421875 0.3245382578125
6 0.865625 0.392260334375 0.871875 0.385224275 0.8734375 0.3641160953125 0.859375 0.33597185625 0.815625 0.343007915625 0.7984375 0.351802990625 0.7921875 0.3623570796875 0.790625 0.37730870781250003 0.8078125 0.3957783640625 0.840625 0.40105540937499995 0.865625 0.392260334375
4 0.590625 0.802990325 0.6171875 0.800351803125 0.6078125 0.79331574375 0.559375 0.7766051015625 0.5484375 0.778364115625 0.5453125 0.78452066875 0.55 0.78891820625 0.571875 0.7985927875 0.590625 0.802990325
0 0.553125 0.22427440625 0.5296875 0.2348284953125 0.528125 0.2427440640625 0.5359375 0.244503078125 0.553125 0.23131046562500002 0.553125 0.22427440625
8 0.7203125 0.2691292875 0.7296875 0.2691292875 0.7375 0.2603342125 0.7375 0.24626209375000002 0.721875 0.21723834687500002 0.6796875 0.1846965703125 0.6671875 0.18029903281249998 0.6546875 0.1829375546875 0.6515625 0.1987686890625 0.671875 0.235708003125 0.7 0.2594547046875 0.7203125 0.2691292875
7 0.40625 0.46174142500000004 0.4171875 0.4538258578125 0.41875 0.4467897984375 0.4140625 0.42216358906250007 0.390625 0.396657871875 0.3875 0.39489885625 0.3828125 0.3984168859375 0.3875 0.4314863671875 0.371875 0.45294635000000005 0.3890625 0.46086191718749997 0.40625 0.46174142500000004
11 0 0.500439753125 0.0171875 0.513632365625 0.0328125 0.5215479328125 0.0578125 0.5259454703124999 0.103125 0.5189094109375 0.1203125 0.5013192609375 0.1203125 0.48284960468750004 0.1171875 0.46965699218749996 0.1 0.454705365625 0.0890625 0.4485488125 0.0484375 0.4406332453125 0.0234375 0.4450307828125 0.009375 0.4538258578125 0 0.46262093281250005 0 0.500439753125
11 0.2765625 0.3957783640625 0.271875 0.383465259375 0.165625 0.253298153125 0.1265625 0.2656112578125 0.084375 0.28759894531249997 0.0390625 0.3984168859375 0.0375 0.41160949843749994 0.053125 0.4133685140625 0.2546875 0.4001759015625 0.2765625 0.3957783640625
11 0.6765625 0.276165346875 0.7125 0.2832014078125 0.7546875 0.2832014078125 0.7546875 0.2700087953125 0.6578125 0.0993843453125 0.65 0.10026385156249999 0.5109375 0.2541776609375 0.509375 0.2594547046875 0.51875 0.2629727359375 0.5671875 0.2691292875 0.6765625 0.276165346875
11 0.8921875 0.3984168859375 0.903125 0.39401934843749997 0.9890625 0.28935795937500003 0.9984375 0.28408091406249997 0.9984375 0.024626209375 0.9796875 0.0035180296875000003 0.9703125 0.0052770453125 0.8296875 0.1978891828125 0.825 0.2233948984375 0.875 0.3685136328125 0.884375 0.392260334375 0.8921875 0.3984168859375
0 0.15625 0.5664028140624999 0.1546875 0.58311345625 0.1609375 0.5866314859374999 0.1640625 0.562884784375 0.15625 0.5664028140624999
11 0.378125 0.2515391375 0.4 0.255936675 0.4515625 0.255936675 0.4609375 0.253298153125 0.4609375 0.2453825859375 0.3609375 0.12928759843749998 0.346875 0.13280562812500002 0.3375 0.1539138078125 0.328125 0.1574318375 0.25625 0.24010554062499997 0.2515625 0.2515391375 0.259375 0.253298153125 0.359375 0.2541776609375 0.378125 0.2515391375
11 0.1890625 0.6912928765624999 0.32437499999999997 0.6912928765624999 0.4109375 0.69920844375 0.44375 0.67722075625 0.44375 0.67282321875 0.3171875 0.4476693046875 0.296875 0.445910290625 0.1546875 0.4538258578125 0.146875 0.5364995609375 0.1421875 0.648197009375 0.1515625 0.6649076515625 0.15 0.6851363234375001 0.1890625 0.6912928765624999