5 0.928125 0.9067722080078126 0.934375 0.8979771328125 0.9328125 0.88830255078125 0.9140625 0.8742304306640625 0.85625 0.8575197890625 0.8375 0.8575197890625 0.8296875 0.8636763408203125 0.83125 0.876868953125 0.8625 0.893579595703125 0.909375 0.9102902373046875 0.928125 0.9067722080078126
4 0.5578124999999999 0.7722075634765625 0.5546875 0.7669305185546875 0.5265624999999999 0.759014951171875 0.490625 0.7546174140625 0.4890625 0.759894458984375 0.5078125 0.771328056640625 0.5453125 0.7766051015625 0.5578124999999999 0.7722075634765625
8 0.15156250000000002 0.755496921875 0.16875 0.7475813544921875 0.178125 0.7361477568359375 0.175 0.718557607421875 0.14375000000000002 0.70360598046875 0.103125 0.7018469658203125 0.07968750000000001 0.708883025390625 0.0703125 0.7176781005859375 0.0703125 0.7326297275390625 0.08125 0.74406332421875 0.1171875 0.759014951171875 0.15156250000000002 0.755496921875
0 0.35625 0.6200527705078125 0.3671875 0.616534740234375 0.365625 0.60158311328125 0.3453125 0.5699208447265625 0.31093750000000003 0.5690413369140624 0.2890625 0.5778364111328125 0.28750000000000003 0.586631486328125 0.29375 0.5945470537109375 0.32187499999999997 0.618293755859375 0.35625 0.6200527705078125
2 0.31406249999999997 0.6561125771484375 0.29843749999999997 0.657871591796875 0.3015625 0.667546173828125 0.3203125 0.6657871591796874 0.3234375 0.6613896220703125 0.31406249999999997 0.6561125771484375
2 0.403125 0.6851363232421875 0.40625 0.6772207568359375 0.3953125 0.669305189453125 0.384375 0.669305189453125 0.3734375 0.6754617412109375 0.371875 0.68337730859375 0.3828125 0.6904133681640625 0.3921875 0.6904133681640625 0.403125 0.6851363232421875
8 0.0484375 0.4978012314453125 0.053125 0.4872471416015625 0.040625 0.4758135439453125 0.03125 0.474054529296875 0.009375 0.48021108203125 0.0078125 0.4898856640625 0.0203125 0.50043975390625 0.040625 0.5013192607421875 0.0484375 0.4978012314453125
0 0.24375 0.3790677216796875 0.21875 0.3641160947265625 0.2078125 0.3597185576171875 0.203125 0.361477572265625 0.203125 0.372031662109375 0.2265625 0.3861037822265625 0.2390625 0.3861037822265625 0.24375 0.3790677216796875
0 0.134375 0.300791556640625 0.15312499999999998 0.3025505712890625 0.1796875 0.2937554970703125 0.1875 0.2823218994140625 0.165625 0.2532981533203125 0.1171875 0.270888302734375 0.1109375 0.27528583984375 0.1109375 0.2840809150390625 0.121875 0.29551451171875 0.134375 0.300791556640625
0 0.509375 0.3649956025390625 0.5031249999999999 0.35795954296875 0.475 0.362357080078125 0.4703125 0.3702726474609375 0.4796875 0.3737906767578125 0.5015625 0.3711521552734375 0.509375 0.3649956025390625
0 0.671875 0.347405453125 0.6421875 0.3491644677734375 0.5703125 0.362357080078125 0.5734374999999999 0.3667546171875 0.6218750000000001 0.3667546171875 0.6640625 0.3553210205078125 0.671875 0.347405453125
0 0.8890625 0.2031662265625 0.8328125 0.2058047490234375 0.828125 0.21372031640625 0.85625 0.2216358837890625 0.8921875 0.2128408095703125 0.8890625 0.2031662265625
0 0.6859375 0.2946350048828125 0.7125 0.2867194375 0.709375 0.280562884765625 0.603125 0.2726473173828125 0.6 0.2788038701171875 0.6124999999999999 0.2858399296875 0.665625 0.29639401953125 0.6859375 0.2946350048828125
6 0.9421875 0.3245382587890625 0.925 0.31662269140625 0.9109375 0.31750219921875 0.903125 0.3245382587890625 0.903125 0.3465259453125 0.9125 0.3500439755859375 0.9359375 0.3394898857421875 0.9421875 0.3245382587890625
6 0.865625 0.392260333984375 0.871875 0.3852242744140625 0.8734375 0.3641160947265625 0.859375 0.33597185546875 0.815625 0.343007916015625 0.7984375 0.351802990234375 0.7921875 0.362357080078125 0.790625 0.37730870703125 0.8078125 0.3957783642578125 0.840625 0.4010554091796875 0.865625 0.392260333984375
4 0.5906250000000001 0.8029903251953125 0.6171875 0.800351802734375 0.6078125 0.7933157431640625 0.5593750000000001 0.7766051015625 0.5484375 0.7783641162109375 0.5453125 0.78452066796875 0.5499999999999999 0.7889182060546875 0.571875 0.7985927880859375 0.5906250000000001 0.8029903251953125
0 0.553125 0.22427440625 0.5296875 0.23482849609375 0.5281250000000001 0.2427440634765625 0.5359375000000001 0.244503078125 0.553125 0.2313104658203125 0.553125 0.22427440625
8 0.7203125 0.2691292880859375 0.7296875 0.2691292880859375 0.7375 0.260334212890625 0.7375 0.2462620927734375 0.721875 0.2172383466796875 0.6796875 0.1846965703125 0.6671875 0.1802990322265625 0.6546875 0.1829375546875 0.6515624999999999 0.198768689453125 0.671875 0.23570800390625 0.7 0.259454705078125 0.7203125 0.2691292880859375
7 0.40625 0.4617414248046875 0.4171875 0.453825857421875 0.41875 0.4467897978515625 0.4140625 0.4221635888671875 0.390625 0.3966578720703125 0.3875 0.3948988564453125 0.3828125 0.39841688671875 0.3875 0.4314863671875 0.371875 0.452946349609375 0.3890625 0.4608619169921875 0.40625 0.4617414248046875
11 0 0.50043975390625 0.017187499999999998 0.5136323662109376 0.0328125 0.52154793359375 0.0578125 0.525945470703125 0.103125 0.5189094111328125 0.1203125 0.5013192607421875 0.1203125 0.4828496044921875 0.1171875 0.4696569921875 0.1 0.454705365234375 0.0890625 0.4485488125 0.0484375 0.4406332451171875 0.0234375 0.445030783203125 0.009375 0.453825857421875 0 0.4626209326171875 0 0.50043975390625
11 0.2765625 0.3957783642578125 0.27187500000000003 0.383465259765625 0.165625 0.2532981533203125 0.1265625 0.2656112578125 0.084375 0.2875989443359375 0.0390625 0.39841688671875 0.0375 0.4116094990234375 0.053125 0.413368513671875 0.2546875 0.4001759013671875 0.2765625 0.3957783642578125
11 0.6765625 0.27616534765625 0.7125 0.2832014072265625 0.7546875 0.2832014072265625 0.7546875 0.270008794921875 0.6578125 0.0993843447265625 0.65 0.1002638525390625 0.5109374999999999 0.25417766015625 0.509375 0.259454705078125 0.5187499999999999 0.2629727353515625 0.5671875000000001 0.2691292880859375 0.6765625 0.27616534765625
11 0.8921875 0.39841688671875 0.903125 0.394019349609375 0.9890625 0.2893579599609375 0.9984375 0.2840809150390625 0.9984375 0.024626208984375 0.9796875 0.0035180302734375 0.9703125 0.005277044921875 0.8296875 0.197889181640625 0.825 0.2233948984375 0.875 0.3685136328125 0.884375 0.392260333984375 0.8921875 0.39841688671875
0 0.15625 0.566402814453125 0.1546875 0.5831134560546875 0.16093749999999998 0.586631486328125 0.1640625 0.5628847841796875 0.15625 0.566402814453125
11 0.378125 0.2515391376953125 0.4 0.25593667578125 0.4515625 0.25593667578125 0.4609375 0.2532981533203125 0.4609375 0.2453825859375 0.3609375 0.1292875986328125 0.346875 0.13280562890625 0.3375 0.15391380859375 0.328125 0.157431837890625 0.25625000000000003 0.240105541015625 0.25156249999999997 0.2515391376953125 0.25937499999999997 0.2532981533203125 0.359375 0.25417766015625 0.378125 0.2515391376953125
11 0.1890625 0.6912928759765625 0.324375 0.6912928759765625 0.4109375 0.699208443359375 0.44375 0.6772207568359375 0.44375 0.67282321875 0.3171875 0.4476693056640625 0.296875 0.4459102900390625 0.1546875 0.453825857421875 0.146875 0.536499560546875 0.1421875 0.648197009765625 0.15156250000000002 0.6649076513671875 0.15 0.6851363232421875 0.1890625 0.6912928759765625